  4.5000000000000000e+009	 -2.4788080000000001e+001	
  4.5010000000000000e+009	 -2.4721679999999999e+001	
  4.5020000000000000e+009	 -2.4655270000000002e+001	
  4.5030000000000000e+009	 -2.4619140000000002e+001	
  4.5040000000000000e+009	 -2.4673819999999999e+001	
  4.5050000000000000e+009	 -2.4560549999999999e+001	
  4.5060000000000000e+009	 -2.4661130000000000e+001	
  4.5070000000000000e+009	 -2.4688469999999999e+001	
  4.5080000000000000e+009	 -2.4750000000000000e+001	
  4.5090000000000000e+009	 -2.4799800000000001e+001	
  4.5100000000000000e+009	 -2.4859369999999998e+001	
  4.5110000000000000e+009	 -2.4953119999999998e+001	
  4.5120000000000000e+009	 -2.5003910000000001e+001	
  4.5130000000000000e+009	 -2.5079100000000000e+001	
  4.5140000000000000e+009	 -2.5203119999999998e+001	
  4.5150000000000000e+009	 -2.5312500000000000e+001	
  4.5160000000000000e+009	 -2.5421869999999998e+001	
  4.5170000000000000e+009	 -2.5421869999999998e+001	
  4.5180000000000000e+009	 -2.5528320000000001e+001	
  4.5190000000000000e+009	 -2.5628910000000001e+001	
  4.5200000000000000e+009	 -2.5639650000000000e+001	
  4.5210000000000000e+009	 -2.5740230000000000e+001	
  4.5220000000000000e+009	 -2.5708980000000000e+001	
  4.5230000000000000e+009	 -2.5750979999999998e+001	
  4.5240000000000000e+009	 -2.5689450000000001e+001	
  4.5250000000000000e+009	 -2.5626950000000001e+001	
  4.5260000000000000e+009	 -2.5563469999999999e+001	
  4.5270000000000000e+009	 -2.5515619999999998e+001	
  4.5280000000000000e+009	 -2.5368160000000000e+001	
  4.5290000000000000e+009	 -2.5203119999999998e+001	
  4.5300000000000000e+009	 -2.4963870000000000e+001	
  4.5310000000000000e+009	 -2.4791010000000000e+001	
  4.5320000000000000e+009	 -2.4604489999999998e+001	
  4.5330000000000000e+009	 -2.4441400000000002e+001	
  4.5340000000000000e+009	 -2.4593750000000000e+001	
  4.5350000000000000e+009	 -2.5134760000000000e+001	
  4.5360000000000000e+009	 -2.6328130000000002e+001	
  4.5370000000000000e+009	 -2.7994140000000002e+001	
  4.5380000000000000e+009	 -2.9546869999999998e+001	
  4.5390000000000000e+009	 -3.0447260000000000e+001	
  4.5400000000000000e+009	 -3.0631830000000001e+001	
  4.5410000000000000e+009	 -3.0392579999999999e+001	
  4.5420000000000000e+009	 -2.9962890000000002e+001	
  4.5430000000000000e+009	 -2.9483390000000000e+001	
  4.5440000000000000e+009	 -2.9045900000000000e+001	
  4.5450000000000000e+009	 -2.8633790000000001e+001	
  4.5460000000000000e+009	 -2.8229489999999998e+001	
  4.5470000000000000e+009	 -2.7861329999999999e+001	
  4.5480000000000000e+009	 -2.7536130000000000e+001	
  4.5490000000000000e+009	 -2.7240230000000000e+001	
  4.5500000000000000e+009	 -2.6959959999999999e+001	
  4.5510000000000000e+009	 -2.6711910000000000e+001	
  4.5520000000000000e+009	 -2.6533200000000001e+001	
  4.5530000000000000e+009	 -2.6277339999999999e+001	
  4.5540000000000000e+009	 -2.6149410000000000e+001	
  4.5550000000000000e+009	 -2.5914059999999999e+001	
  4.5560000000000000e+009	 -2.5829100000000000e+001	
  4.5570000000000000e+009	 -2.5665040000000001e+001	
  4.5580000000000000e+009	 -2.5576170000000001e+001	
  4.5590000000000000e+009	 -2.5436520000000002e+001	
  4.5600000000000000e+009	 -2.5308589999999999e+001	
  4.5610000000000000e+009	 -2.5286130000000000e+001	
  4.5620000000000000e+009	 -2.5265619999999998e+001	
  4.5630000000000000e+009	 -2.5238280000000000e+001	
  4.5640000000000000e+009	 -2.5229489999999998e+001	
  4.5650000000000000e+009	 -2.5197260000000000e+001	
  4.5660000000000000e+009	 -2.5217770000000002e+001	
  4.5670000000000000e+009	 -2.5206050000000001e+001	
  4.5680000000000000e+009	 -2.5346679999999999e+001	
  4.5690000000000000e+009	 -2.5321290000000001e+001	
  4.5700000000000000e+009	 -2.5402339999999999e+001	
  4.5710000000000000e+009	 -2.5428709999999999e+001	
  4.5720000000000000e+009	 -2.5508790000000001e+001	
  4.5730000000000000e+009	 -2.5603510000000000e+001	
  4.5740000000000000e+009	 -2.5679680000000001e+001	
  4.5750000000000000e+009	 -2.5749020000000002e+001	
  4.5760000000000000e+009	 -2.5840820000000001e+001	
  4.5770000000000000e+009	 -2.5944330000000001e+001	
  4.5780000000000000e+009	 -2.5993160000000000e+001	
  4.5790000000000000e+009	 -2.6125969999999999e+001	
  4.5800000000000000e+009	 -2.6176760000000002e+001	
  4.5810000000000000e+009	 -2.6268550000000001e+001	
  4.5820000000000000e+009	 -2.6350580000000001e+001	
  4.5830000000000000e+009	 -2.6429690000000001e+001	
  4.5840000000000000e+009	 -2.6449220000000000e+001	
  4.5850000000000000e+009	 -2.6585940000000001e+001	
  4.5860000000000000e+009	 -2.6563469999999999e+001	
  4.5870000000000000e+009	 -2.6484380000000002e+001	
  4.5880000000000000e+009	 -2.6497070000000001e+001	
  4.5890000000000000e+009	 -2.6383790000000001e+001	
  4.5900000000000000e+009	 -2.6421869999999998e+001	
  4.5910000000000000e+009	 -2.6416020000000000e+001	
  4.5920000000000000e+009	 -2.6404290000000000e+001	
  4.5930000000000000e+009	 -2.6438469999999999e+001	
  4.5940000000000000e+009	 -2.6438469999999999e+001	
  4.5950000000000000e+009	 -2.6358390000000000e+001	
  4.5960000000000000e+009	 -2.6375000000000000e+001	
  4.5970000000000000e+009	 -2.6267579999999999e+001	
  4.5980000000000000e+009	 -2.6232420000000001e+001	
  4.5990000000000000e+009	 -2.6080069999999999e+001	
  4.6000000000000000e+009	 -2.6054690000000001e+001	
  4.6010000000000000e+009	 -2.5925780000000000e+001	
  4.6020000000000000e+009	 -2.5833980000000000e+001	
  4.6030000000000000e+009	 -2.5717770000000002e+001	
  4.6040000000000000e+009	 -2.5624020000000002e+001	
  4.6050000000000000e+009	 -2.5489249999999998e+001	
  4.6060000000000000e+009	 -2.5320309999999999e+001	
  4.6070000000000000e+009	 -2.5206050000000001e+001	
  4.6080000000000000e+009	 -2.5057620000000000e+001	
  4.6090000000000000e+009	 -2.4913080000000001e+001	
  4.6100000000000000e+009	 -2.4755859999999998e+001	
  4.6110000000000000e+009	 -2.4628910000000001e+001	
  4.6120000000000000e+009	 -2.4500979999999998e+001	
  4.6130000000000000e+009	 -2.4364260000000002e+001	
  4.6140000000000000e+009	 -2.4265619999999998e+001	
  4.6150000000000000e+009	 -2.4141600000000000e+001	
  4.6160000000000000e+009	 -2.3993160000000000e+001	
  4.6170000000000000e+009	 -2.3916989999999998e+001	
  4.6180000000000000e+009	 -2.3849609999999998e+001	
  4.6190000000000000e+009	 -2.3769530000000000e+001	
  4.6200000000000000e+009	 -2.3699220000000000e+001	
  4.6210000000000000e+009	 -2.3634760000000000e+001	
  4.6220000000000000e+009	 -2.3631830000000001e+001	
  4.6230000000000000e+009	 -2.3546869999999998e+001	
  4.6240000000000000e+009	 -2.3520510000000002e+001	
  4.6250000000000000e+009	 -2.3573239999999998e+001	
  4.6260000000000000e+009	 -2.3557620000000000e+001	
  4.6270000000000000e+009	 -2.3561520000000002e+001	
  4.6280000000000000e+009	 -2.3611329999999999e+001	
  4.6290000000000000e+009	 -2.3679690000000001e+001	
  4.6300000000000000e+009	 -2.3661130000000000e+001	
  4.6310000000000000e+009	 -2.3723630000000000e+001	
  4.6320000000000000e+009	 -2.3753910000000001e+001	
  4.6330000000000000e+009	 -2.3784179999999999e+001	
  4.6340000000000000e+009	 -2.3808589999999999e+001	
  4.6350000000000000e+009	 -2.3864249999999998e+001	
  4.6360000000000000e+009	 -2.3912109999999998e+001	
  4.6370000000000000e+009	 -2.3939450000000001e+001	
  4.6380000000000000e+009	 -2.3966790000000000e+001	
  4.6390000000000000e+009	 -2.3975590000000000e+001	
  4.6400000000000000e+009	 -2.3986329999999999e+001	
  4.6410000000000000e+009	 -2.3984380000000002e+001	
  4.6420000000000000e+009	 -2.3978510000000000e+001	
  4.6430000000000000e+009	 -2.3974609999999998e+001	
  4.6440000000000000e+009	 -2.3996089999999999e+001	
  4.6450000000000000e+009	 -2.3928709999999999e+001	
  4.6460000000000000e+009	 -2.3950199999999999e+001	
  4.6470000000000000e+009	 -2.3917970000000000e+001	
  4.6480000000000000e+009	 -2.3866209999999999e+001	
  4.6490000000000000e+009	 -2.3839839999999999e+001	
  4.6500000000000000e+009	 -2.3822260000000000e+001	
  4.6510000000000000e+009	 -2.3745120000000000e+001	
  4.6520000000000000e+009	 -2.3742180000000001e+001	
  4.6530000000000000e+009	 -2.3679690000000001e+001	
  4.6540000000000000e+009	 -2.3572260000000000e+001	
  4.6550000000000000e+009	 -2.3615230000000000e+001	
  4.6560000000000000e+009	 -2.3574220000000000e+001	
  4.6570000000000000e+009	 -2.3510739999999998e+001	
  4.6580000000000000e+009	 -2.3413090000000000e+001	
  4.6590000000000000e+009	 -2.3458010000000002e+001	
  4.6600000000000000e+009	 -2.3494140000000002e+001	
  4.6610000000000000e+009	 -2.3322260000000000e+001	
  4.6620000000000000e+009	 -2.3375969999999999e+001	
  4.6630000000000000e+009	 -2.3396480000000000e+001	
  4.6640000000000000e+009	 -2.3359380000000002e+001	
  4.6650000000000000e+009	 -2.3393550000000001e+001	
  4.6660000000000000e+009	 -2.3386720000000000e+001	
  4.6670000000000000e+009	 -2.3370120000000000e+001	
  4.6680000000000000e+009	 -2.3342770000000002e+001	
  4.6690000000000000e+009	 -2.3386720000000000e+001	
  4.6700000000000000e+009	 -2.3381830000000001e+001	
  4.6710000000000000e+009	 -2.3370120000000000e+001	
  4.6720000000000000e+009	 -2.3387689999999999e+001	
  4.6730000000000000e+009	 -2.3381830000000001e+001	
  4.6740000000000000e+009	 -2.3358400000000000e+001	
  4.6750000000000000e+009	 -2.3346679999999999e+001	
  4.6760000000000000e+009	 -2.3329100000000000e+001	
  4.6770000000000000e+009	 -2.3308589999999999e+001	
  4.6780000000000000e+009	 -2.3333980000000000e+001	
  4.6790000000000000e+009	 -2.3208990000000000e+001	
  4.6800000000000000e+009	 -2.3214839999999999e+001	
  4.6810000000000000e+009	 -2.3147459999999999e+001	
  4.6820000000000000e+009	 -2.3037109999999998e+001	
  4.6830000000000000e+009	 -2.2986329999999999e+001	
  4.6840000000000000e+009	 -2.2900390000000002e+001	
  4.6850000000000000e+009	 -2.2822270000000000e+001	
  4.6860000000000000e+009	 -2.2684570000000001e+001	
  4.6870000000000000e+009	 -2.2605470000000000e+001	
  4.6880000000000000e+009	 -2.2474609999999998e+001	
  4.6890000000000000e+009	 -2.2305669999999999e+001	
  4.6900000000000000e+009	 -2.2274410000000000e+001	
  4.6910000000000000e+009	 -2.2133790000000001e+001	
  4.6920000000000000e+009	 -2.1971679999999999e+001	
  4.6930000000000000e+009	 -2.1763670000000001e+001	
  4.6940000000000000e+009	 -2.1694340000000000e+001	
  4.6950000000000000e+009	 -2.1525390000000002e+001	
  4.6960000000000000e+009	 -2.1380859999999998e+001	
  4.6970000000000000e+009	 -2.1232420000000001e+001	
  4.6980000000000000e+009	 -2.1117190000000001e+001	
  4.6990000000000000e+009	 -2.1017579999999999e+001	
  4.7000000000000000e+009	 -2.0935540000000000e+001	
  4.7010000000000000e+009	 -2.0830079999999999e+001	
  4.7020000000000000e+009	 -2.0738280000000000e+001	
  4.7030000000000000e+009	 -2.0685540000000000e+001	
  4.7040000000000000e+009	 -2.0638670000000001e+001	
  4.7050000000000000e+009	 -2.0568359999999998e+001	
  4.7060000000000000e+009	 -2.0535150000000002e+001	
  4.7070000000000000e+009	 -2.0486329999999999e+001	
  4.7080000000000000e+009	 -2.0492190000000001e+001	
  4.7090000000000000e+009	 -2.0497070000000001e+001	
  4.7100000000000000e+009	 -2.0368160000000000e+001	
  4.7110000000000000e+009	 -2.0402339999999999e+001	
  4.7120000000000000e+009	 -2.0460930000000001e+001	
  4.7130000000000000e+009	 -2.0465820000000001e+001	
  4.7140000000000000e+009	 -2.0517579999999999e+001	
  4.7150000000000000e+009	 -2.0553709999999999e+001	
  4.7160000000000000e+009	 -2.0583980000000000e+001	
  4.7170000000000000e+009	 -2.0691400000000002e+001	
  4.7180000000000000e+009	 -2.0798829999999999e+001	
  4.7190000000000000e+009	 -2.0774410000000000e+001	
  4.7200000000000000e+009	 -2.0917970000000000e+001	
  4.7210000000000000e+009	 -2.0977540000000001e+001	
  4.7220000000000000e+009	 -2.1005859999999998e+001	
  4.7230000000000000e+009	 -2.1105470000000000e+001	
  4.7240000000000000e+009	 -2.1224609999999998e+001	
  4.7250000000000000e+009	 -2.1146480000000000e+001	
  4.7260000000000000e+009	 -2.1215820000000001e+001	
  4.7270000000000000e+009	 -2.1164059999999999e+001	
  4.7280000000000000e+009	 -2.1188469999999999e+001	
  4.7290000000000000e+009	 -2.1220700000000001e+001	
  4.7300000000000000e+009	 -2.1262689999999999e+001	
  4.7310000000000000e+009	 -2.1211919999999999e+001	
  4.7320000000000000e+009	 -2.1204100000000000e+001	
  4.7330000000000000e+009	 -2.1213870000000000e+001	
  4.7340000000000000e+009	 -2.1123049999999999e+001	
  4.7350000000000000e+009	 -2.1096679999999999e+001	
  4.7360000000000000e+009	 -2.1061520000000002e+001	
  4.7370000000000000e+009	 -2.0991209999999999e+001	
  4.7380000000000000e+009	 -2.0902339999999999e+001	
  4.7390000000000000e+009	 -2.0832030000000000e+001	
  4.7400000000000000e+009	 -2.0715820000000001e+001	
  4.7410000000000000e+009	 -2.0674810000000001e+001	
  4.7420000000000000e+009	 -2.0540040000000001e+001	
  4.7430000000000000e+009	 -2.0412109999999998e+001	
  4.7440000000000000e+009	 -2.0301760000000002e+001	
  4.7450000000000000e+009	 -2.0144530000000000e+001	
  4.7460000000000000e+009	 -1.9971679999999999e+001	
  4.7470000000000000e+009	 -1.9875000000000000e+001	
  4.7480000000000000e+009	 -1.9709959999999999e+001	
  4.7490000000000000e+009	 -1.9528320000000001e+001	
  4.7500000000000000e+009	 -1.9415040000000001e+001	
  4.7510000000000000e+009	 -1.9204100000000000e+001	
  4.7520000000000000e+009	 -1.9014650000000000e+001	
  4.7530000000000000e+009	 -1.8864260000000002e+001	
  4.7540000000000000e+009	 -1.8721679999999999e+001	
  4.7550000000000000e+009	 -1.8489260000000002e+001	
  4.7560000000000000e+009	 -1.8319330000000001e+001	
  4.7570000000000000e+009	 -1.8140619999999998e+001	
  4.7580000000000000e+009	 -1.7985350000000000e+001	
  4.7590000000000000e+009	 -1.7835940000000001e+001	
  4.7600000000000000e+009	 -1.7583010000000002e+001	
  4.7610000000000000e+009	 -1.7523440000000001e+001	
  4.7620000000000000e+009	 -1.7414059999999999e+001	
  4.7630000000000000e+009	 -1.7227540000000001e+001	
  4.7640000000000000e+009	 -1.7153320000000001e+001	
  4.7650000000000000e+009	 -1.7037109999999998e+001	
  4.7660000000000000e+009	 -1.6961910000000000e+001	
  4.7670000000000000e+009	 -1.6905270000000002e+001	
  4.7680000000000000e+009	 -1.6855470000000000e+001	
  4.7690000000000000e+009	 -1.6810549999999999e+001	
  4.7700000000000000e+009	 -1.6788080000000001e+001	
  4.7710000000000000e+009	 -1.6822260000000000e+001	
  4.7720000000000000e+009	 -1.6839839999999999e+001	
  4.7730000000000000e+009	 -1.6820309999999999e+001	
  4.7740000000000000e+009	 -1.6848630000000000e+001	
  4.7750000000000000e+009	 -1.6883790000000001e+001	
  4.7760000000000000e+009	 -1.6971679999999999e+001	
  4.7770000000000000e+009	 -1.7064450000000001e+001	
  4.7780000000000000e+009	 -1.7098630000000000e+001	
  4.7790000000000000e+009	 -1.7146480000000000e+001	
  4.7800000000000000e+009	 -1.7185540000000000e+001	
  4.7810000000000000e+009	 -1.7293939999999999e+001	
  4.7820000000000000e+009	 -1.7408200000000001e+001	
  4.7830000000000000e+009	 -1.7402339999999999e+001	
  4.7840000000000000e+009	 -1.7456050000000001e+001	
  4.7850000000000000e+009	 -1.7495120000000000e+001	
  4.7860000000000000e+009	 -1.7570309999999999e+001	
  4.7870000000000000e+009	 -1.7618160000000000e+001	
  4.7880000000000000e+009	 -1.7671869999999998e+001	
  4.7890000000000000e+009	 -1.7525390000000002e+001	
  4.7900000000000000e+009	 -1.7590820000000001e+001	
  4.7910000000000000e+009	 -1.7549800000000001e+001	
  4.7920000000000000e+009	 -1.7518550000000001e+001	
  4.7930000000000000e+009	 -1.7448239999999998e+001	
  4.7940000000000000e+009	 -1.7397459999999999e+001	
  4.7950000000000000e+009	 -1.7336910000000000e+001	
  4.7960000000000000e+009	 -1.7180660000000000e+001	
  4.7970000000000000e+009	 -1.7078119999999998e+001	
  4.7980000000000000e+009	 -1.6953130000000002e+001	
  4.7990000000000000e+009	 -1.6815429999999999e+001	
  4.8000000000000000e+009	 -1.6652339999999999e+001	
  4.8010000000000000e+009	 -1.6502929999999999e+001	
  4.8020000000000000e+009	 -1.6308589999999999e+001	
  4.8030000000000000e+009	 -1.6132809999999999e+001	
  4.8040000000000000e+009	 -1.5979490000000000e+001	
  4.8050000000000000e+009	 -1.5748049999999999e+001	
  4.8060000000000000e+009	 -1.5579590000000000e+001	
  4.8070000000000000e+009	 -1.5329590000000000e+001	
  4.8080000000000000e+009	 -1.5141600000000000e+001	
  4.8090000000000000e+009	 -1.4904790000000000e+001	
  4.8100000000000000e+009	 -1.4719730000000000e+001	
  4.8110000000000000e+009	 -1.4524410000000000e+001	
  4.8120000000000000e+009	 -1.4391109999999999e+001	
  4.8130000000000000e+009	 -1.4152340000000001e+001	
  4.8140000000000000e+009	 -1.4005860000000000e+001	
  4.8150000000000000e+009	 -1.3793950000000001e+001	
  4.8160000000000000e+009	 -1.3677250000000001e+001	
  4.8170000000000000e+009	 -1.3578609999999999e+001	
  4.8180000000000000e+009	 -1.3424320000000000e+001	
  4.8190000000000000e+009	 -1.3290039999999999e+001	
  4.8200000000000000e+009	 -1.3189450000000001e+001	
  4.8210000000000000e+009	 -1.3068849999999999e+001	
  4.8220000000000000e+009	 -1.3017580000000001e+001	
  4.8230000000000000e+009	 -1.2833980000000000e+001	
  4.8240000000000000e+009	 -1.2772460000000001e+001	
  4.8250000000000000e+009	 -1.2731450000000001e+001	
  4.8260000000000000e+009	 -1.2648930000000000e+001	
  4.8270000000000000e+009	 -1.2564450000000001e+001	
  4.8280000000000000e+009	 -1.2487790000000000e+001	
  4.8290000000000000e+009	 -1.2440920000000000e+001	
  4.8300000000000000e+009	 -1.2351559999999999e+001	
  4.8310000000000000e+009	 -1.2282710000000000e+001	
  4.8320000000000000e+009	 -1.2205570000000000e+001	
  4.8330000000000000e+009	 -1.2098630000000000e+001	
  4.8340000000000000e+009	 -1.2036130000000000e+001	
  4.8350000000000000e+009	 -1.1883300000000000e+001	
  4.8360000000000000e+009	 -1.1803710000000001e+001	
  4.8370000000000000e+009	 -1.1704100000000000e+001	
  4.8380000000000000e+009	 -1.1608890000000001e+001	
  4.8390000000000000e+009	 -1.1408200000000001e+001	
  4.8400000000000000e+009	 -1.1317869999999999e+001	
  4.8410000000000000e+009	 -1.1231450000000001e+001	
  4.8420000000000000e+009	 -1.1090330000000000e+001	
  4.8430000000000000e+009	 -1.0961430000000000e+001	
  4.8440000000000000e+009	 -1.0832520000000001e+001	
  4.8450000000000000e+009	 -1.0663570000000000e+001	
  4.8460000000000000e+009	 -1.0572749999999999e+001	
  4.8470000000000000e+009	 -1.0375980000000000e+001	
  4.8480000000000000e+009	 -1.0253420000000000e+001	
  4.8490000000000000e+009	 -1.0146480000000000e+001	
  4.8500000000000000e+009	 -9.9960939999999994e+000	
  4.8510000000000000e+009	 -9.7832030000000003e+000	
  4.8520000000000000e+009	 -9.7089839999999992e+000	
  4.8530000000000000e+009	 -9.5595700000000008e+000	
  4.8540000000000000e+009	 -9.4643549999999994e+000	
  4.8550000000000000e+009	 -9.3701170000000005e+000	
  4.8560000000000000e+009	 -9.2441410000000008e+000	
  4.8570000000000000e+009	 -9.1562500000000000e+000	
  4.8580000000000000e+009	 -9.0371089999999992e+000	
  4.8590000000000000e+009	 -8.8984380000000005e+000	
  4.8600000000000000e+009	 -8.8295899999999996e+000	
  4.8610000000000000e+009	 -8.7353520000000007e+000	
  4.8620000000000000e+009	 -8.6308589999999992e+000	
  4.8630000000000000e+009	 -8.5351560000000006e+000	
  4.8640000000000000e+009	 -8.4648439999999994e+000	
  4.8650000000000000e+009	 -8.3330079999999995e+000	
  4.8660000000000000e+009	 -8.2592770000000009e+000	
  4.8670000000000000e+009	 -8.1230469999999997e+000	
  4.8680000000000000e+009	 -8.0312500000000000e+000	
  4.8690000000000000e+009	 -7.9782710000000003e+000	
  4.8700000000000000e+009	 -7.8376460000000003e+000	
  4.8710000000000000e+009	 -7.7263180000000000e+000	
  4.8720000000000000e+009	 -7.6601559999999997e+000	
  4.8730000000000000e+009	 -7.5844730000000000e+000	
  4.8740000000000000e+009	 -7.4963379999999997e+000	
  4.8750000000000000e+009	 -7.3669430000000000e+000	
  4.8760000000000000e+009	 -7.3139649999999996e+000	
  4.8770000000000000e+009	 -7.2451169999999996e+000	
  4.8780000000000000e+009	 -7.2438960000000003e+000	
  4.8790000000000000e+009	 -7.1860350000000004e+000	
  4.8800000000000000e+009	 -7.1777340000000001e+000	
  4.8810000000000000e+009	 -7.1572269999999998e+000	
  4.8820000000000000e+009	 -7.1540530000000002e+000	
  4.8830000000000000e+009	 -7.1894530000000003e+000	
  4.8840000000000000e+009	 -7.2192379999999998e+000	
  4.8850000000000000e+009	 -7.2470699999999999e+000	
  4.8860000000000000e+009	 -7.3312989999999996e+000	
  4.8870000000000000e+009	 -7.3937989999999996e+000	
  4.8880000000000000e+009	 -7.5261230000000001e+000	
  4.8890000000000000e+009	 -7.5627440000000004e+000	
  4.8900000000000000e+009	 -7.5861820000000000e+000	
  4.8910000000000000e+009	 -7.6442870000000003e+000	
  4.8920000000000000e+009	 -7.7812500000000000e+000	
  4.8930000000000000e+009	 -7.8222659999999999e+000	
  4.8940000000000000e+009	 -7.8908690000000004e+000	
  4.8950000000000000e+009	 -7.9697269999999998e+000	
  4.8960000000000000e+009	 -8.0107420000000005e+000	
  4.8970000000000000e+009	 -8.0532229999999991e+000	
  4.8980000000000000e+009	 -8.0976560000000006e+000	
  4.8990000000000000e+009	 -8.2216799999999992e+000	
  4.9000000000000000e+009	 -8.3002929999999999e+000	
  4.9010000000000000e+009	 -8.2475590000000008e+000	
  4.9020000000000000e+009	 -8.2851560000000006e+000	
  4.9030000000000000e+009	 -8.3935549999999992e+000	
  4.9040000000000000e+009	 -8.4833979999999993e+000	
  4.9050000000000000e+009	 -8.5400390000000002e+000	
  4.9060000000000000e+009	 -8.5512700000000006e+000	
  4.9070000000000000e+009	 -8.6313479999999991e+000	
  4.9080000000000000e+009	 -8.6982420000000005e+000	
  4.9090000000000000e+009	 -8.7910160000000008e+000	
  4.9100000000000000e+009	 -8.8369140000000002e+000	
  4.9110000000000000e+009	 -8.9780270000000009e+000	
  4.9120000000000000e+009	 -9.0673829999999995e+000	
  4.9130000000000000e+009	 -9.1987299999999994e+000	
  4.9140000000000000e+009	 -9.2905270000000009e+000	
  4.9150000000000000e+009	 -9.4711909999999992e+000	
  4.9160000000000000e+009	 -9.6494140000000002e+000	
  4.9170000000000000e+009	 -9.7758789999999998e+000	
  4.9180000000000000e+009	 -9.9150390000000002e+000	
  4.9190000000000000e+009	 -1.0164059999999999e+001	
  4.9200000000000000e+009	 -1.0377440000000000e+001	
  4.9210000000000000e+009	 -1.0546880000000000e+001	
  4.9220000000000000e+009	 -1.0708500000000001e+001	
  4.9230000000000000e+009	 -1.0957030000000000e+001	
  4.9240000000000000e+009	 -1.1197749999999999e+001	
  4.9250000000000000e+009	 -1.1502929999999999e+001	
  4.9260000000000000e+009	 -1.1638180000000000e+001	
  4.9270000000000000e+009	 -1.1918950000000001e+001	
  4.9280000000000000e+009	 -1.2169919999999999e+001	
  4.9290000000000000e+009	 -1.2397950000000000e+001	
  4.9300000000000000e+009	 -1.2652830000000000e+001	
  4.9310000000000000e+009	 -1.2871580000000000e+001	
  4.9320000000000000e+009	 -1.3095700000000001e+001	
  4.9330000000000000e+009	 -1.3340330000000000e+001	
  4.9340000000000000e+009	 -1.3583010000000000e+001	
  4.9350000000000000e+009	 -1.3797850000000000e+001	
  4.9360000000000000e+009	 -1.4037110000000000e+001	
  4.9370000000000000e+009	 -1.4251950000000001e+001	
  4.9380000000000000e+009	 -1.4416020000000000e+001	
  4.9390000000000000e+009	 -1.4649900000000001e+001	
  4.9400000000000000e+009	 -1.4826169999999999e+001	
  4.9410000000000000e+009	 -1.5002929999999999e+001	
  4.9420000000000000e+009	 -1.5154790000000000e+001	
  4.9430000000000000e+009	 -1.5340330000000000e+001	
  4.9440000000000000e+009	 -1.5476559999999999e+001	
  4.9450000000000000e+009	 -1.5602539999999999e+001	
  4.9460000000000000e+009	 -1.5765140000000001e+001	
  4.9470000000000000e+009	 -1.5833980000000000e+001	
  4.9480000000000000e+009	 -1.5969730000000000e+001	
  4.9490000000000000e+009	 -1.6038080000000001e+001	
  4.9500000000000000e+009	 -1.6155270000000002e+001	
  4.9510000000000000e+009	 -1.6240230000000000e+001	
  4.9520000000000000e+009	 -1.6322260000000000e+001	
  4.9530000000000000e+009	 -1.6332030000000000e+001	
  4.9540000000000000e+009	 -1.6402339999999999e+001	
  4.9550000000000000e+009	 -1.6412109999999998e+001	
  4.9560000000000000e+009	 -1.6431640000000002e+001	
  4.9570000000000000e+009	 -1.6452150000000000e+001	
  4.9580000000000000e+009	 -1.6460940000000001e+001	
  4.9590000000000000e+009	 -1.6481439999999999e+001	
  4.9600000000000000e+009	 -1.6411130000000000e+001	
  4.9610000000000000e+009	 -1.6454100000000000e+001	
  4.9620000000000000e+009	 -1.6457030000000000e+001	
  4.9630000000000000e+009	 -1.6418939999999999e+001	
  4.9640000000000000e+009	 -1.6398440000000001e+001	
  4.9650000000000000e+009	 -1.6388670000000001e+001	
  4.9660000000000000e+009	 -1.6385739999999998e+001	
  4.9670000000000000e+009	 -1.6345700000000001e+001	
  4.9680000000000000e+009	 -1.6334959999999999e+001	
  4.9690000000000000e+009	 -1.6330079999999999e+001	
  4.9700000000000000e+009	 -1.6309570000000001e+001	
  4.9710000000000000e+009	 -1.6350580000000001e+001	
  4.9720000000000000e+009	 -1.6336910000000000e+001	
  4.9730000000000000e+009	 -1.6396480000000000e+001	
  4.9740000000000000e+009	 -1.6447270000000000e+001	
  4.9750000000000000e+009	 -1.6522459999999999e+001	
  4.9760000000000000e+009	 -1.6544920000000001e+001	
  4.9770000000000000e+009	 -1.6694340000000000e+001	
  4.9780000000000000e+009	 -1.6751950000000001e+001	
  4.9790000000000000e+009	 -1.6861329999999999e+001	
  4.9800000000000000e+009	 -1.7039059999999999e+001	
  4.9810000000000000e+009	 -1.7172850000000000e+001	
  4.9820000000000000e+009	 -1.7333980000000000e+001	
  4.9830000000000000e+009	 -1.7464839999999999e+001	
  4.9840000000000000e+009	 -1.7624020000000002e+001	
  4.9850000000000000e+009	 -1.7775390000000002e+001	
  4.9860000000000000e+009	 -1.8009770000000000e+001	
  4.9870000000000000e+009	 -1.8152339999999999e+001	
  4.9880000000000000e+009	 -1.8374020000000002e+001	
  4.9890000000000000e+009	 -1.8526370000000000e+001	
  4.9900000000000000e+009	 -1.8692380000000000e+001	
  4.9910000000000000e+009	 -1.8907229999999998e+001	
  4.9920000000000000e+009	 -1.9092770000000002e+001	
  4.9930000000000000e+009	 -1.9263670000000001e+001	
  4.9940000000000000e+009	 -1.9455079999999999e+001	
  4.9950000000000000e+009	 -1.9572270000000000e+001	
  4.9960000000000000e+009	 -1.9733400000000000e+001	
  4.9970000000000000e+009	 -1.9896480000000000e+001	
  4.9980000000000000e+009	 -2.0032219999999999e+001	
  4.9990000000000000e+009	 -2.0171880000000002e+001	
  5.0000000000000000e+009	 -2.0286130000000000e+001	
  5.0010000000000000e+009	 -2.0367190000000001e+001	
  5.0020000000000000e+009	 -2.0458010000000002e+001	
  5.0030000000000000e+009	 -2.0569330000000001e+001	
  5.0040000000000000e+009	 -2.0629880000000000e+001	
  5.0050000000000000e+009	 -2.0666989999999998e+001	
  5.0060000000000000e+009	 -2.0735350000000000e+001	
  5.0070000000000000e+009	 -2.0778320000000001e+001	
  5.0080000000000000e+009	 -2.0837890000000002e+001	
  5.0090000000000000e+009	 -2.0916010000000000e+001	
  5.0100000000000000e+009	 -2.0882809999999999e+001	
  5.0110000000000000e+009	 -2.0900390000000002e+001	
  5.0120000000000000e+009	 -2.0906250000000000e+001	
  5.0130000000000000e+009	 -2.0968750000000000e+001	
  5.0140000000000000e+009	 -2.0988280000000000e+001	
  5.0150000000000000e+009	 -2.0972660000000001e+001	
  5.0160000000000000e+009	 -2.0953130000000002e+001	
  5.0170000000000000e+009	 -2.0997070000000001e+001	
  5.0180000000000000e+009	 -2.0888670000000001e+001	
  5.0190000000000000e+009	 -2.0857420000000001e+001	
  5.0200000000000000e+009	 -2.0924800000000001e+001	
  5.0210000000000000e+009	 -2.0954100000000000e+001	
  5.0220000000000000e+009	 -2.0881830000000001e+001	
  5.0230000000000000e+009	 -2.0938479999999998e+001	
  5.0240000000000000e+009	 -2.0928709999999999e+001	
  5.0250000000000000e+009	 -2.0923829999999999e+001	
  5.0260000000000000e+009	 -2.0885739999999998e+001	
  5.0270000000000000e+009	 -2.0977540000000001e+001	
  5.0280000000000000e+009	 -2.0944330000000001e+001	
  5.0290000000000000e+009	 -2.0953130000000002e+001	
  5.0300000000000000e+009	 -2.0953130000000002e+001	
  5.0310000000000000e+009	 -2.0972660000000001e+001	
  5.0320000000000000e+009	 -2.0956050000000001e+001	
  5.0330000000000000e+009	 -2.0988280000000000e+001	
  5.0340000000000000e+009	 -2.1003900000000002e+001	
  5.0350000000000000e+009	 -2.1030270000000002e+001	
  5.0360000000000000e+009	 -2.1012689999999999e+001	
  5.0370000000000000e+009	 -2.1048829999999999e+001	
  5.0380000000000000e+009	 -2.1078119999999998e+001	
  5.0390000000000000e+009	 -2.1056640000000002e+001	
  5.0400000000000000e+009	 -2.1093750000000000e+001	
  5.0410000000000000e+009	 -2.1060549999999999e+001	
  5.0420000000000000e+009	 -2.1042970000000000e+001	
  5.0430000000000000e+009	 -2.1058589999999999e+001	
  5.0440000000000000e+009	 -2.1142579999999999e+001	
  5.0450000000000000e+009	 -2.1114260000000002e+001	
  5.0460000000000000e+009	 -2.1103520000000000e+001	
  5.0470000000000000e+009	 -2.1118160000000000e+001	
  5.0480000000000000e+009	 -2.1112300000000001e+001	
  5.0490000000000000e+009	 -2.1076170000000001e+001	
  5.0500000000000000e+009	 -2.1150390000000002e+001	
  5.0510000000000000e+009	 -2.1112300000000001e+001	
  5.0520000000000000e+009	 -2.1206050000000001e+001	
  5.0530000000000000e+009	 -2.1269530000000000e+001	
  5.0540000000000000e+009	 -2.1288080000000001e+001	
  5.0550000000000000e+009	 -2.1305660000000000e+001	
  5.0560000000000000e+009	 -2.1333010000000002e+001	
  5.0570000000000000e+009	 -2.1416989999999998e+001	
  5.0580000000000000e+009	 -2.1484380000000002e+001	
  5.0590000000000000e+009	 -2.1529299999999999e+001	
  5.0600000000000000e+009	 -2.1625979999999998e+001	
  5.0610000000000000e+009	 -2.1684570000000001e+001	
  5.0620000000000000e+009	 -2.1791010000000000e+001	
  5.0630000000000000e+009	 -2.1875000000000000e+001	
  5.0640000000000000e+009	 -2.1978520000000000e+001	
  5.0650000000000000e+009	 -2.2103510000000000e+001	
  5.0660000000000000e+009	 -2.2220700000000001e+001	
  5.0670000000000000e+009	 -2.2339839999999999e+001	
  5.0680000000000000e+009	 -2.2462890000000002e+001	
  5.0690000000000000e+009	 -2.2608400000000000e+001	
  5.0700000000000000e+009	 -2.2650390000000002e+001	
  5.0710000000000000e+009	 -2.2824220000000000e+001	
  5.0720000000000000e+009	 -2.2955079999999999e+001	
  5.0730000000000000e+009	 -2.3073239999999998e+001	
  5.0740000000000000e+009	 -2.3191400000000002e+001	
  5.0750000000000000e+009	 -2.3332030000000000e+001	
  5.0760000000000000e+009	 -2.3411130000000000e+001	
  5.0770000000000000e+009	 -2.3470700000000001e+001	
  5.0780000000000000e+009	 -2.3570309999999999e+001	
  5.0790000000000000e+009	 -2.3683589999999999e+001	
  5.0800000000000000e+009	 -2.3735350000000000e+001	
  5.0810000000000000e+009	 -2.3805660000000000e+001	
  5.0820000000000000e+009	 -2.3849609999999998e+001	
  5.0830000000000000e+009	 -2.3915040000000001e+001	
  5.0840000000000000e+009	 -2.3961910000000000e+001	
  5.0850000000000000e+009	 -2.3949220000000000e+001	
  5.0860000000000000e+009	 -2.3980470000000000e+001	
  5.0870000000000000e+009	 -2.3968750000000000e+001	
  5.0880000000000000e+009	 -2.3956060000000001e+001	
  5.0890000000000000e+009	 -2.3918939999999999e+001	
  5.0900000000000000e+009	 -2.3968750000000000e+001	
  5.0910000000000000e+009	 -2.3895510000000002e+001	
  5.0920000000000000e+009	 -2.3818359999999998e+001	
  5.0930000000000000e+009	 -2.3794920000000001e+001	
  5.0940000000000000e+009	 -2.3701170000000001e+001	
  5.0950000000000000e+009	 -2.3641600000000000e+001	
  5.0960000000000000e+009	 -2.3585930000000001e+001	
  5.0970000000000000e+009	 -2.3511720000000000e+001	
  5.0980000000000000e+009	 -2.3406250000000000e+001	
  5.0990000000000000e+009	 -2.3302730000000000e+001	
  5.1000000000000000e+009	 -2.3199220000000000e+001	
  5.1010000000000000e+009	 -2.3061520000000002e+001	
  5.1020000000000000e+009	 -2.2943359999999998e+001	
  5.1030000000000000e+009	 -2.2854489999999998e+001	
  5.1040000000000000e+009	 -2.2741209999999999e+001	
  5.1050000000000000e+009	 -2.2624020000000002e+001	
  5.1060000000000000e+009	 -2.2514650000000000e+001	
  5.1070000000000000e+009	 -2.2449220000000000e+001	
  5.1080000000000000e+009	 -2.2312500000000000e+001	
  5.1090000000000000e+009	 -2.2278320000000001e+001	
  5.1100000000000000e+009	 -2.2200189999999999e+001	
  5.1110000000000000e+009	 -2.2076170000000001e+001	
  5.1120000000000000e+009	 -2.2026370000000000e+001	
  5.1130000000000000e+009	 -2.1993169999999999e+001	
  5.1140000000000000e+009	 -2.1972660000000001e+001	
  5.1150000000000000e+009	 -2.1967770000000002e+001	
  5.1160000000000000e+009	 -2.1918949999999999e+001	
  5.1170000000000000e+009	 -2.1963870000000000e+001	
  5.1180000000000000e+009	 -2.1961910000000000e+001	
  5.1190000000000000e+009	 -2.2013670000000001e+001	
  5.1200000000000000e+009	 -2.2114260000000002e+001	
  5.1210000000000000e+009	 -2.2174800000000001e+001	
  5.1220000000000000e+009	 -2.2229489999999998e+001	
  5.1230000000000000e+009	 -2.2324220000000000e+001	
  5.1240000000000000e+009	 -2.2418939999999999e+001	
  5.1250000000000000e+009	 -2.2543949999999999e+001	
  5.1260000000000000e+009	 -2.2668939999999999e+001	
  5.1270000000000000e+009	 -2.2843750000000000e+001	
  5.1280000000000000e+009	 -2.2960930000000001e+001	
  5.1290000000000000e+009	 -2.3124020000000002e+001	
  5.1300000000000000e+009	 -2.3291020000000000e+001	
  5.1310000000000000e+009	 -2.3409179999999999e+001	
  5.1320000000000000e+009	 -2.3572260000000000e+001	
  5.1330000000000000e+009	 -2.3732420000000001e+001	
  5.1340000000000000e+009	 -2.3846679999999999e+001	
  5.1350000000000000e+009	 -2.3989260000000002e+001	
  5.1360000000000000e+009	 -2.4174800000000001e+001	
  5.1370000000000000e+009	 -2.4291989999999998e+001	
  5.1380000000000000e+009	 -2.4443359999999998e+001	
  5.1390000000000000e+009	 -2.4530270000000002e+001	
  5.1400000000000000e+009	 -2.4632809999999999e+001	
  5.1410000000000000e+009	 -2.4765630000000002e+001	
  5.1420000000000000e+009	 -2.4799800000000001e+001	
  5.1430000000000000e+009	 -2.4870110000000000e+001	
  5.1440000000000000e+009	 -2.4967770000000002e+001	
  5.1450000000000000e+009	 -2.4945309999999999e+001	
  5.1460000000000000e+009	 -2.5065429999999999e+001	
  5.1470000000000000e+009	 -2.5111329999999999e+001	
  5.1480000000000000e+009	 -2.5100580000000001e+001	
  5.1490000000000000e+009	 -2.5172850000000000e+001	
  5.1500000000000000e+009	 -2.5065429999999999e+001	
  5.1510000000000000e+009	 -2.5067380000000000e+001	
  5.1520000000000000e+009	 -2.4981439999999999e+001	
  5.1530000000000000e+009	 -2.4976559999999999e+001	
  5.1540000000000000e+009	 -2.4887699999999999e+001	
  5.1550000000000000e+009	 -2.4821290000000001e+001	
  5.1560000000000000e+009	 -2.4681640000000002e+001	
  5.1570000000000000e+009	 -2.4625000000000000e+001	
  5.1580000000000000e+009	 -2.4488280000000000e+001	
  5.1590000000000000e+009	 -2.4367180000000001e+001	
  5.1600000000000000e+009	 -2.4242190000000001e+001	
  5.1610000000000000e+009	 -2.4046869999999998e+001	
  5.1620000000000000e+009	 -2.3917970000000000e+001	
  5.1630000000000000e+009	 -2.3797850000000000e+001	
  5.1640000000000000e+009	 -2.3635739999999998e+001	
  5.1650000000000000e+009	 -2.3504880000000000e+001	
  5.1660000000000000e+009	 -2.3367190000000001e+001	
  5.1670000000000000e+009	 -2.3248049999999999e+001	
  5.1680000000000000e+009	 -2.3050780000000000e+001	
  5.1690000000000000e+009	 -2.2915040000000001e+001	
  5.1700000000000000e+009	 -2.2803709999999999e+001	
  5.1710000000000000e+009	 -2.2758790000000001e+001	
  5.1720000000000000e+009	 -2.2631840000000000e+001	
  5.1730000000000000e+009	 -2.2510739999999998e+001	
  5.1740000000000000e+009	 -2.2443359999999998e+001	
  5.1750000000000000e+009	 -2.2382809999999999e+001	
  5.1760000000000000e+009	 -2.2360350000000000e+001	
  5.1770000000000000e+009	 -2.2309570000000001e+001	
  5.1780000000000000e+009	 -2.2256840000000000e+001	
  5.1790000000000000e+009	 -2.2350580000000001e+001	
  5.1800000000000000e+009	 -2.2376950000000001e+001	
  5.1810000000000000e+009	 -2.2399410000000000e+001	
  5.1820000000000000e+009	 -2.2443359999999998e+001	
  5.1830000000000000e+009	 -2.2437500000000000e+001	
  5.1840000000000000e+009	 -2.2575189999999999e+001	
  5.1850000000000000e+009	 -2.2651370000000000e+001	
  5.1860000000000000e+009	 -2.2737300000000001e+001	
  5.1870000000000000e+009	 -2.2881840000000000e+001	
  5.1880000000000000e+009	 -2.2923829999999999e+001	
  5.1890000000000000e+009	 -2.3060549999999999e+001	
  5.1900000000000000e+009	 -2.3155270000000002e+001	
  5.1910000000000000e+009	 -2.3295900000000000e+001	
  5.1920000000000000e+009	 -2.3414059999999999e+001	
  5.1930000000000000e+009	 -2.3527339999999999e+001	
  5.1940000000000000e+009	 -2.3608400000000000e+001	
  5.1950000000000000e+009	 -2.3698239999999998e+001	
  5.1960000000000000e+009	 -2.3814450000000001e+001	
  5.1970000000000000e+009	 -2.3887699999999999e+001	
  5.1980000000000000e+009	 -2.3988280000000000e+001	
  5.1990000000000000e+009	 -2.4074220000000000e+001	
  5.2000000000000000e+009	 -2.4145510000000002e+001	
  5.2010000000000000e+009	 -2.4220700000000001e+001	
  5.2020000000000000e+009	 -2.4289059999999999e+001	
  5.2030000000000000e+009	 -2.4400390000000002e+001	
  5.2040000000000000e+009	 -2.4409179999999999e+001	
  5.2050000000000000e+009	 -2.4517569999999999e+001	
  5.2060000000000000e+009	 -2.4511720000000000e+001	
  5.2070000000000000e+009	 -2.4614260000000002e+001	
  5.2080000000000000e+009	 -2.4692380000000000e+001	
  5.2090000000000000e+009	 -2.4673819999999999e+001	
  5.2100000000000000e+009	 -2.4708980000000000e+001	
  5.2110000000000000e+009	 -2.4730470000000000e+001	
  5.2120000000000000e+009	 -2.4780270000000002e+001	
  5.2130000000000000e+009	 -2.4769530000000000e+001	
  5.2140000000000000e+009	 -2.4838870000000000e+001	
  5.2150000000000000e+009	 -2.4805660000000000e+001	
  5.2160000000000000e+009	 -2.4771480000000000e+001	
  5.2170000000000000e+009	 -2.4782219999999999e+001	
  5.2180000000000000e+009	 -2.4751950000000001e+001	
  5.2190000000000000e+009	 -2.4733400000000000e+001	
  5.2200000000000000e+009	 -2.4774410000000000e+001	
  5.2210000000000000e+009	 -2.4725580000000001e+001	
  5.2220000000000000e+009	 -2.4654290000000000e+001	
  5.2230000000000000e+009	 -2.4661130000000000e+001	
  5.2240000000000000e+009	 -2.4588870000000000e+001	
  5.2250000000000000e+009	 -2.4551749999999998e+001	
  5.2260000000000000e+009	 -2.4508790000000001e+001	
  5.2270000000000000e+009	 -2.4438479999999998e+001	
  5.2280000000000000e+009	 -2.4388670000000001e+001	
  5.2290000000000000e+009	 -2.4314450000000001e+001	
  5.2300000000000000e+009	 -2.4242190000000001e+001	
  5.2310000000000000e+009	 -2.4125000000000000e+001	
  5.2320000000000000e+009	 -2.4010739999999998e+001	
  5.2330000000000000e+009	 -2.3916020000000000e+001	
  5.2340000000000000e+009	 -2.3829100000000000e+001	
  5.2350000000000000e+009	 -2.3718750000000000e+001	
  5.2360000000000000e+009	 -2.3666989999999998e+001	
  5.2370000000000000e+009	 -2.3497070000000001e+001	
  5.2380000000000000e+009	 -2.3432620000000000e+001	
  5.2390000000000000e+009	 -2.3322260000000000e+001	
  5.2400000000000000e+009	 -2.3192380000000000e+001	
  5.2410000000000000e+009	 -2.3122070000000001e+001	
  5.2420000000000000e+009	 -2.3084959999999999e+001	
  5.2430000000000000e+009	 -2.2969729999999998e+001	
  5.2440000000000000e+009	 -2.2927730000000000e+001	
  5.2450000000000000e+009	 -2.2788090000000000e+001	
  5.2460000000000000e+009	 -2.2706060000000001e+001	
  5.2470000000000000e+009	 -2.2714839999999999e+001	
  5.2480000000000000e+009	 -2.2716790000000000e+001	
  5.2490000000000000e+009	 -2.2713870000000000e+001	
  5.2500000000000000e+009	 -2.2657229999999998e+001	
  5.2510000000000000e+009	 -2.2732420000000001e+001	
  5.2520000000000000e+009	 -2.2714839999999999e+001	
  5.2530000000000000e+009	 -2.2759770000000000e+001	
  5.2540000000000000e+009	 -2.2803709999999999e+001	
  5.2550000000000000e+009	 -2.2882809999999999e+001	
  5.2560000000000000e+009	 -2.2916020000000000e+001	
  5.2570000000000000e+009	 -2.3008790000000001e+001	
  5.2580000000000000e+009	 -2.3088870000000000e+001	
  5.2590000000000000e+009	 -2.3171869999999998e+001	
  5.2600000000000000e+009	 -2.3292970000000000e+001	
  5.2610000000000000e+009	 -2.3351559999999999e+001	
  5.2620000000000000e+009	 -2.3527339999999999e+001	
  5.2630000000000000e+009	 -2.3589839999999999e+001	
  5.2640000000000000e+009	 -2.3723630000000000e+001	
  5.2650000000000000e+009	 -2.3809570000000001e+001	
  5.2660000000000000e+009	 -2.3874020000000002e+001	
  5.2670000000000000e+009	 -2.3942380000000000e+001	
  5.2680000000000000e+009	 -2.4006830000000001e+001	
  5.2690000000000000e+009	 -2.4150390000000002e+001	
  5.2700000000000000e+009	 -2.4213870000000000e+001	
  5.2710000000000000e+009	 -2.4237300000000001e+001	
  5.2720000000000000e+009	 -2.4283200000000001e+001	
  5.2730000000000000e+009	 -2.4291989999999998e+001	
  5.2740000000000000e+009	 -2.4341790000000000e+001	
  5.2750000000000000e+009	 -2.4425780000000000e+001	
  5.2760000000000000e+009	 -2.4420900000000000e+001	
  5.2770000000000000e+009	 -2.4473630000000000e+001	
  5.2780000000000000e+009	 -2.4457030000000000e+001	
  5.2790000000000000e+009	 -2.4466799999999999e+001	
  5.2800000000000000e+009	 -2.4482420000000001e+001	
  5.2810000000000000e+009	 -2.4416010000000000e+001	
  5.2820000000000000e+009	 -2.4400390000000002e+001	
  5.2830000000000000e+009	 -2.4375969999999999e+001	
  5.2840000000000000e+009	 -2.4295900000000000e+001	
  5.2850000000000000e+009	 -2.4259760000000000e+001	
  5.2860000000000000e+009	 -2.4183589999999999e+001	
  5.2870000000000000e+009	 -2.4143550000000001e+001	
  5.2880000000000000e+009	 -2.4131830000000001e+001	
  5.2890000000000000e+009	 -2.4043939999999999e+001	
  5.2900000000000000e+009	 -2.4029290000000000e+001	
  5.2910000000000000e+009	 -2.3941410000000001e+001	
  5.2920000000000000e+009	 -2.3907229999999998e+001	
  5.2930000000000000e+009	 -2.3833010000000002e+001	
  5.2940000000000000e+009	 -2.3773440000000001e+001	
  5.2950000000000000e+009	 -2.3691410000000001e+001	
  5.2960000000000000e+009	 -2.3666010000000000e+001	
  5.2970000000000000e+009	 -2.3636720000000000e+001	
  5.2980000000000000e+009	 -2.3570309999999999e+001	
  5.2990000000000000e+009	 -2.3505859999999998e+001	
  5.3000000000000000e+009	 -2.3383790000000001e+001	
