  3.4200000000000000e+009	 -3.9750000000000000e+001	
  3.4213000000000000e+009	 -3.9537109999999998e+001	
  3.4226000000000000e+009	 -3.9359369999999998e+001	
  3.4239000000000000e+009	 -3.9146479999999997e+001	
  3.4252000000000000e+009	 -3.8947260000000000e+001	
  3.4265000000000000e+009	 -3.8767580000000002e+001	
  3.4278000000000000e+009	 -3.8515630000000002e+001	
  3.4291000000000000e+009	 -3.8261719999999997e+001	
  3.4304000000000000e+009	 -3.8035150000000002e+001	
  3.4317000000000000e+009	 -3.7763669999999998e+001	
  3.4330000000000000e+009	 -3.7572260000000000e+001	
  3.4343000000000000e+009	 -3.7310540000000003e+001	
  3.4356000000000000e+009	 -3.7080080000000002e+001	
  3.4369000000000000e+009	 -3.6826169999999998e+001	
  3.4382000000000000e+009	 -3.6582030000000003e+001	
  3.4395000000000000e+009	 -3.6333979999999997e+001	
  3.4408000000000000e+009	 -3.6142580000000002e+001	
  3.4421000000000000e+009	 -3.5892580000000002e+001	
  3.4434000000000000e+009	 -3.5685540000000003e+001	
  3.4447000000000000e+009	 -3.5494140000000002e+001	
  3.4460000000000000e+009	 -3.5271479999999997e+001	
  3.4473000000000000e+009	 -3.5095700000000001e+001	
  3.4486000000000000e+009	 -3.4775390000000002e+001	
  3.4499000000000000e+009	 -3.4623049999999999e+001	
  3.4512000000000000e+009	 -3.4349609999999998e+001	
  3.4525000000000000e+009	 -3.4050780000000003e+001	
  3.4538000000000000e+009	 -3.3781250000000000e+001	
  3.4551000000000000e+009	 -3.3501950000000001e+001	
  3.4564000000000000e+009	 -3.3240229999999997e+001	
  3.4577000000000000e+009	 -3.3056640000000002e+001	
  3.4590000000000000e+009	 -3.2814450000000001e+001	
  3.4603000000000000e+009	 -3.2572260000000000e+001	
  3.4616000000000000e+009	 -3.2306640000000002e+001	
  3.4629000000000000e+009	 -3.2093750000000000e+001	
  3.4642000000000000e+009	 -3.1878910000000001e+001	
  3.4655000000000000e+009	 -3.1654299999999999e+001	
  3.4668000000000000e+009	 -3.1444330000000001e+001	
  3.4681000000000000e+009	 -3.1220700000000001e+001	
  3.4694000000000000e+009	 -3.0988280000000000e+001	
  3.4707000000000000e+009	 -3.0733390000000000e+001	
  3.4720000000000000e+009	 -3.0484369999999998e+001	
  3.4733000000000000e+009	 -3.0262689999999999e+001	
  3.4746000000000000e+009	 -3.0030270000000002e+001	
  3.4759000000000000e+009	 -2.9825189999999999e+001	
  3.4772000000000000e+009	 -2.9552730000000000e+001	
  3.4785000000000000e+009	 -2.9332030000000000e+001	
  3.4798000000000000e+009	 -2.9234369999999998e+001	
  3.4811000000000000e+009	 -2.8917970000000000e+001	
  3.4824000000000000e+009	 -2.8738280000000000e+001	
  3.4837000000000000e+009	 -2.8520510000000002e+001	
  3.4850000000000000e+009	 -2.8326170000000001e+001	
  3.4863000000000000e+009	 -2.8087890000000002e+001	
  3.4876000000000000e+009	 -2.7910160000000001e+001	
  3.4889000000000000e+009	 -2.7643550000000001e+001	
  3.4902000000000000e+009	 -2.7394530000000000e+001	
  3.4915000000000000e+009	 -2.7131830000000001e+001	
  3.4928000000000000e+009	 -2.6845700000000001e+001	
  3.4941000000000000e+009	 -2.6548819999999999e+001	
  3.4954000000000000e+009	 -2.6279299999999999e+001	
  3.4967000000000000e+009	 -2.5944330000000001e+001	
  3.4980000000000000e+009	 -2.5552730000000000e+001	
  3.4993000000000000e+009	 -2.5178709999999999e+001	
  3.5006000000000000e+009	 -2.4752929999999999e+001	
  3.5019000000000000e+009	 -2.4331050000000001e+001	
  3.5032000000000000e+009	 -2.3882809999999999e+001	
  3.5045000000000000e+009	 -2.3375969999999999e+001	
  3.5058000000000000e+009	 -2.2894530000000000e+001	
  3.5071000000000000e+009	 -2.2419920000000001e+001	
  3.5084000000000000e+009	 -2.1883790000000001e+001	
  3.5097000000000000e+009	 -2.1241209999999999e+001	
  3.5110000000000000e+009	 -2.0654299999999999e+001	
  3.5123000000000000e+009	 -2.0054690000000001e+001	
  3.5136000000000000e+009	 -1.9406250000000000e+001	
  3.5149000000000000e+009	 -1.8718750000000000e+001	
  3.5162000000000000e+009	 -1.8145510000000002e+001	
  3.5175000000000000e+009	 -1.7353520000000000e+001	
  3.5188000000000000e+009	 -1.6672850000000000e+001	
  3.5201000000000000e+009	 -1.5972659999999999e+001	
  3.5214000000000000e+009	 -1.5256840000000000e+001	
  3.5227000000000000e+009	 -1.4506349999999999e+001	
  3.5240000000000000e+009	 -1.3776370000000000e+001	
  3.5253000000000000e+009	 -1.3094730000000000e+001	
  3.5266000000000000e+009	 -1.2437989999999999e+001	
  3.5279000000000000e+009	 -1.1840330000000000e+001	
  3.5292000000000000e+009	 -1.1255369999999999e+001	
  3.5305000000000000e+009	 -1.0805180000000000e+001	
  3.5318000000000000e+009	 -1.0447749999999999e+001	
  3.5331000000000000e+009	 -1.0314450000000001e+001	
  3.5344000000000000e+009	 -1.0253420000000000e+001	
  3.5357000000000000e+009	 -1.0364750000000001e+001	
  3.5370000000000000e+009	 -1.0693849999999999e+001	
  3.5383000000000000e+009	 -1.1001460000000000e+001	
  3.5396000000000000e+009	 -1.1450680000000000e+001	
  3.5409000000000000e+009	 -1.1957030000000000e+001	
  3.5422000000000000e+009	 -1.2501950000000001e+001	
  3.5435000000000000e+009	 -1.3059570000000001e+001	
  3.5448000000000000e+009	 -1.3663090000000000e+001	
  3.5461000000000000e+009	 -1.4254880000000000e+001	
  3.5474000000000000e+009	 -1.4876460000000000e+001	
  3.5487000000000000e+009	 -1.5446780000000000e+001	
  3.5500000000000000e+009	 -1.6038080000000001e+001	
  3.5513000000000000e+009	 -1.6605470000000000e+001	
  3.5526000000000000e+009	 -1.7154299999999999e+001	
  3.5539000000000000e+009	 -1.7764650000000000e+001	
  3.5552000000000000e+009	 -1.8271480000000000e+001	
  3.5565000000000000e+009	 -1.8863280000000000e+001	
  3.5578000000000000e+009	 -1.9393550000000001e+001	
  3.5591000000000000e+009	 -2.0046869999999998e+001	
  3.5604000000000000e+009	 -2.0564450000000001e+001	
  3.5617000000000000e+009	 -2.0852540000000001e+001	
  3.5630000000000000e+009	 -2.1034179999999999e+001	
  3.5643000000000000e+009	 -2.1212890000000002e+001	
  3.5656000000000000e+009	 -2.1114260000000002e+001	
  3.5669000000000000e+009	 -2.0415040000000001e+001	
  3.5682000000000000e+009	 -2.0289059999999999e+001	
  3.5695000000000000e+009	 -2.0541010000000000e+001	
  3.5708000000000000e+009	 -2.0780270000000002e+001	
  3.5721000000000000e+009	 -2.1011720000000000e+001	
  3.5734000000000000e+009	 -2.1151370000000000e+001	
  3.5747000000000000e+009	 -2.1308589999999999e+001	
  3.5760000000000000e+009	 -2.1361329999999999e+001	
  3.5773000000000000e+009	 -2.1508790000000001e+001	
  3.5786000000000000e+009	 -2.1510739999999998e+001	
  3.5799000000000000e+009	 -2.1593750000000000e+001	
  3.5812000000000000e+009	 -2.1574220000000000e+001	
  3.5825000000000000e+009	 -2.1550780000000000e+001	
  3.5838000000000000e+009	 -2.1555660000000000e+001	
  3.5851000000000000e+009	 -2.1541010000000000e+001	
  3.5864000000000000e+009	 -2.1535150000000002e+001	
  3.5877000000000000e+009	 -2.1558589999999999e+001	
  3.5890000000000000e+009	 -2.1524419999999999e+001	
  3.5903000000000000e+009	 -2.1543949999999999e+001	
  3.5916000000000000e+009	 -2.1541010000000000e+001	
  3.5929000000000000e+009	 -2.1548829999999999e+001	
  3.5942000000000000e+009	 -2.1585940000000001e+001	
  3.5955000000000000e+009	 -2.1649410000000000e+001	
  3.5968000000000000e+009	 -2.1731439999999999e+001	
  3.5981000000000000e+009	 -2.1791010000000000e+001	
  3.5994000000000000e+009	 -2.1903320000000001e+001	
  3.6007000000000000e+009	 -2.2041020000000000e+001	
  3.6020000000000000e+009	 -2.2160150000000002e+001	
  3.6033000000000000e+009	 -2.2292970000000000e+001	
  3.6046000000000000e+009	 -2.2488280000000000e+001	
  3.6059000000000000e+009	 -2.2562500000000000e+001	
  3.6072000000000000e+009	 -2.2708010000000002e+001	
  3.6085000000000000e+009	 -2.2911130000000000e+001	
  3.6098000000000000e+009	 -2.3075189999999999e+001	
  3.6111000000000000e+009	 -2.3254880000000000e+001	
  3.6124000000000000e+009	 -2.3386720000000000e+001	
  3.6137000000000000e+009	 -2.3482420000000001e+001	
  3.6150000000000000e+009	 -2.3602540000000001e+001	
  3.6163000000000000e+009	 -2.3709959999999999e+001	
  3.6176000000000000e+009	 -2.3833010000000002e+001	
  3.6189000000000000e+009	 -2.3916020000000000e+001	
  3.6202000000000000e+009	 -2.3969729999999998e+001	
  3.6215000000000000e+009	 -2.4063469999999999e+001	
  3.6228000000000000e+009	 -2.4160160000000001e+001	
  3.6241000000000000e+009	 -2.4192380000000000e+001	
  3.6254000000000000e+009	 -2.4247070000000001e+001	
  3.6267000000000000e+009	 -2.4241209999999999e+001	
  3.6280000000000000e+009	 -2.4253900000000002e+001	
  3.6293000000000000e+009	 -2.4276370000000000e+001	
  3.6306000000000000e+009	 -2.4277339999999999e+001	
  3.6319000000000000e+009	 -2.4290040000000001e+001	
  3.6332000000000000e+009	 -2.4243160000000000e+001	
  3.6345000000000000e+009	 -2.4255859999999998e+001	
  3.6358000000000000e+009	 -2.4235350000000000e+001	
  3.6371000000000000e+009	 -2.4157219999999999e+001	
  3.6384000000000000e+009	 -2.4166989999999998e+001	
  3.6397000000000000e+009	 -2.4131830000000001e+001	
  3.6410000000000000e+009	 -2.4006830000000001e+001	
  3.6423000000000000e+009	 -2.3991209999999999e+001	
  3.6436000000000000e+009	 -2.3876950000000001e+001	
  3.6449000000000000e+009	 -2.3818359999999998e+001	
  3.6462000000000000e+009	 -2.3710940000000001e+001	
  3.6475000000000000e+009	 -2.3653320000000001e+001	
  3.6488000000000000e+009	 -2.3606439999999999e+001	
  3.6501000000000000e+009	 -2.3516600000000000e+001	
  3.6514000000000000e+009	 -2.3329100000000000e+001	
  3.6527000000000000e+009	 -2.3268550000000001e+001	
  3.6540000000000000e+009	 -2.3137689999999999e+001	
  3.6553000000000000e+009	 -2.3083980000000000e+001	
  3.6566000000000000e+009	 -2.2856449999999999e+001	
  3.6579000000000000e+009	 -2.2719729999999998e+001	
  3.6592000000000000e+009	 -2.2595700000000001e+001	
  3.6605000000000000e+009	 -2.2495120000000000e+001	
  3.6618000000000000e+009	 -2.2379880000000000e+001	
  3.6631000000000000e+009	 -2.2262689999999999e+001	
  3.6644000000000000e+009	 -2.2154299999999999e+001	
  3.6657000000000000e+009	 -2.2041020000000000e+001	
  3.6670000000000000e+009	 -2.1951170000000001e+001	
  3.6683000000000000e+009	 -2.1904299999999999e+001	
  3.6696000000000000e+009	 -2.1808589999999999e+001	
  3.6709000000000000e+009	 -2.1769530000000000e+001	
  3.6722000000000000e+009	 -2.1766600000000000e+001	
  3.6735000000000000e+009	 -2.1737300000000001e+001	
  3.6748000000000000e+009	 -2.1730470000000000e+001	
  3.6761000000000000e+009	 -2.1802740000000000e+001	
  3.6774000000000000e+009	 -2.1801760000000002e+001	
  3.6787000000000000e+009	 -2.1841799999999999e+001	
  3.6800000000000000e+009	 -2.1819330000000001e+001	
  3.6813000000000000e+009	 -2.1889650000000000e+001	
  3.6826000000000000e+009	 -2.1929690000000001e+001	
  3.6839000000000000e+009	 -2.2048829999999999e+001	
  3.6852000000000000e+009	 -2.2059570000000001e+001	
  3.6865000000000000e+009	 -2.2018550000000001e+001	
  3.6878000000000000e+009	 -2.2140619999999998e+001	
  3.6891000000000000e+009	 -2.2122070000000001e+001	
  3.6904000000000000e+009	 -2.2139650000000000e+001	
  3.6917000000000000e+009	 -2.2148440000000001e+001	
  3.6930000000000000e+009	 -2.2136720000000000e+001	
  3.6943000000000000e+009	 -2.2120120000000000e+001	
  3.6956000000000000e+009	 -2.2043939999999999e+001	
  3.6969000000000000e+009	 -2.2045900000000000e+001	
  3.6982000000000000e+009	 -2.1984369999999998e+001	
  3.6995000000000000e+009	 -2.1940429999999999e+001	
  3.7008000000000000e+009	 -2.1868160000000000e+001	
  3.7021000000000000e+009	 -2.1754880000000000e+001	
  3.7034000000000000e+009	 -2.1654299999999999e+001	
  3.7047000000000000e+009	 -2.1534179999999999e+001	
  3.7060000000000000e+009	 -2.1380859999999998e+001	
  3.7073000000000000e+009	 -2.1209959999999999e+001	
  3.7086000000000000e+009	 -2.1104489999999998e+001	
  3.7099000000000000e+009	 -2.0950189999999999e+001	
  3.7112000000000000e+009	 -2.0750979999999998e+001	
  3.7125000000000000e+009	 -2.0457030000000000e+001	
  3.7138000000000000e+009	 -2.0205079999999999e+001	
  3.7151000000000000e+009	 -2.0076170000000001e+001	
  3.7164000000000000e+009	 -1.9867190000000001e+001	
  3.7177000000000000e+009	 -1.9655270000000002e+001	
  3.7190000000000000e+009	 -1.9451170000000001e+001	
  3.7203000000000000e+009	 -1.9291010000000000e+001	
  3.7216000000000000e+009	 -1.9084959999999999e+001	
  3.7229000000000000e+009	 -1.8906250000000000e+001	
  3.7242000000000000e+009	 -1.8695309999999999e+001	
  3.7255000000000000e+009	 -1.8543939999999999e+001	
  3.7268000000000000e+009	 -1.8341799999999999e+001	
  3.7281000000000000e+009	 -1.8138670000000001e+001	
  3.7294000000000000e+009	 -1.7949220000000000e+001	
  3.7307000000000000e+009	 -1.7750000000000000e+001	
  3.7320000000000000e+009	 -1.7534179999999999e+001	
  3.7333000000000000e+009	 -1.7327150000000000e+001	
  3.7346000000000000e+009	 -1.7157229999999998e+001	
  3.7359000000000000e+009	 -1.6968750000000000e+001	
  3.7372000000000000e+009	 -1.6792970000000000e+001	
  3.7385000000000000e+009	 -1.6614260000000002e+001	
  3.7398000000000000e+009	 -1.6487300000000001e+001	
  3.7411000000000000e+009	 -1.6420900000000000e+001	
  3.7424000000000000e+009	 -1.6335940000000001e+001	
  3.7437000000000000e+009	 -1.6315429999999999e+001	
  3.7450000000000000e+009	 -1.6235350000000000e+001	
  3.7463000000000000e+009	 -1.6248040000000000e+001	
  3.7476000000000000e+009	 -1.6239260000000002e+001	
  3.7489000000000000e+009	 -1.6238280000000000e+001	
  3.7502000000000000e+009	 -1.6278320000000001e+001	
  3.7515000000000000e+009	 -1.6316400000000002e+001	
  3.7528000000000000e+009	 -1.6341799999999999e+001	
  3.7541000000000000e+009	 -1.6379880000000000e+001	
  3.7554000000000000e+009	 -1.6394530000000000e+001	
  3.7567000000000000e+009	 -1.6433589999999999e+001	
  3.7580000000000000e+009	 -1.6441400000000002e+001	
  3.7593000000000000e+009	 -1.6447270000000000e+001	
  3.7606000000000000e+009	 -1.6509760000000000e+001	
  3.7619000000000000e+009	 -1.6471679999999999e+001	
  3.7632000000000000e+009	 -1.6448239999999998e+001	
  3.7645000000000000e+009	 -1.6424800000000001e+001	
  3.7658000000000000e+009	 -1.6409179999999999e+001	
  3.7671000000000000e+009	 -1.6282219999999999e+001	
  3.7684000000000000e+009	 -1.6147459999999999e+001	
  3.7697000000000000e+009	 -1.6074220000000000e+001	
  3.7710000000000000e+009	 -1.5930660000000000e+001	
  3.7723000000000000e+009	 -1.5745120000000000e+001	
  3.7736000000000000e+009	 -1.5616700000000000e+001	
  3.7749000000000000e+009	 -1.5360840000000000e+001	
  3.7762000000000000e+009	 -1.5211430000000000e+001	
  3.7775000000000000e+009	 -1.4903810000000000e+001	
  3.7788000000000000e+009	 -1.4751950000000001e+001	
  3.7801000000000000e+009	 -1.4523440000000001e+001	
  3.7814000000000000e+009	 -1.4223140000000001e+001	
  3.7827000000000000e+009	 -1.3928710000000001e+001	
  3.7840000000000000e+009	 -1.3707030000000000e+001	
  3.7853000000000000e+009	 -1.3416990000000000e+001	
  3.7866000000000000e+009	 -1.3179200000000000e+001	
  3.7879000000000000e+009	 -1.2910640000000001e+001	
  3.7892000000000000e+009	 -1.2720700000000001e+001	
  3.7905000000000000e+009	 -1.2522950000000000e+001	
  3.7918000000000000e+009	 -1.2287110000000000e+001	
  3.7931000000000000e+009	 -1.2096679999999999e+001	
  3.7944000000000000e+009	 -1.1942380000000000e+001	
  3.7957000000000000e+009	 -1.1755860000000000e+001	
  3.7970000000000000e+009	 -1.1619630000000001e+001	
  3.7983000000000000e+009	 -1.1472659999999999e+001	
  3.7996000000000000e+009	 -1.1415530000000000e+001	
  3.8009000000000000e+009	 -1.1271480000000000e+001	
  3.8022000000000000e+009	 -1.1249510000000001e+001	
  3.8035000000000000e+009	 -1.1177730000000000e+001	
  3.8048000000000000e+009	 -1.1163570000000000e+001	
  3.8061000000000000e+009	 -1.1122560000000000e+001	
  3.8074000000000000e+009	 -1.1144530000000000e+001	
  3.8087000000000000e+009	 -1.1103999999999999e+001	
  3.8100000000000000e+009	 -1.1137700000000001e+001	
  3.8113000000000000e+009	 -1.1138180000000000e+001	
  3.8126000000000000e+009	 -1.1177730000000000e+001	
  3.8139000000000000e+009	 -1.1209470000000000e+001	
  3.8152000000000000e+009	 -1.1285640000000001e+001	
  3.8165000000000000e+009	 -1.1348140000000001e+001	
  3.8178000000000000e+009	 -1.1397950000000000e+001	
  3.8191000000000000e+009	 -1.1436040000000000e+001	
  3.8204000000000000e+009	 -1.1597659999999999e+001	
  3.8217000000000000e+009	 -1.1671880000000000e+001	
  3.8230000000000000e+009	 -1.1785159999999999e+001	
  3.8243000000000000e+009	 -1.1853030000000000e+001	
  3.8256000000000000e+009	 -1.1973140000000001e+001	
  3.8269000000000000e+009	 -1.2136720000000000e+001	
  3.8282000000000000e+009	 -1.2349119999999999e+001	
  3.8295000000000000e+009	 -1.2404299999999999e+001	
  3.8308000000000000e+009	 -1.2548830000000001e+001	
  3.8321000000000000e+009	 -1.2710940000000001e+001	
  3.8334000000000000e+009	 -1.2846679999999999e+001	
  3.8347000000000000e+009	 -1.3012210000000000e+001	
  3.8360000000000000e+009	 -1.3139160000000000e+001	
  3.8373000000000000e+009	 -1.3288090000000000e+001	
  3.8386000000000000e+009	 -1.3454590000000000e+001	
  3.8399000000000000e+009	 -1.3572270000000000e+001	
  3.8412000000000000e+009	 -1.3699220000000000e+001	
  3.8425000000000000e+009	 -1.3847659999999999e+001	
  3.8438000000000000e+009	 -1.3990720000000000e+001	
  3.8451000000000000e+009	 -1.4045410000000000e+001	
  3.8464000000000000e+009	 -1.4229490000000000e+001	
  3.8477000000000000e+009	 -1.4266109999999999e+001	
  3.8490000000000000e+009	 -1.4408200000000001e+001	
  3.8503000000000000e+009	 -1.4483400000000000e+001	
  3.8516000000000000e+009	 -1.4517580000000001e+001	
  3.8529000000000000e+009	 -1.4628909999999999e+001	
  3.8542000000000000e+009	 -1.4651370000000000e+001	
  3.8555000000000000e+009	 -1.4719730000000000e+001	
  3.8568000000000000e+009	 -1.4661130000000000e+001	
  3.8581000000000000e+009	 -1.4745120000000000e+001	
  3.8594000000000000e+009	 -1.4753420000000000e+001	
  3.8607000000000000e+009	 -1.4722659999999999e+001	
  3.8620000000000000e+009	 -1.4734380000000000e+001	
  3.8633000000000000e+009	 -1.4725099999999999e+001	
  3.8646000000000000e+009	 -1.4723630000000000e+001	
  3.8659000000000000e+009	 -1.4737790000000000e+001	
  3.8672000000000000e+009	 -1.4796390000000001e+001	
  3.8685000000000000e+009	 -1.4817869999999999e+001	
  3.8698000000000000e+009	 -1.4854979999999999e+001	
  3.8711000000000000e+009	 -1.5005860000000000e+001	
  3.8724000000000000e+009	 -1.4977050000000000e+001	
  3.8737000000000000e+009	 -1.5132809999999999e+001	
  3.8750000000000000e+009	 -1.5125489999999999e+001	
  3.8763000000000000e+009	 -1.5309570000000001e+001	
  3.8776000000000000e+009	 -1.5407230000000000e+001	
  3.8789000000000000e+009	 -1.5607419999999999e+001	
  3.8802000000000000e+009	 -1.5815429999999999e+001	
  3.8815000000000000e+009	 -1.5972170000000000e+001	
  3.8828000000000000e+009	 -1.6118160000000000e+001	
  3.8841000000000000e+009	 -1.6302730000000000e+001	
  3.8854000000000000e+009	 -1.6460940000000001e+001	
  3.8867000000000000e+009	 -1.6680660000000000e+001	
  3.8880000000000000e+009	 -1.6860350000000000e+001	
  3.8893000000000000e+009	 -1.7016600000000000e+001	
  3.8906000000000000e+009	 -1.7209959999999999e+001	
  3.8919000000000000e+009	 -1.7375000000000000e+001	
  3.8932000000000000e+009	 -1.7536130000000000e+001	
  3.8945000000000000e+009	 -1.7716799999999999e+001	
  3.8958000000000000e+009	 -1.7827150000000000e+001	
  3.8971000000000000e+009	 -1.8001950000000001e+001	
  3.8984000000000000e+009	 -1.8090820000000001e+001	
  3.8997000000000000e+009	 -1.8195309999999999e+001	
  3.9010000000000000e+009	 -1.8271480000000000e+001	
  3.9023000000000000e+009	 -1.8394530000000000e+001	
  3.9036000000000000e+009	 -1.8458980000000000e+001	
  3.9049000000000000e+009	 -1.8565429999999999e+001	
  3.9062000000000000e+009	 -1.8541989999999998e+001	
  3.9075000000000000e+009	 -1.8585940000000001e+001	
  3.9088000000000000e+009	 -1.8575189999999999e+001	
  3.9101000000000000e+009	 -1.8649410000000000e+001	
  3.9114000000000000e+009	 -1.8669920000000001e+001	
  3.9127000000000000e+009	 -1.8713870000000000e+001	
  3.9140000000000000e+009	 -1.8714839999999999e+001	
  3.9153000000000000e+009	 -1.8695309999999999e+001	
  3.9166000000000000e+009	 -1.8718750000000000e+001	
  3.9179000000000000e+009	 -1.8740230000000000e+001	
  3.9192000000000000e+009	 -1.8760739999999998e+001	
  3.9205000000000000e+009	 -1.8718750000000000e+001	
  3.9218000000000000e+009	 -1.8774410000000000e+001	
  3.9231000000000000e+009	 -1.8758790000000001e+001	
  3.9244000000000000e+009	 -1.8738280000000000e+001	
  3.9257000000000000e+009	 -1.8722660000000001e+001	
  3.9270000000000000e+009	 -1.8691410000000001e+001	
  3.9283000000000000e+009	 -1.8639650000000000e+001	
  3.9296000000000000e+009	 -1.8604489999999998e+001	
  3.9309000000000000e+009	 -1.8560549999999999e+001	
  3.9322000000000000e+009	 -1.8489260000000002e+001	
  3.9335000000000000e+009	 -1.8487300000000001e+001	
  3.9348000000000000e+009	 -1.8425780000000000e+001	
  3.9361000000000000e+009	 -1.8346679999999999e+001	
  3.9374000000000000e+009	 -1.8305660000000000e+001	
  3.9387000000000000e+009	 -1.8261720000000000e+001	
  3.9400000000000000e+009	 -1.8142579999999999e+001	
  3.9413000000000000e+009	 -1.8183589999999999e+001	
  3.9426000000000000e+009	 -1.8166020000000000e+001	
  3.9439000000000000e+009	 -1.8074220000000000e+001	
  3.9452000000000000e+009	 -1.8067380000000000e+001	
  3.9465000000000000e+009	 -1.8058589999999999e+001	
  3.9478000000000000e+009	 -1.8035150000000002e+001	
  3.9491000000000000e+009	 -1.8099609999999998e+001	
  3.9504000000000000e+009	 -1.8126950000000001e+001	
  3.9517000000000000e+009	 -1.8226559999999999e+001	
  3.9530000000000000e+009	 -1.8348630000000000e+001	
  3.9543000000000000e+009	 -1.8416989999999998e+001	
  3.9556000000000000e+009	 -1.8560549999999999e+001	
  3.9569000000000000e+009	 -1.8710940000000001e+001	
  3.9582000000000000e+009	 -1.8843750000000000e+001	
  3.9595000000000000e+009	 -1.8994140000000002e+001	
  3.9608000000000000e+009	 -1.9148440000000001e+001	
  3.9621000000000000e+009	 -1.9317380000000000e+001	
  3.9634000000000000e+009	 -1.9472660000000001e+001	
  3.9647000000000000e+009	 -1.9656250000000000e+001	
  3.9660000000000000e+009	 -1.9843750000000000e+001	
  3.9673000000000000e+009	 -1.9892579999999999e+001	
  3.9686000000000000e+009	 -2.0039059999999999e+001	
  3.9699000000000000e+009	 -2.0153320000000001e+001	
  3.9712000000000000e+009	 -2.0154290000000000e+001	
  3.9725000000000000e+009	 -2.0266600000000000e+001	
  3.9738000000000000e+009	 -2.0364260000000002e+001	
  3.9751000000000000e+009	 -2.0362310000000001e+001	
  3.9764000000000000e+009	 -2.0418939999999999e+001	
  3.9777000000000000e+009	 -2.0392579999999999e+001	
  3.9790000000000000e+009	 -2.0408200000000001e+001	
  3.9803000000000000e+009	 -2.0218750000000000e+001	
  3.9816000000000000e+009	 -2.0229489999999998e+001	
  3.9829000000000000e+009	 -2.0097660000000001e+001	
  3.9842000000000000e+009	 -2.0008790000000001e+001	
  3.9855000000000000e+009	 -1.9911130000000000e+001	
  3.9868000000000000e+009	 -1.9757809999999999e+001	
  3.9881000000000000e+009	 -1.9603510000000000e+001	
  3.9894000000000000e+009	 -1.9433589999999999e+001	
  3.9907000000000000e+009	 -1.9292970000000000e+001	
  3.9920000000000000e+009	 -1.9121089999999999e+001	
  3.9933000000000000e+009	 -1.8953119999999998e+001	
  3.9946000000000000e+009	 -1.8767579999999999e+001	
  3.9959000000000000e+009	 -1.8617190000000001e+001	
  3.9972000000000000e+009	 -1.8455079999999999e+001	
  3.9985000000000000e+009	 -1.8258790000000001e+001	
  3.9998000000000000e+009	 -1.8192380000000000e+001	
  4.0011000000000000e+009	 -1.8042970000000000e+001	
  4.0024000000000000e+009	 -1.7904299999999999e+001	
  4.0037000000000000e+009	 -1.7858400000000000e+001	
  4.0050000000000000e+009	 -1.7696290000000001e+001	
  4.0063000000000000e+009	 -1.7633790000000001e+001	
  4.0076000000000000e+009	 -1.7599609999999998e+001	
  4.0089000000000000e+009	 -1.7661130000000000e+001	
  4.0102000000000000e+009	 -1.7626950000000001e+001	
  4.0115000000000000e+009	 -1.7598630000000000e+001	
  4.0128000000000000e+009	 -1.7673829999999999e+001	
  4.0141000000000000e+009	 -1.7727540000000001e+001	
  4.0154000000000000e+009	 -1.7718750000000000e+001	
  4.0167000000000000e+009	 -1.7806640000000002e+001	
  4.0180000000000000e+009	 -1.7874020000000002e+001	
  4.0193000000000000e+009	 -1.7963870000000000e+001	
  4.0206000000000000e+009	 -1.8041010000000000e+001	
  4.0219000000000000e+009	 -1.8125979999999998e+001	
  4.0232000000000000e+009	 -1.8201170000000001e+001	
  4.0245000000000000e+009	 -1.8306640000000002e+001	
  4.0258000000000000e+009	 -1.8341799999999999e+001	
  4.0271000000000000e+009	 -1.8415040000000001e+001	
  4.0284000000000000e+009	 -1.8450189999999999e+001	
  4.0297000000000000e+009	 -1.8459959999999999e+001	
  4.0310000000000000e+009	 -1.8558589999999999e+001	
  4.0323000000000000e+009	 -1.8584959999999999e+001	
  4.0336000000000000e+009	 -1.8633790000000001e+001	
  4.0349000000000000e+009	 -1.8556640000000002e+001	
  4.0362000000000000e+009	 -1.8611329999999999e+001	
  4.0375000000000000e+009	 -1.8545900000000000e+001	
  4.0388000000000000e+009	 -1.8493160000000000e+001	
  4.0401000000000000e+009	 -1.8458980000000000e+001	
  4.0414000000000000e+009	 -1.8364260000000002e+001	
  4.0427000000000000e+009	 -1.8347650000000002e+001	
  4.0440000000000000e+009	 -1.8170900000000000e+001	
  4.0453000000000000e+009	 -1.8042970000000000e+001	
  4.0466000000000000e+009	 -1.7904299999999999e+001	
  4.0479000000000000e+009	 -1.7774410000000000e+001	
  4.0492000000000000e+009	 -1.7604489999999998e+001	
  4.0505000000000000e+009	 -1.7470700000000001e+001	
  4.0518000000000000e+009	 -1.7312500000000000e+001	
  4.0531000000000000e+009	 -1.7119140000000002e+001	
  4.0544000000000000e+009	 -1.6946290000000001e+001	
  4.0557000000000000e+009	 -1.6773440000000001e+001	
  4.0570000000000000e+009	 -1.6584959999999999e+001	
  4.0583000000000000e+009	 -1.6413090000000000e+001	
  4.0596000000000000e+009	 -1.6200189999999999e+001	
  4.0609000000000000e+009	 -1.6064450000000001e+001	
  4.0622000000000000e+009	 -1.5940920000000000e+001	
  4.0635000000000000e+009	 -1.5720700000000001e+001	
  4.0648000000000000e+009	 -1.5634280000000000e+001	
  4.0661000000000000e+009	 -1.5465820000000001e+001	
  4.0674000000000000e+009	 -1.5400390000000000e+001	
  4.0687000000000000e+009	 -1.5263180000000000e+001	
  4.0700000000000000e+009	 -1.5157710000000000e+001	
  4.0713000000000000e+009	 -1.5103030000000000e+001	
  4.0726000000000000e+009	 -1.5008789999999999e+001	
  4.0739000000000000e+009	 -1.4879880000000000e+001	
  4.0752000000000000e+009	 -1.4885740000000000e+001	
  4.0765000000000000e+009	 -1.4797850000000000e+001	
  4.0778000000000000e+009	 -1.4708980000000000e+001	
  4.0791000000000000e+009	 -1.4638669999999999e+001	
  4.0804000000000000e+009	 -1.4569820000000000e+001	
  4.0817000000000000e+009	 -1.4506840000000000e+001	
  4.0830000000000000e+009	 -1.4433109999999999e+001	
  4.0843000000000000e+009	 -1.4337890000000000e+001	
  4.0856000000000000e+009	 -1.4214840000000001e+001	
  4.0869000000000000e+009	 -1.4146970000000000e+001	
  4.0882000000000000e+009	 -1.4030270000000000e+001	
  4.0895000000000000e+009	 -1.3927730000000000e+001	
  4.0908000000000000e+009	 -1.3832520000000001e+001	
  4.0921000000000000e+009	 -1.3673340000000000e+001	
  4.0934000000000000e+009	 -1.3546390000000001e+001	
  4.0947000000000000e+009	 -1.3442869999999999e+001	
  4.0960000000000000e+009	 -1.3349610000000000e+001	
  4.0973000000000000e+009	 -1.3200680000000000e+001	
  4.0986000000000000e+009	 -1.3074220000000000e+001	
  4.0999000000000000e+009	 -1.2917479999999999e+001	
  4.1012000000000000e+009	 -1.2876950000000001e+001	
  4.1025000000000000e+009	 -1.2784670000000000e+001	
  4.1038000000000000e+009	 -1.2637210000000000e+001	
  4.1051000000000000e+009	 -1.2585940000000001e+001	
  4.1064000000000000e+009	 -1.2470210000000000e+001	
  4.1077000000000000e+009	 -1.2353030000000000e+001	
  4.1090000000000000e+009	 -1.2251950000000001e+001	
  4.1103000000000000e+009	 -1.2176270000000001e+001	
  4.1116000000000000e+009	 -1.2088870000000000e+001	
  4.1129000000000000e+009	 -1.1968750000000000e+001	
  4.1142000000000000e+009	 -1.1870120000000000e+001	
  4.1155000000000000e+009	 -1.1740230000000000e+001	
  4.1168000000000000e+009	 -1.1607419999999999e+001	
  4.1181000000000000e+009	 -1.1443360000000000e+001	
  4.1194000000000000e+009	 -1.1283690000000000e+001	
  4.1207000000000000e+009	 -1.1100590000000000e+001	
  4.1220000000000000e+009	 -1.0933109999999999e+001	
  4.1233000000000000e+009	 -1.0736330000000001e+001	
  4.1246000000000000e+009	 -1.0490720000000000e+001	
  4.1259000000000000e+009	 -1.0203609999999999e+001	
  4.1272000000000000e+009	 -1.0007809999999999e+001	
  4.1285000000000000e+009	 -9.8212890000000002e+000	
  4.1298000000000000e+009	 -9.5078130000000005e+000	
  4.1311000000000000e+009	 -9.2749020000000009e+000	
  4.1324000000000000e+009	 -9.0410160000000008e+000	
  4.1337000000000000e+009	 -8.7763670000000005e+000	
  4.1350000000000000e+009	 -8.6030270000000009e+000	
  4.1363000000000000e+009	 -8.3793950000000006e+000	
  4.1376000000000000e+009	 -8.1313479999999991e+000	
  4.1389000000000000e+009	 -8.0200200000000006e+000	
  4.1402000000000000e+009	 -7.8549800000000003e+000	
  4.1415000000000000e+009	 -7.7006839999999999e+000	
  4.1428000000000000e+009	 -7.5744629999999997e+000	
  4.1441000000000000e+009	 -7.4973140000000003e+000	
  4.1454000000000000e+009	 -7.4179690000000003e+000	
  4.1467000000000000e+009	 -7.3710940000000003e+000	
  4.1480000000000000e+009	 -7.3417969999999997e+000	
  4.1493000000000000e+009	 -7.2875980000000000e+000	
  4.1506000000000000e+009	 -7.3125000000000000e+000	
  4.1519000000000000e+009	 -7.3395999999999999e+000	
  4.1532000000000000e+009	 -7.2937010000000004e+000	
  4.1545000000000000e+009	 -7.3261719999999997e+000	
  4.1558000000000000e+009	 -7.3764649999999996e+000	
  4.1571000000000000e+009	 -7.4174800000000003e+000	
  4.1584000000000000e+009	 -7.4658199999999999e+000	
  4.1597000000000000e+009	 -7.5969239999999996e+000	
  4.1610000000000000e+009	 -7.6921390000000001e+000	
  4.1623000000000000e+009	 -7.8713379999999997e+000	
  4.1636000000000000e+009	 -8.0195310000000006e+000	
  4.1649000000000000e+009	 -8.1914060000000006e+000	
  4.1662000000000000e+009	 -8.3715820000000001e+000	
  4.1675000000000000e+009	 -8.5830079999999995e+000	
  4.1688000000000000e+009	 -8.8110350000000004e+000	
  4.1701000000000000e+009	 -9.0883789999999998e+000	
  4.1714000000000000e+009	 -9.3413090000000008e+000	
  4.1727000000000000e+009	 -9.5781250000000000e+000	
  4.1740000000000000e+009	 -9.8339839999999992e+000	
  4.1753000000000000e+009	 -1.0029790000000000e+001	
  4.1766000000000000e+009	 -1.0422850000000000e+001	
  4.1779000000000000e+009	 -1.0699220000000000e+001	
  4.1792000000000000e+009	 -1.0927730000000000e+001	
  4.1805000000000000e+009	 -1.1193849999999999e+001	
  4.1818000000000000e+009	 -1.1446289999999999e+001	
  4.1831000000000000e+009	 -1.1683109999999999e+001	
  4.1844000000000000e+009	 -1.1925780000000000e+001	
  4.1857000000000000e+009	 -1.2132809999999999e+001	
  4.1870000000000000e+009	 -1.2308109999999999e+001	
  4.1883000000000000e+009	 -1.2510740000000000e+001	
  4.1896000000000000e+009	 -1.2655760000000001e+001	
  4.1909000000000000e+009	 -1.2837890000000000e+001	
  4.1922000000000000e+009	 -1.2983890000000001e+001	
  4.1935000000000000e+009	 -1.3087890000000000e+001	
  4.1948000000000000e+009	 -1.3237790000000000e+001	
  4.1961000000000000e+009	 -1.3337400000000001e+001	
  4.1974000000000000e+009	 -1.3410640000000001e+001	
  4.1987000000000000e+009	 -1.3518070000000000e+001	
  4.2000000000000000e+009	 -1.3642090000000000e+001	
  4.2013000000000000e+009	 -1.3693360000000000e+001	
  4.2026000000000000e+009	 -1.3769040000000000e+001	
  4.2039000000000000e+009	 -1.3791020000000000e+001	
  4.2052000000000000e+009	 -1.3850099999999999e+001	
  4.2065000000000000e+009	 -1.3908690000000000e+001	
  4.2078000000000000e+009	 -1.4012210000000000e+001	
  4.2091000000000000e+009	 -1.4046390000000001e+001	
  4.2104000000000000e+009	 -1.4079590000000000e+001	
  4.2117000000000000e+009	 -1.4201660000000000e+001	
  4.2130000000000000e+009	 -1.4247070000000001e+001	
  4.2143000000000000e+009	 -1.4353520000000000e+001	
  4.2156000000000000e+009	 -1.4437500000000000e+001	
  4.2169000000000000e+009	 -1.4602539999999999e+001	
  4.2182000000000000e+009	 -1.4712890000000000e+001	
  4.2195000000000000e+009	 -1.4877440000000000e+001	
  4.2208000000000000e+009	 -1.5018070000000000e+001	
  4.2221000000000000e+009	 -1.5203609999999999e+001	
  4.2234000000000000e+009	 -1.5392090000000000e+001	
  4.2247000000000000e+009	 -1.5612790000000000e+001	
  4.2260000000000000e+009	 -1.5799799999999999e+001	
  4.2273000000000000e+009	 -1.5984859999999999e+001	
  4.2286000000000000e+009	 -1.6155270000000002e+001	
  4.2299000000000000e+009	 -1.6323239999999998e+001	
  4.2312000000000000e+009	 -1.6403320000000001e+001	
  4.2325000000000000e+009	 -1.6616209999999999e+001	
  4.2338000000000000e+009	 -1.6780270000000002e+001	
  4.2351000000000000e+009	 -1.6977540000000001e+001	
  4.2364000000000000e+009	 -1.7171869999999998e+001	
  4.2377000000000000e+009	 -1.7458980000000000e+001	
  4.2390000000000000e+009	 -1.7625000000000000e+001	
  4.2403000000000000e+009	 -1.7856449999999999e+001	
  4.2416000000000000e+009	 -1.7967770000000002e+001	
  4.2429000000000000e+009	 -1.8164059999999999e+001	
  4.2442000000000000e+009	 -1.8267579999999999e+001	
  4.2455000000000000e+009	 -1.8436520000000002e+001	
  4.2468000000000000e+009	 -1.8565429999999999e+001	
  4.2481000000000000e+009	 -1.8660150000000002e+001	
  4.2494000000000000e+009	 -1.8740230000000000e+001	
  4.2507000000000000e+009	 -1.8819330000000001e+001	
  4.2520000000000000e+009	 -1.8888670000000001e+001	
  4.2533000000000000e+009	 -1.8953119999999998e+001	
  4.2546000000000000e+009	 -1.9015619999999998e+001	
  4.2559000000000000e+009	 -1.9084959999999999e+001	
  4.2572000000000000e+009	 -1.9173829999999999e+001	
  4.2585000000000000e+009	 -1.9314450000000001e+001	
  4.2598000000000000e+009	 -1.9433589999999999e+001	
  4.2611000000000000e+009	 -1.9481439999999999e+001	
  4.2624000000000000e+009	 -1.9471679999999999e+001	
  4.2637000000000000e+009	 -1.9452150000000000e+001	
  4.2650000000000000e+009	 -1.9470700000000001e+001	
  4.2663000000000000e+009	 -1.9429690000000001e+001	
  4.2676000000000000e+009	 -1.9499020000000002e+001	
  4.2689000000000000e+009	 -1.9561520000000002e+001	
  4.2702000000000000e+009	 -1.9610350000000000e+001	
  4.2715000000000000e+009	 -1.9555660000000000e+001	
  4.2728000000000000e+009	 -1.9748049999999999e+001	
  4.2741000000000000e+009	 -1.9818359999999998e+001	
  4.2754000000000000e+009	 -1.9902339999999999e+001	
  4.2767000000000000e+009	 -1.9936520000000002e+001	
  4.2780000000000000e+009	 -2.0032219999999999e+001	
  4.2793000000000000e+009	 -2.0134760000000000e+001	
  4.2806000000000000e+009	 -2.0184570000000001e+001	
  4.2819000000000000e+009	 -2.0238280000000000e+001	
  4.2832000000000000e+009	 -2.0315429999999999e+001	
  4.2845000000000000e+009	 -2.0339839999999999e+001	
  4.2858000000000000e+009	 -2.0384760000000000e+001	
  4.2871000000000000e+009	 -2.0412109999999998e+001	
  4.2884000000000000e+009	 -2.0458980000000000e+001	
  4.2897000000000000e+009	 -2.0434570000000001e+001	
  4.2910000000000000e+009	 -2.0430669999999999e+001	
  4.2923000000000000e+009	 -2.0461910000000000e+001	
  4.2936000000000000e+009	 -2.0471679999999999e+001	
  4.2949000000000000e+009	 -2.0413080000000001e+001	
  4.2962000000000000e+009	 -2.0440429999999999e+001	
  4.2975000000000000e+009	 -2.0456050000000001e+001	
  4.2988000000000000e+009	 -2.0457030000000000e+001	
  4.3001000000000000e+009	 -2.0437500000000000e+001	
  4.3014000000000000e+009	 -2.0542970000000000e+001	
  4.3027000000000000e+009	 -2.0510739999999998e+001	
  4.3040000000000000e+009	 -2.0655270000000002e+001	
  4.3053000000000000e+009	 -2.0796880000000002e+001	
  4.3066000000000000e+009	 -2.0887689999999999e+001	
  4.3079000000000000e+009	 -2.1070309999999999e+001	
  4.3092000000000000e+009	 -2.1229489999999998e+001	
  4.3105000000000000e+009	 -2.1396480000000000e+001	
  4.3118000000000000e+009	 -2.1577150000000000e+001	
  4.3131000000000000e+009	 -2.1776370000000000e+001	
  4.3144000000000000e+009	 -2.2041989999999998e+001	
  4.3157000000000000e+009	 -2.2227540000000001e+001	
  4.3170000000000000e+009	 -2.2403320000000001e+001	
  4.3183000000000000e+009	 -2.2632809999999999e+001	
  4.3196000000000000e+009	 -2.2834959999999999e+001	
  4.3209000000000000e+009	 -2.3027339999999999e+001	
  4.3222000000000000e+009	 -2.3222660000000001e+001	
  4.3235000000000000e+009	 -2.3347650000000002e+001	
  4.3248000000000000e+009	 -2.3488280000000000e+001	
  4.3261000000000000e+009	 -2.3524410000000000e+001	
  4.3274000000000000e+009	 -2.3631830000000001e+001	
  4.3287000000000000e+009	 -2.3769530000000000e+001	
  4.3300000000000000e+009	 -2.3778320000000001e+001	
  4.3313000000000000e+009	 -2.3780270000000002e+001	
  4.3326000000000000e+009	 -2.3734369999999998e+001	
  4.3339000000000000e+009	 -2.3720700000000001e+001	
  4.3352000000000000e+009	 -2.3663090000000000e+001	
  4.3365000000000000e+009	 -2.3514650000000000e+001	
  4.3378000000000000e+009	 -2.3536130000000000e+001	
  4.3391000000000000e+009	 -2.3347650000000002e+001	
  4.3404000000000000e+009	 -2.3165040000000001e+001	
  4.3417000000000000e+009	 -2.3121089999999999e+001	
  4.3430000000000000e+009	 -2.2887689999999999e+001	
  4.3443000000000000e+009	 -2.2771480000000000e+001	
  4.3456000000000000e+009	 -2.2599609999999998e+001	
  4.3469000000000000e+009	 -2.2434570000000001e+001	
  4.3482000000000000e+009	 -2.2312500000000000e+001	
  4.3495000000000000e+009	 -2.2195309999999999e+001	
  4.3508000000000000e+009	 -2.2106439999999999e+001	
  4.3521000000000000e+009	 -2.1990230000000000e+001	
  4.3534000000000000e+009	 -2.1922850000000000e+001	
  4.3547000000000000e+009	 -2.1943359999999998e+001	
  4.3560000000000000e+009	 -2.1914059999999999e+001	
  4.3573000000000000e+009	 -2.1919920000000001e+001	
  4.3586000000000000e+009	 -2.1988280000000000e+001	
  4.3599000000000000e+009	 -2.2067380000000000e+001	
  4.3612000000000000e+009	 -2.2195309999999999e+001	
  4.3625000000000000e+009	 -2.2251950000000001e+001	
  4.3638000000000000e+009	 -2.2430660000000000e+001	
  4.3651000000000000e+009	 -2.2604489999999998e+001	
  4.3664000000000000e+009	 -2.2787109999999998e+001	
  4.3677000000000000e+009	 -2.2965820000000001e+001	
  4.3690000000000000e+009	 -2.3158200000000001e+001	
  4.3703000000000000e+009	 -2.3257809999999999e+001	
  4.3716000000000000e+009	 -2.3443359999999998e+001	
  4.3729000000000000e+009	 -2.3646480000000000e+001	
  4.3742000000000000e+009	 -2.3883790000000001e+001	
  4.3755000000000000e+009	 -2.4021480000000000e+001	
  4.3768000000000000e+009	 -2.4185540000000000e+001	
  4.3781000000000000e+009	 -2.4346679999999999e+001	
  4.3794000000000000e+009	 -2.4461910000000000e+001	
  4.3807000000000000e+009	 -2.4622070000000001e+001	
  4.3820000000000000e+009	 -2.4729489999999998e+001	
  4.3833000000000000e+009	 -2.4837890000000002e+001	
  4.3846000000000000e+009	 -2.4961910000000000e+001	
  4.3859000000000000e+009	 -2.5059570000000001e+001	
  4.3872000000000000e+009	 -2.5100580000000001e+001	
  4.3885000000000000e+009	 -2.5174800000000001e+001	
  4.3898000000000000e+009	 -2.5219729999999998e+001	
  4.3911000000000000e+009	 -2.5211910000000000e+001	
  4.3924000000000000e+009	 -2.5229489999999998e+001	
  4.3937000000000000e+009	 -2.5230460000000001e+001	
  4.3950000000000000e+009	 -2.5260739999999998e+001	
  4.3963000000000000e+009	 -2.5122070000000001e+001	
  4.3976000000000000e+009	 -2.5158200000000001e+001	
  4.3989000000000000e+009	 -2.5054680000000001e+001	
  4.4002000000000000e+009	 -2.5038080000000001e+001	
  4.4015000000000000e+009	 -2.4854489999999998e+001	
  4.4028000000000000e+009	 -2.4809570000000001e+001	
  4.4041000000000000e+009	 -2.4620110000000000e+001	
  4.4054000000000000e+009	 -2.4563469999999999e+001	
  4.4067000000000000e+009	 -2.4415040000000001e+001	
  4.4080000000000000e+009	 -2.4227540000000001e+001	
  4.4093000000000000e+009	 -2.4111329999999999e+001	
  4.4106000000000000e+009	 -2.3945309999999999e+001	
  4.4119000000000000e+009	 -2.3823239999999998e+001	
  4.4132000000000000e+009	 -2.3684570000000001e+001	
  4.4145000000000000e+009	 -2.3582030000000000e+001	
  4.4158000000000000e+009	 -2.3472660000000001e+001	
  4.4171000000000000e+009	 -2.3431640000000002e+001	
  4.4184000000000000e+009	 -2.3357420000000001e+001	
  4.4197000000000000e+009	 -2.3331060000000001e+001	
  4.4210000000000000e+009	 -2.3344729999999998e+001	
  4.4223000000000000e+009	 -2.3346679999999999e+001	
  4.4236000000000000e+009	 -2.3433589999999999e+001	
  4.4249000000000000e+009	 -2.3470700000000001e+001	
  4.4262000000000000e+009	 -2.3556640000000002e+001	
  4.4275000000000000e+009	 -2.3690429999999999e+001	
  4.4288000000000000e+009	 -2.3763670000000001e+001	
  4.4301000000000000e+009	 -2.3956060000000001e+001	
  4.4314000000000000e+009	 -2.4099609999999998e+001	
  4.4327000000000000e+009	 -2.4202150000000000e+001	
  4.4340000000000000e+009	 -2.4412109999999998e+001	
  4.4353000000000000e+009	 -2.4533200000000001e+001	
  4.4366000000000000e+009	 -2.4713860000000000e+001	
  4.4379000000000000e+009	 -2.4816400000000002e+001	
  4.4392000000000000e+009	 -2.4954100000000000e+001	
  4.4405000000000000e+009	 -2.5107420000000001e+001	
  4.4418000000000000e+009	 -2.5194330000000001e+001	
  4.4431000000000000e+009	 -2.5235350000000000e+001	
  4.4444000000000000e+009	 -2.5342770000000002e+001	
  4.4457000000000000e+009	 -2.5346679999999999e+001	
  4.4470000000000000e+009	 -2.5384760000000000e+001	
  4.4483000000000000e+009	 -2.5424800000000001e+001	
  4.4496000000000000e+009	 -2.5404299999999999e+001	
  4.4509000000000000e+009	 -2.5406250000000000e+001	
  4.4522000000000000e+009	 -2.5379880000000000e+001	
  4.4535000000000000e+009	 -2.5345700000000001e+001	
  4.4548000000000000e+009	 -2.5321290000000001e+001	
  4.4561000000000000e+009	 -2.5268550000000001e+001	
  4.4574000000000000e+009	 -2.5162109999999998e+001	
  4.4587000000000000e+009	 -2.5113280000000000e+001	
  4.4600000000000000e+009	 -2.5099609999999998e+001	
  4.4613000000000000e+009	 -2.5066400000000002e+001	
  4.4626000000000000e+009	 -2.5057620000000000e+001	
  4.4639000000000000e+009	 -2.5009770000000000e+001	
  4.4652000000000000e+009	 -2.4962890000000002e+001	
  4.4665000000000000e+009	 -2.4927730000000000e+001	
  4.4678000000000000e+009	 -2.5015619999999998e+001	
  4.4691000000000000e+009	 -2.4968750000000000e+001	
  4.4704000000000000e+009	 -2.4950189999999999e+001	
  4.4717000000000000e+009	 -2.4933589999999999e+001	
  4.4730000000000000e+009	 -2.4991209999999999e+001	
  4.4743000000000000e+009	 -2.4994140000000002e+001	
  4.4756000000000000e+009	 -2.5009770000000000e+001	
  4.4769000000000000e+009	 -2.5008790000000001e+001	
  4.4782000000000000e+009	 -2.5004880000000000e+001	
  4.4795000000000000e+009	 -2.5000969999999999e+001	
  4.4808000000000000e+009	 -2.4958980000000000e+001	
  4.4821000000000000e+009	 -2.4932610000000000e+001	
  4.4834000000000000e+009	 -2.4896480000000000e+001	
  4.4847000000000000e+009	 -2.4834959999999999e+001	
  4.4860000000000000e+009	 -2.4748040000000000e+001	
  4.4873000000000000e+009	 -2.4673819999999999e+001	
  4.4886000000000000e+009	 -2.4594729999999998e+001	
  4.4899000000000000e+009	 -2.4526370000000000e+001	
  4.4912000000000000e+009	 -2.4362300000000001e+001	
  4.4925000000000000e+009	 -2.4246089999999999e+001	
  4.4938000000000000e+009	 -2.4112300000000001e+001	
  4.4951000000000000e+009	 -2.3959959999999999e+001	
  4.4964000000000000e+009	 -2.3938469999999999e+001	
  4.4977000000000000e+009	 -2.3814450000000001e+001	
  4.4990000000000000e+009	 -2.3733400000000000e+001	
  4.5003000000000000e+009	 -2.3597660000000001e+001	
  4.5016000000000000e+009	 -2.3672850000000000e+001	
  4.5029000000000000e+009	 -2.3615230000000000e+001	
  4.5042000000000000e+009	 -2.3609380000000002e+001	
  4.5055000000000000e+009	 -2.3686520000000002e+001	
  4.5068000000000000e+009	 -2.3723630000000000e+001	
  4.5081000000000000e+009	 -2.3836910000000000e+001	
  4.5094000000000000e+009	 -2.3909179999999999e+001	
  4.5107000000000000e+009	 -2.4050780000000000e+001	
  4.5120000000000000e+009	 -2.4168939999999999e+001	
  4.5133000000000000e+009	 -2.4321290000000001e+001	
  4.5146000000000000e+009	 -2.4462890000000002e+001	
  4.5159000000000000e+009	 -2.4617190000000001e+001	
  4.5172000000000000e+009	 -2.4774410000000000e+001	
  4.5185000000000000e+009	 -2.4883790000000001e+001	
  4.5198000000000000e+009	 -2.5031250000000000e+001	
  4.5211000000000000e+009	 -2.5063479999999998e+001	
  4.5224000000000000e+009	 -2.5170900000000000e+001	
  4.5237000000000000e+009	 -2.5145510000000002e+001	
  4.5250000000000000e+009	 -2.5239260000000002e+001	
  4.5263000000000000e+009	 -2.5223630000000000e+001	
  4.5276000000000000e+009	 -2.5148430000000001e+001	
  4.5289000000000000e+009	 -2.5010739999999998e+001	
  4.5302000000000000e+009	 -2.4983400000000000e+001	
  4.5315000000000000e+009	 -2.4747070000000001e+001	
  4.5328000000000000e+009	 -2.4555660000000000e+001	
  4.5341000000000000e+009	 -2.4175780000000000e+001	
  4.5354000000000000e+009	 -2.3845700000000001e+001	
  4.5367000000000000e+009	 -2.3462890000000002e+001	
  4.5380000000000000e+009	 -2.2955079999999999e+001	
  4.5393000000000000e+009	 -2.2387699999999999e+001	
  4.5406000000000000e+009	 -2.1988280000000000e+001	
  4.5419000000000000e+009	 -2.2208980000000000e+001	
  4.5432000000000000e+009	 -2.3994140000000002e+001	
  4.5445000000000000e+009	 -2.7346679999999999e+001	
  4.5458000000000000e+009	 -2.9882809999999999e+001	
  4.5471000000000000e+009	 -3.0134760000000000e+001	
  4.5484000000000000e+009	 -2.9283200000000001e+001	
  4.5497000000000000e+009	 -2.8367190000000001e+001	
  4.5510000000000000e+009	 -2.7552730000000000e+001	
  4.5523000000000000e+009	 -2.6891600000000000e+001	
  4.5536000000000000e+009	 -2.6422850000000000e+001	
  4.5549000000000000e+009	 -2.6013670000000001e+001	
  4.5562000000000000e+009	 -2.5711910000000000e+001	
  4.5575000000000000e+009	 -2.5449220000000000e+001	
  4.5588000000000000e+009	 -2.5184570000000001e+001	
  4.5601000000000000e+009	 -2.4971679999999999e+001	
  4.5614000000000000e+009	 -2.4938469999999999e+001	
  4.5627000000000000e+009	 -2.4745120000000000e+001	
  4.5640000000000000e+009	 -2.4741209999999999e+001	
  4.5653000000000000e+009	 -2.4711910000000000e+001	
  4.5666000000000000e+009	 -2.4731449999999999e+001	
  4.5679000000000000e+009	 -2.4718750000000000e+001	
  4.5692000000000000e+009	 -2.4711910000000000e+001	
  4.5705000000000000e+009	 -2.4791989999999998e+001	
  4.5718000000000000e+009	 -2.4890619999999998e+001	
  4.5731000000000000e+009	 -2.4962890000000002e+001	
  4.5744000000000000e+009	 -2.5051760000000002e+001	
  4.5757000000000000e+009	 -2.5160160000000001e+001	
  4.5770000000000000e+009	 -2.5257809999999999e+001	
  4.5783000000000000e+009	 -2.5369140000000002e+001	
  4.5796000000000000e+009	 -2.5470700000000001e+001	
  4.5809000000000000e+009	 -2.5582999999999998e+001	
  4.5822000000000000e+009	 -2.5585940000000001e+001	
  4.5835000000000000e+009	 -2.5776370000000000e+001	
  4.5848000000000000e+009	 -2.5807610000000000e+001	
  4.5861000000000000e+009	 -2.5836910000000000e+001	
  4.5874000000000000e+009	 -2.5887689999999999e+001	
  4.5887000000000000e+009	 -2.5889640000000000e+001	
  4.5900000000000000e+009	 -2.5895499999999998e+001	
  4.5913000000000000e+009	 -2.5891600000000000e+001	
  4.5926000000000000e+009	 -2.5866209999999999e+001	
  4.5939000000000000e+009	 -2.5797850000000000e+001	
  4.5952000000000000e+009	 -2.5709959999999999e+001	
  4.5965000000000000e+009	 -2.5694330000000001e+001	
  4.5978000000000000e+009	 -2.5613280000000000e+001	
  4.5991000000000000e+009	 -2.5513670000000001e+001	
  4.6004000000000000e+009	 -2.5377929999999999e+001	
  4.6017000000000000e+009	 -2.5272459999999999e+001	
  4.6030000000000000e+009	 -2.5101559999999999e+001	
  4.6043000000000000e+009	 -2.4958980000000000e+001	
  4.6056000000000000e+009	 -2.4775390000000002e+001	
  4.6069000000000000e+009	 -2.4600580000000001e+001	
  4.6082000000000000e+009	 -2.4405270000000002e+001	
  4.6095000000000000e+009	 -2.4206050000000001e+001	
  4.6108000000000000e+009	 -2.4054680000000001e+001	
  4.6121000000000000e+009	 -2.3874020000000002e+001	
  4.6134000000000000e+009	 -2.3727540000000001e+001	
  4.6147000000000000e+009	 -2.3557620000000000e+001	
  4.6160000000000000e+009	 -2.3465820000000001e+001	
  4.6173000000000000e+009	 -2.3357420000000001e+001	
  4.6186000000000000e+009	 -2.3183589999999999e+001	
  4.6199000000000000e+009	 -2.3171869999999998e+001	
  4.6212000000000000e+009	 -2.3044920000000001e+001	
  4.6225000000000000e+009	 -2.3043939999999999e+001	
  4.6238000000000000e+009	 -2.3065429999999999e+001	
  4.6251000000000000e+009	 -2.3073239999999998e+001	
  4.6264000000000000e+009	 -2.3060549999999999e+001	
  4.6277000000000000e+009	 -2.3133790000000001e+001	
  4.6290000000000000e+009	 -2.3180660000000000e+001	
  4.6303000000000000e+009	 -2.3214839999999999e+001	
  4.6316000000000000e+009	 -2.3264650000000000e+001	
  4.6329000000000000e+009	 -2.3313469999999999e+001	
  4.6342000000000000e+009	 -2.3373049999999999e+001	
  4.6355000000000000e+009	 -2.3397459999999999e+001	
  4.6368000000000000e+009	 -2.3480470000000000e+001	
  4.6381000000000000e+009	 -2.3543939999999999e+001	
  4.6394000000000000e+009	 -2.3562500000000000e+001	
  4.6407000000000000e+009	 -2.3561520000000002e+001	
  4.6420000000000000e+009	 -2.3570309999999999e+001	
  4.6433000000000000e+009	 -2.3532219999999999e+001	
  4.6446000000000000e+009	 -2.3550780000000000e+001	
  4.6459000000000000e+009	 -2.3547850000000000e+001	
  4.6472000000000000e+009	 -2.3476559999999999e+001	
  4.6485000000000000e+009	 -2.3520510000000002e+001	
  4.6498000000000000e+009	 -2.3399419999999999e+001	
  4.6511000000000000e+009	 -2.3350590000000000e+001	
  4.6524000000000000e+009	 -2.3346679999999999e+001	
  4.6537000000000000e+009	 -2.3261720000000000e+001	
  4.6550000000000000e+009	 -2.3216799999999999e+001	
  4.6563000000000000e+009	 -2.3166010000000000e+001	
  4.6576000000000000e+009	 -2.3059570000000001e+001	
  4.6589000000000000e+009	 -2.3147459999999999e+001	
  4.6602000000000000e+009	 -2.3057620000000000e+001	
  4.6615000000000000e+009	 -2.3046880000000002e+001	
  4.6628000000000000e+009	 -2.3018560000000001e+001	
  4.6641000000000000e+009	 -2.3085940000000001e+001	
  4.6654000000000000e+009	 -2.3041010000000000e+001	
  4.6667000000000000e+009	 -2.3022459999999999e+001	
  4.6680000000000000e+009	 -2.3043939999999999e+001	
  4.6693000000000000e+009	 -2.3066410000000001e+001	
  4.6706000000000000e+009	 -2.3077150000000000e+001	
  4.6719000000000000e+009	 -2.3055660000000000e+001	
  4.6732000000000000e+009	 -2.3080079999999999e+001	
  4.6745000000000000e+009	 -2.3086919999999999e+001	
  4.6758000000000000e+009	 -2.3047850000000000e+001	
  4.6771000000000000e+009	 -2.3032229999999998e+001	
  4.6784000000000000e+009	 -2.3018560000000001e+001	
  4.6797000000000000e+009	 -2.2875979999999998e+001	
  4.6810000000000000e+009	 -2.2882809999999999e+001	
  4.6823000000000000e+009	 -2.2754880000000000e+001	
  4.6836000000000000e+009	 -2.2690429999999999e+001	
  4.6849000000000000e+009	 -2.2559570000000001e+001	
  4.6862000000000000e+009	 -2.2464839999999999e+001	
  4.6875000000000000e+009	 -2.2319340000000000e+001	
  4.6888000000000000e+009	 -2.2216799999999999e+001	
  4.6901000000000000e+009	 -2.2018550000000001e+001	
  4.6914000000000000e+009	 -2.1840820000000001e+001	
  4.6927000000000000e+009	 -2.1669920000000001e+001	
  4.6940000000000000e+009	 -2.1541010000000000e+001	
  4.6953000000000000e+009	 -2.1332030000000000e+001	
  4.6966000000000000e+009	 -2.1233400000000000e+001	
  4.6979000000000000e+009	 -2.1018550000000001e+001	
  4.6992000000000000e+009	 -2.0916010000000000e+001	
  4.7005000000000000e+009	 -2.0783200000000001e+001	
  4.7018000000000000e+009	 -2.0720700000000001e+001	
  4.7031000000000000e+009	 -2.0597650000000002e+001	
  4.7044000000000000e+009	 -2.0552740000000000e+001	
  4.7057000000000000e+009	 -2.0507809999999999e+001	
  4.7070000000000000e+009	 -2.0465820000000001e+001	
  4.7083000000000000e+009	 -2.0463870000000000e+001	
  4.7096000000000000e+009	 -2.0503910000000001e+001	
  4.7109000000000000e+009	 -2.0409179999999999e+001	
  4.7122000000000000e+009	 -2.0476559999999999e+001	
  4.7135000000000000e+009	 -2.0518560000000001e+001	
  4.7148000000000000e+009	 -2.0608400000000000e+001	
  4.7161000000000000e+009	 -2.0708010000000002e+001	
  4.7174000000000000e+009	 -2.0737300000000001e+001	
  4.7187000000000000e+009	 -2.0909179999999999e+001	
  4.7200000000000000e+009	 -2.0940429999999999e+001	
  4.7213000000000000e+009	 -2.1072260000000000e+001	
  4.7226000000000000e+009	 -2.1145510000000002e+001	
  4.7239000000000000e+009	 -2.1176760000000002e+001	
  4.7252000000000000e+009	 -2.1215820000000001e+001	
  4.7265000000000000e+009	 -2.1299810000000001e+001	
  4.7278000000000000e+009	 -2.1326170000000001e+001	
  4.7291000000000000e+009	 -2.1305660000000000e+001	
  4.7304000000000000e+009	 -2.1382809999999999e+001	
  4.7317000000000000e+009	 -2.1352540000000001e+001	
  4.7330000000000000e+009	 -2.1363280000000000e+001	
  4.7343000000000000e+009	 -2.1302730000000000e+001	
  4.7356000000000000e+009	 -2.1231449999999999e+001	
  4.7369000000000000e+009	 -2.1179690000000001e+001	
  4.7382000000000000e+009	 -2.1125000000000000e+001	
  4.7395000000000000e+009	 -2.0978510000000000e+001	
  4.7408000000000000e+009	 -2.0850590000000000e+001	
  4.7421000000000000e+009	 -2.0767579999999999e+001	
  4.7434000000000000e+009	 -2.0637689999999999e+001	
  4.7447000000000000e+009	 -2.0426749999999998e+001	
  4.7460000000000000e+009	 -2.0282229999999998e+001	
  4.7473000000000000e+009	 -2.0133790000000001e+001	
  4.7486000000000000e+009	 -2.0018550000000001e+001	
  4.7499000000000000e+009	 -1.9753900000000002e+001	
  4.7512000000000000e+009	 -1.9541989999999998e+001	
  4.7525000000000000e+009	 -1.9369140000000002e+001	
  4.7538000000000000e+009	 -1.9163080000000001e+001	
  4.7551000000000000e+009	 -1.8912109999999998e+001	
  4.7564000000000000e+009	 -1.8727540000000001e+001	
  4.7577000000000000e+009	 -1.8527339999999999e+001	
  4.7590000000000000e+009	 -1.8285160000000001e+001	
  4.7603000000000000e+009	 -1.8122070000000001e+001	
  4.7616000000000000e+009	 -1.7969729999999998e+001	
  4.7629000000000000e+009	 -1.7864260000000002e+001	
  4.7642000000000000e+009	 -1.7737300000000001e+001	
  4.7655000000000000e+009	 -1.7603510000000000e+001	
  4.7668000000000000e+009	 -1.7530270000000002e+001	
  4.7681000000000000e+009	 -1.7485350000000000e+001	
  4.7694000000000000e+009	 -1.7407229999999998e+001	
  4.7707000000000000e+009	 -1.7455079999999999e+001	
  4.7720000000000000e+009	 -1.7450189999999999e+001	
  4.7733000000000000e+009	 -1.7438479999999998e+001	
  4.7746000000000000e+009	 -1.7530270000000002e+001	
  4.7759000000000000e+009	 -1.7561520000000002e+001	
  4.7772000000000000e+009	 -1.7705079999999999e+001	
  4.7785000000000000e+009	 -1.7721679999999999e+001	
  4.7798000000000000e+009	 -1.7800780000000000e+001	
  4.7811000000000000e+009	 -1.7887689999999999e+001	
  4.7824000000000000e+009	 -1.8021480000000000e+001	
  4.7837000000000000e+009	 -1.8105470000000000e+001	
  4.7850000000000000e+009	 -1.8139650000000000e+001	
  4.7863000000000000e+009	 -1.8126950000000001e+001	
  4.7876000000000000e+009	 -1.8259760000000000e+001	
  4.7889000000000000e+009	 -1.8271480000000000e+001	
  4.7902000000000000e+009	 -1.8278320000000001e+001	
  4.7915000000000000e+009	 -1.8209959999999999e+001	
  4.7928000000000000e+009	 -1.8177730000000000e+001	
  4.7941000000000000e+009	 -1.8104489999999998e+001	
  4.7954000000000000e+009	 -1.8004880000000000e+001	
  4.7967000000000000e+009	 -1.7891600000000000e+001	
  4.7980000000000000e+009	 -1.7768550000000001e+001	
  4.7993000000000000e+009	 -1.7588870000000000e+001	
  4.8006000000000000e+009	 -1.7409179999999999e+001	
  4.8019000000000000e+009	 -1.7184570000000001e+001	
  4.8032000000000000e+009	 -1.7004880000000000e+001	
  4.8045000000000000e+009	 -1.6775390000000002e+001	
  4.8058000000000000e+009	 -1.6534179999999999e+001	
  4.8071000000000000e+009	 -1.6266600000000000e+001	
  4.8084000000000000e+009	 -1.6057620000000000e+001	
  4.8097000000000000e+009	 -1.5793460000000000e+001	
  4.8110000000000000e+009	 -1.5507320000000000e+001	
  4.8123000000000000e+009	 -1.5250980000000000e+001	
  4.8136000000000000e+009	 -1.5078609999999999e+001	
  4.8149000000000000e+009	 -1.4825200000000001e+001	
  4.8162000000000000e+009	 -1.4637210000000000e+001	
  4.8175000000000000e+009	 -1.4408200000000001e+001	
  4.8188000000000000e+009	 -1.4320800000000000e+001	
  4.8201000000000000e+009	 -1.4116210000000001e+001	
  4.8214000000000000e+009	 -1.3958980000000000e+001	
  4.8227000000000000e+009	 -1.3828609999999999e+001	
  4.8240000000000000e+009	 -1.3740230000000000e+001	
  4.8253000000000000e+009	 -1.3628909999999999e+001	
  4.8266000000000000e+009	 -1.3515630000000000e+001	
  4.8279000000000000e+009	 -1.3393070000000000e+001	
  4.8292000000000000e+009	 -1.3291020000000000e+001	
  4.8305000000000000e+009	 -1.3205080000000001e+001	
  4.8318000000000000e+009	 -1.3083010000000000e+001	
  4.8331000000000000e+009	 -1.2969239999999999e+001	
  4.8344000000000000e+009	 -1.2854490000000000e+001	
  4.8357000000000000e+009	 -1.2761229999999999e+001	
  4.8370000000000000e+009	 -1.2588870000000000e+001	
  4.8383000000000000e+009	 -1.2489260000000000e+001	
  4.8396000000000000e+009	 -1.2321780000000000e+001	
  4.8409000000000000e+009	 -1.2175780000000000e+001	
  4.8422000000000000e+009	 -1.1915039999999999e+001	
  4.8435000000000000e+009	 -1.1831540000000000e+001	
  4.8448000000000000e+009	 -1.1626460000000000e+001	
  4.8461000000000000e+009	 -1.1449710000000000e+001	
  4.8474000000000000e+009	 -1.1226559999999999e+001	
  4.8487000000000000e+009	 -1.1034179999999999e+001	
  4.8500000000000000e+009	 -1.0897950000000000e+001	
  4.8513000000000000e+009	 -1.0637700000000001e+001	
  4.8526000000000000e+009	 -1.0451660000000000e+001	
  4.8539000000000000e+009	 -1.0295410000000000e+001	
  4.8552000000000000e+009	 -1.0098140000000001e+001	
  4.8565000000000000e+009	 -9.9462890000000002e+000	
  4.8578000000000000e+009	 -9.7797850000000004e+000	
  4.8591000000000000e+009	 -9.6455079999999995e+000	
  4.8604000000000000e+009	 -9.4653320000000001e+000	
  4.8617000000000000e+009	 -9.3208009999999994e+000	
  4.8630000000000000e+009	 -9.1918950000000006e+000	
  4.8643000000000000e+009	 -9.0156250000000000e+000	
  4.8656000000000000e+009	 -8.8984380000000005e+000	
  4.8669000000000000e+009	 -8.7368159999999992e+000	
  4.8682000000000000e+009	 -8.6259770000000007e+000	
  4.8695000000000000e+009	 -8.4326170000000005e+000	
  4.8708000000000000e+009	 -8.2773439999999994e+000	
  4.8721000000000000e+009	 -8.1826170000000005e+000	
  4.8734000000000000e+009	 -8.0795899999999996e+000	
  4.8747000000000000e+009	 -7.9030760000000004e+000	
  4.8760000000000000e+009	 -7.7883300000000002e+000	
  4.8773000000000000e+009	 -7.6823730000000001e+000	
  4.8786000000000000e+009	 -7.6237789999999999e+000	
  4.8799000000000000e+009	 -7.5288089999999999e+000	
  4.8812000000000000e+009	 -7.5273440000000003e+000	
  4.8825000000000000e+009	 -7.5200199999999997e+000	
  4.8838000000000000e+009	 -7.5302730000000002e+000	
  4.8851000000000000e+009	 -7.5751949999999999e+000	
  4.8864000000000000e+009	 -7.6420899999999996e+000	
  4.8877000000000000e+009	 -7.6821289999999998e+000	
  4.8890000000000000e+009	 -7.8195800000000002e+000	
  4.8903000000000000e+009	 -7.9096679999999999e+000	
  4.8916000000000000e+009	 -7.9616699999999998e+000	
  4.8929000000000000e+009	 -8.1640630000000005e+000	
  4.8942000000000000e+009	 -8.1577149999999996e+000	
  4.8955000000000000e+009	 -8.2968750000000000e+000	
  4.8968000000000000e+009	 -8.3984380000000005e+000	
  4.8981000000000000e+009	 -8.3823240000000006e+000	
  4.8994000000000000e+009	 -8.5825200000000006e+000	
  4.9007000000000000e+009	 -8.6411130000000007e+000	
  4.9020000000000000e+009	 -8.6542969999999997e+000	
  4.9033000000000000e+009	 -8.7319340000000008e+000	
  4.9046000000000000e+009	 -8.8457030000000003e+000	
  4.9059000000000000e+009	 -8.9394530000000003e+000	
  4.9072000000000000e+009	 -8.9785160000000008e+000	
  4.9085000000000000e+009	 -9.0878910000000008e+000	
  4.9098000000000000e+009	 -9.1914060000000006e+000	
  4.9111000000000000e+009	 -9.3598630000000007e+000	
  4.9124000000000000e+009	 -9.4750979999999991e+000	
  4.9137000000000000e+009	 -9.6357420000000005e+000	
  4.9150000000000000e+009	 -9.8125000000000000e+000	
  4.9163000000000000e+009	 -1.0033200000000001e+001	
  4.9176000000000000e+009	 -1.0259770000000000e+001	
  4.9189000000000000e+009	 -1.0460940000000001e+001	
  4.9202000000000000e+009	 -1.0685549999999999e+001	
  4.9215000000000000e+009	 -1.0969239999999999e+001	
  4.9228000000000000e+009	 -1.1292479999999999e+001	
  4.9241000000000000e+009	 -1.1572749999999999e+001	
  4.9254000000000000e+009	 -1.1864750000000001e+001	
  4.9267000000000000e+009	 -1.2207520000000001e+001	
  4.9280000000000000e+009	 -1.2484859999999999e+001	
  4.9293000000000000e+009	 -1.2800290000000000e+001	
  4.9306000000000000e+009	 -1.3106450000000001e+001	
  4.9319000000000000e+009	 -1.3465330000000000e+001	
  4.9332000000000000e+009	 -1.3748540000000000e+001	
  4.9345000000000000e+009	 -1.4024410000000000e+001	
  4.9358000000000000e+009	 -1.4339359999999999e+001	
  4.9371000000000000e+009	 -1.4612299999999999e+001	
  4.9384000000000000e+009	 -1.4865230000000000e+001	
  4.9397000000000000e+009	 -1.5109859999999999e+001	
  4.9410000000000000e+009	 -1.5319340000000000e+001	
  4.9423000000000000e+009	 -1.5583500000000001e+001	
  4.9436000000000000e+009	 -1.5737790000000000e+001	
  4.9449000000000000e+009	 -1.5918460000000000e+001	
  4.9462000000000000e+009	 -1.6148440000000001e+001	
  4.9475000000000000e+009	 -1.6254880000000000e+001	
  4.9488000000000000e+009	 -1.6361329999999999e+001	
  4.9501000000000000e+009	 -1.6524410000000000e+001	
  4.9514000000000000e+009	 -1.6591799999999999e+001	
  4.9527000000000000e+009	 -1.6663080000000001e+001	
  4.9540000000000000e+009	 -1.6748049999999999e+001	
  4.9553000000000000e+009	 -1.6712890000000002e+001	
  4.9566000000000000e+009	 -1.6697260000000000e+001	
  4.9579000000000000e+009	 -1.6723630000000000e+001	
  4.9592000000000000e+009	 -1.6768550000000001e+001	
  4.9605000000000000e+009	 -1.6700189999999999e+001	
  4.9618000000000000e+009	 -1.6637689999999999e+001	
  4.9631000000000000e+009	 -1.6642579999999999e+001	
  4.9644000000000000e+009	 -1.6554690000000001e+001	
  4.9657000000000000e+009	 -1.6527339999999999e+001	
  4.9670000000000000e+009	 -1.6475580000000001e+001	
  4.9683000000000000e+009	 -1.6412109999999998e+001	
  4.9696000000000000e+009	 -1.6379880000000000e+001	
  4.9709000000000000e+009	 -1.6366209999999999e+001	
  4.9722000000000000e+009	 -1.6384760000000000e+001	
  4.9735000000000000e+009	 -1.6407229999999998e+001	
  4.9748000000000000e+009	 -1.6503910000000001e+001	
  4.9761000000000000e+009	 -1.6530270000000002e+001	
  4.9774000000000000e+009	 -1.6629880000000000e+001	
  4.9787000000000000e+009	 -1.6773440000000001e+001	
  4.9800000000000000e+009	 -1.6957030000000000e+001	
  4.9813000000000000e+009	 -1.7165040000000001e+001	
  4.9826000000000000e+009	 -1.7269530000000000e+001	
  4.9839000000000000e+009	 -1.7460940000000001e+001	
  4.9852000000000000e+009	 -1.7703119999999998e+001	
  4.9865000000000000e+009	 -1.7942380000000000e+001	
  4.9878000000000000e+009	 -1.8218750000000000e+001	
  4.9891000000000000e+009	 -1.8474609999999998e+001	
  4.9904000000000000e+009	 -1.8721679999999999e+001	
  4.9917000000000000e+009	 -1.8951170000000001e+001	
  4.9930000000000000e+009	 -1.9159179999999999e+001	
  4.9943000000000000e+009	 -1.9434570000000001e+001	
  4.9956000000000000e+009	 -1.9642579999999999e+001	
  4.9969000000000000e+009	 -1.9833980000000000e+001	
  4.9982000000000000e+009	 -1.9996089999999999e+001	
  4.9995000000000000e+009	 -2.0134760000000000e+001	
  5.0008000000000000e+009	 -2.0300780000000000e+001	
  5.0021000000000000e+009	 -2.0405270000000002e+001	
  5.0034000000000000e+009	 -2.0517579999999999e+001	
  5.0047000000000000e+009	 -2.0607420000000001e+001	
  5.0060000000000000e+009	 -2.0718750000000000e+001	
  5.0073000000000000e+009	 -2.0746089999999999e+001	
  5.0086000000000000e+009	 -2.0763670000000001e+001	
  5.0099000000000000e+009	 -2.0775390000000002e+001	
  5.0112000000000000e+009	 -2.0793939999999999e+001	
  5.0125000000000000e+009	 -2.0853510000000000e+001	
  5.0138000000000000e+009	 -2.0818359999999998e+001	
  5.0151000000000000e+009	 -2.0783200000000001e+001	
  5.0164000000000000e+009	 -2.0781250000000000e+001	
  5.0177000000000000e+009	 -2.0782229999999998e+001	
  5.0190000000000000e+009	 -2.0797850000000000e+001	
  5.0203000000000000e+009	 -2.0789059999999999e+001	
  5.0216000000000000e+009	 -2.0793939999999999e+001	
  5.0229000000000000e+009	 -2.0824220000000000e+001	
  5.0242000000000000e+009	 -2.0736329999999999e+001	
  5.0255000000000000e+009	 -2.0751950000000001e+001	
  5.0268000000000000e+009	 -2.0851559999999999e+001	
  5.0281000000000000e+009	 -2.0857420000000001e+001	
  5.0294000000000000e+009	 -2.0832030000000000e+001	
  5.0307000000000000e+009	 -2.0836910000000000e+001	
  5.0320000000000000e+009	 -2.0878910000000001e+001	
  5.0333000000000000e+009	 -2.0905270000000002e+001	
  5.0346000000000000e+009	 -2.0893550000000001e+001	
  5.0359000000000000e+009	 -2.0930660000000000e+001	
  5.0372000000000000e+009	 -2.0967770000000002e+001	
  5.0385000000000000e+009	 -2.0966799999999999e+001	
  5.0398000000000000e+009	 -2.0927730000000000e+001	
  5.0411000000000000e+009	 -2.0972660000000001e+001	
  5.0424000000000000e+009	 -2.1015630000000002e+001	
  5.0437000000000000e+009	 -2.1010739999999998e+001	
  5.0450000000000000e+009	 -2.1023440000000001e+001	
  5.0463000000000000e+009	 -2.1047850000000000e+001	
  5.0476000000000000e+009	 -2.0999020000000002e+001	
  5.0489000000000000e+009	 -2.1070309999999999e+001	
  5.0502000000000000e+009	 -2.1097660000000001e+001	
  5.0515000000000000e+009	 -2.1050780000000000e+001	
  5.0528000000000000e+009	 -2.1168939999999999e+001	
  5.0541000000000000e+009	 -2.1170900000000000e+001	
  5.0554000000000000e+009	 -2.1299810000000001e+001	
  5.0567000000000000e+009	 -2.1332030000000000e+001	
  5.0580000000000000e+009	 -2.1384760000000000e+001	
  5.0593000000000000e+009	 -2.1509770000000000e+001	
  5.0606000000000000e+009	 -2.1612310000000001e+001	
  5.0619000000000000e+009	 -2.1739260000000002e+001	
  5.0632000000000000e+009	 -2.1887689999999999e+001	
  5.0645000000000000e+009	 -2.2026370000000000e+001	
  5.0658000000000000e+009	 -2.2185540000000000e+001	
  5.0671000000000000e+009	 -2.2360350000000000e+001	
  5.0684000000000000e+009	 -2.2527339999999999e+001	
  5.0697000000000000e+009	 -2.2670900000000000e+001	
  5.0710000000000000e+009	 -2.2867190000000001e+001	
  5.0723000000000000e+009	 -2.3075189999999999e+001	
  5.0736000000000000e+009	 -2.3170900000000000e+001	
  5.0749000000000000e+009	 -2.3302730000000000e+001	
  5.0762000000000000e+009	 -2.3416010000000000e+001	
  5.0775000000000000e+009	 -2.3605470000000000e+001	
  5.0788000000000000e+009	 -2.3739260000000002e+001	
  5.0801000000000000e+009	 -2.3793949999999999e+001	
  5.0814000000000000e+009	 -2.3840820000000001e+001	
  5.0827000000000000e+009	 -2.3946290000000001e+001	
  5.0840000000000000e+009	 -2.3967770000000002e+001	
  5.0853000000000000e+009	 -2.4072270000000000e+001	
  5.0866000000000000e+009	 -2.4067380000000000e+001	
  5.0879000000000000e+009	 -2.3967770000000002e+001	
  5.0892000000000000e+009	 -2.3880859999999998e+001	
  5.0905000000000000e+009	 -2.3772459999999999e+001	
  5.0918000000000000e+009	 -2.3577150000000000e+001	
  5.0931000000000000e+009	 -2.3488280000000000e+001	
  5.0944000000000000e+009	 -2.3375000000000000e+001	
  5.0957000000000000e+009	 -2.3285160000000001e+001	
  5.0970000000000000e+009	 -2.3180660000000000e+001	
  5.0983000000000000e+009	 -2.3117180000000001e+001	
  5.0996000000000000e+009	 -2.3012699999999999e+001	
  5.1009000000000000e+009	 -2.2893550000000001e+001	
  5.1022000000000000e+009	 -2.2767579999999999e+001	
  5.1035000000000000e+009	 -2.2657229999999998e+001	
  5.1048000000000000e+009	 -2.2527339999999999e+001	
  5.1061000000000000e+009	 -2.2387699999999999e+001	
  5.1074000000000000e+009	 -2.2309570000000001e+001	
  5.1087000000000000e+009	 -2.2130859999999998e+001	
  5.1100000000000000e+009	 -2.2078119999999998e+001	
  5.1113000000000000e+009	 -2.1951170000000001e+001	
  5.1126000000000000e+009	 -2.1975580000000001e+001	
  5.1139000000000000e+009	 -2.1948239999999998e+001	
  5.1152000000000000e+009	 -2.1861329999999999e+001	
  5.1165000000000000e+009	 -2.1877929999999999e+001	
  5.1178000000000000e+009	 -2.1932620000000000e+001	
  5.1191000000000000e+009	 -2.2072260000000000e+001	
  5.1204000000000000e+009	 -2.2125000000000000e+001	
  5.1217000000000000e+009	 -2.2195309999999999e+001	
  5.1230000000000000e+009	 -2.2368160000000000e+001	
  5.1243000000000000e+009	 -2.2538080000000001e+001	
  5.1256000000000000e+009	 -2.2711910000000000e+001	
  5.1269000000000000e+009	 -2.2899410000000000e+001	
  5.1282000000000000e+009	 -2.3107420000000001e+001	
  5.1295000000000000e+009	 -2.3319330000000001e+001	
  5.1308000000000000e+009	 -2.3517579999999999e+001	
  5.1321000000000000e+009	 -2.3733400000000000e+001	
  5.1334000000000000e+009	 -2.3941410000000001e+001	
  5.1347000000000000e+009	 -2.4128900000000002e+001	
  5.1360000000000000e+009	 -2.4291989999999998e+001	
  5.1373000000000000e+009	 -2.4508790000000001e+001	
  5.1386000000000000e+009	 -2.4684570000000001e+001	
  5.1399000000000000e+009	 -2.4815429999999999e+001	
  5.1412000000000000e+009	 -2.4949220000000000e+001	
  5.1425000000000000e+009	 -2.5006830000000001e+001	
  5.1438000000000000e+009	 -2.5139650000000000e+001	
  5.1451000000000000e+009	 -2.5202150000000000e+001	
  5.1464000000000000e+009	 -2.5185549999999999e+001	
  5.1477000000000000e+009	 -2.5235350000000000e+001	
  5.1490000000000000e+009	 -2.5174800000000001e+001	
  5.1503000000000000e+009	 -2.5083010000000002e+001	
  5.1516000000000000e+009	 -2.5072260000000000e+001	
  5.1529000000000000e+009	 -2.4982420000000001e+001	
  5.1542000000000000e+009	 -2.4930660000000000e+001	
  5.1555000000000000e+009	 -2.4791989999999998e+001	
  5.1568000000000000e+009	 -2.4681640000000002e+001	
  5.1581000000000000e+009	 -2.4482420000000001e+001	
  5.1594000000000000e+009	 -2.4317380000000000e+001	
  5.1607000000000000e+009	 -2.4124020000000002e+001	
  5.1620000000000000e+009	 -2.3927730000000000e+001	
  5.1633000000000000e+009	 -2.3729489999999998e+001	
  5.1646000000000000e+009	 -2.3536130000000000e+001	
  5.1659000000000000e+009	 -2.3349609999999998e+001	
  5.1672000000000000e+009	 -2.3179690000000001e+001	
  5.1685000000000000e+009	 -2.2985350000000000e+001	
  5.1698000000000000e+009	 -2.2850580000000001e+001	
  5.1711000000000000e+009	 -2.2747070000000001e+001	
  5.1724000000000000e+009	 -2.2681640000000002e+001	
  5.1737000000000000e+009	 -2.2568359999999998e+001	
  5.1750000000000000e+009	 -2.2623049999999999e+001	
  5.1763000000000000e+009	 -2.2603520000000000e+001	
  5.1776000000000000e+009	 -2.2617190000000001e+001	
  5.1789000000000000e+009	 -2.2746089999999999e+001	
  5.1802000000000000e+009	 -2.2837890000000002e+001	
  5.1815000000000000e+009	 -2.3083980000000000e+001	
  5.1828000000000000e+009	 -2.3205079999999999e+001	
  5.1841000000000000e+009	 -2.3492190000000001e+001	
  5.1854000000000000e+009	 -2.3604489999999998e+001	
  5.1867000000000000e+009	 -2.3798829999999999e+001	
  5.1880000000000000e+009	 -2.3913080000000001e+001	
  5.1893000000000000e+009	 -2.4144530000000000e+001	
  5.1906000000000000e+009	 -2.4273430000000001e+001	
  5.1919000000000000e+009	 -2.4449210000000001e+001	
  5.1932000000000000e+009	 -2.4581050000000001e+001	
  5.1945000000000000e+009	 -2.4724609999999998e+001	
  5.1958000000000000e+009	 -2.4865230000000000e+001	
  5.1971000000000000e+009	 -2.4974609999999998e+001	
  5.1984000000000000e+009	 -2.5130859999999998e+001	
  5.1997000000000000e+009	 -2.5251950000000001e+001	
  5.2010000000000000e+009	 -2.5307620000000000e+001	
  5.2023000000000000e+009	 -2.5322270000000000e+001	
  5.2036000000000000e+009	 -2.5423829999999999e+001	
  5.2049000000000000e+009	 -2.5500000000000000e+001	
  5.2062000000000000e+009	 -2.5550780000000000e+001	
  5.2075000000000000e+009	 -2.5567380000000000e+001	
  5.2088000000000000e+009	 -2.5651360000000000e+001	
  5.2101000000000000e+009	 -2.5659179999999999e+001	
  5.2114000000000000e+009	 -2.5711910000000000e+001	
  5.2127000000000000e+009	 -2.5699210000000001e+001	
  5.2140000000000000e+009	 -2.5683589999999999e+001	
  5.2153000000000000e+009	 -2.5752929999999999e+001	
  5.2166000000000000e+009	 -2.5715820000000001e+001	
  5.2179000000000000e+009	 -2.5668949999999999e+001	
  5.2192000000000000e+009	 -2.5659179999999999e+001	
  5.2205000000000000e+009	 -2.5645499999999998e+001	
  5.2218000000000000e+009	 -2.5668949999999999e+001	
  5.2231000000000000e+009	 -2.5483400000000000e+001	
  5.2244000000000000e+009	 -2.5445309999999999e+001	
  5.2257000000000000e+009	 -2.5389650000000000e+001	
  5.2270000000000000e+009	 -2.5280270000000002e+001	
  5.2283000000000000e+009	 -2.5153320000000001e+001	
  5.2296000000000000e+009	 -2.5041010000000000e+001	
  5.2309000000000000e+009	 -2.4949220000000000e+001	
  5.2322000000000000e+009	 -2.4791010000000000e+001	
  5.2335000000000000e+009	 -2.4636720000000000e+001	
  5.2348000000000000e+009	 -2.4493160000000000e+001	
  5.2361000000000000e+009	 -2.4385739999999998e+001	
  5.2374000000000000e+009	 -2.4232420000000001e+001	
  5.2387000000000000e+009	 -2.4088860000000000e+001	
  5.2400000000000000e+009	 -2.3910160000000001e+001	
  5.2413000000000000e+009	 -2.3779299999999999e+001	
  5.2426000000000000e+009	 -2.3694330000000001e+001	
  5.2439000000000000e+009	 -2.3557620000000000e+001	
  5.2452000000000000e+009	 -2.3415040000000001e+001	
  5.2465000000000000e+009	 -2.3480470000000000e+001	
  5.2478000000000000e+009	 -2.3388670000000001e+001	
  5.2491000000000000e+009	 -2.3379880000000000e+001	
  5.2504000000000000e+009	 -2.3341790000000000e+001	
  5.2517000000000000e+009	 -2.3394530000000000e+001	
  5.2530000000000000e+009	 -2.3505859999999998e+001	
  5.2543000000000000e+009	 -2.3572260000000000e+001	
  5.2556000000000000e+009	 -2.3680660000000000e+001	
  5.2569000000000000e+009	 -2.3771480000000000e+001	
  5.2582000000000000e+009	 -2.3892579999999999e+001	
  5.2595000000000000e+009	 -2.4030270000000002e+001	
  5.2608000000000000e+009	 -2.4182620000000000e+001	
  5.2621000000000000e+009	 -2.4304690000000001e+001	
  5.2634000000000000e+009	 -2.4475580000000001e+001	
  5.2647000000000000e+009	 -2.4596679999999999e+001	
  5.2660000000000000e+009	 -2.4674800000000001e+001	
  5.2673000000000000e+009	 -2.4833980000000000e+001	
  5.2686000000000000e+009	 -2.4947260000000000e+001	
  5.2699000000000000e+009	 -2.4997070000000001e+001	
  5.2712000000000000e+009	 -2.5112300000000001e+001	
  5.2725000000000000e+009	 -2.5208010000000002e+001	
  5.2738000000000000e+009	 -2.5274410000000000e+001	
  5.2751000000000000e+009	 -2.5281250000000000e+001	
  5.2764000000000000e+009	 -2.5315429999999999e+001	
  5.2777000000000000e+009	 -2.5310540000000000e+001	
  5.2790000000000000e+009	 -2.5299800000000001e+001	
  5.2803000000000000e+009	 -2.5313469999999999e+001	
  5.2816000000000000e+009	 -2.5215820000000001e+001	
  5.2829000000000000e+009	 -2.5197260000000000e+001	
  5.2842000000000000e+009	 -2.5109369999999998e+001	
  5.2855000000000000e+009	 -2.5071290000000001e+001	
  5.2868000000000000e+009	 -2.5000969999999999e+001	
  5.2881000000000000e+009	 -2.4951170000000001e+001	
  5.2894000000000000e+009	 -2.4905270000000002e+001	
  5.2907000000000000e+009	 -2.4800780000000000e+001	
  5.2920000000000000e+009	 -2.4740230000000000e+001	
  5.2933000000000000e+009	 -2.4674800000000001e+001	
  5.2946000000000000e+009	 -2.4581050000000001e+001	
  5.2959000000000000e+009	 -2.4519530000000000e+001	
  5.2972000000000000e+009	 -2.4490230000000000e+001	
  5.2985000000000000e+009	 -2.4395499999999998e+001	
  5.2998000000000000e+009	 -2.4320309999999999e+001	
  5.3011000000000000e+009	 -2.4253900000000002e+001	
  5.3024000000000000e+009	 -2.4138670000000001e+001	
  5.3037000000000000e+009	 -2.4105470000000000e+001	
  5.3050000000000000e+009	 -2.4009760000000000e+001	
  5.3063000000000000e+009	 -2.3877929999999999e+001	
  5.3076000000000000e+009	 -2.3831050000000001e+001	
  5.3089000000000000e+009	 -2.3664059999999999e+001	
  5.3102000000000000e+009	 -2.3568359999999998e+001	
  5.3115000000000000e+009	 -2.3442380000000000e+001	
  5.3128000000000000e+009	 -2.3339839999999999e+001	
  5.3141000000000000e+009	 -2.3245120000000000e+001	
  5.3154000000000000e+009	 -2.3085940000000001e+001	
  5.3167000000000000e+009	 -2.2988280000000000e+001	
  5.3180000000000000e+009	 -2.2890630000000002e+001	
  5.3193000000000000e+009	 -2.2796869999999998e+001	
  5.3206000000000000e+009	 -2.2732420000000001e+001	
  5.3219000000000000e+009	 -2.2646480000000000e+001	
  5.3232000000000000e+009	 -2.2591799999999999e+001	
  5.3245000000000000e+009	 -2.2573239999999998e+001	
  5.3258000000000000e+009	 -2.2558589999999999e+001	
  5.3271000000000000e+009	 -2.2648430000000001e+001	
  5.3284000000000000e+009	 -2.2691410000000001e+001	
  5.3297000000000000e+009	 -2.2711910000000000e+001	
  5.3310000000000000e+009	 -2.2893550000000001e+001	
  5.3323000000000000e+009	 -2.3046880000000002e+001	
  5.3336000000000000e+009	 -2.3185540000000000e+001	
  5.3349000000000000e+009	 -2.3301760000000002e+001	
  5.3362000000000000e+009	 -2.3539059999999999e+001	
  5.3375000000000000e+009	 -2.3735350000000000e+001	
  5.3388000000000000e+009	 -2.3868169999999999e+001	
  5.3401000000000000e+009	 -2.4121089999999999e+001	
  5.3414000000000000e+009	 -2.4191400000000002e+001	
  5.3427000000000000e+009	 -2.4386720000000000e+001	
  5.3440000000000000e+009	 -2.4562500000000000e+001	
  5.3453000000000000e+009	 -2.4746089999999999e+001	
  5.3466000000000000e+009	 -2.4754880000000000e+001	
  5.3479000000000000e+009	 -2.4957999999999998e+001	
  5.3492000000000000e+009	 -2.5033200000000001e+001	
  5.3505000000000000e+009	 -2.5076170000000001e+001	
  5.3518000000000000e+009	 -2.5092770000000002e+001	
  5.3531000000000000e+009	 -2.5074210000000001e+001	
  5.3544000000000000e+009	 -2.5032219999999999e+001	
  5.3557000000000000e+009	 -2.4954100000000000e+001	
  5.3570000000000000e+009	 -2.4885739999999998e+001	
  5.3583000000000000e+009	 -2.4730470000000000e+001	
  5.3596000000000000e+009	 -2.4572260000000000e+001	
  5.3609000000000000e+009	 -2.4410150000000002e+001	
  5.3622000000000000e+009	 -2.4207030000000000e+001	
  5.3635000000000000e+009	 -2.3955079999999999e+001	
  5.3648000000000000e+009	 -2.3794920000000001e+001	
  5.3661000000000000e+009	 -2.3526370000000000e+001	
  5.3674000000000000e+009	 -2.3252929999999999e+001	
  5.3687000000000000e+009	 -2.3030270000000002e+001	
  5.3700000000000000e+009	 -2.2736329999999999e+001	
  5.3713000000000000e+009	 -2.2501950000000001e+001	
  5.3726000000000000e+009	 -2.2241209999999999e+001	
  5.3739000000000000e+009	 -2.1989249999999998e+001	
  5.3752000000000000e+009	 -2.1869140000000002e+001	
  5.3765000000000000e+009	 -2.1642579999999999e+001	
  5.3778000000000000e+009	 -2.1565429999999999e+001	
  5.3791000000000000e+009	 -2.1430660000000000e+001	
  5.3804000000000000e+009	 -2.1309570000000001e+001	
  5.3817000000000000e+009	 -2.1283200000000001e+001	
  5.3830000000000000e+009	 -2.1239260000000002e+001	
  5.3843000000000000e+009	 -2.1284179999999999e+001	
  5.3856000000000000e+009	 -2.1316400000000002e+001	
  5.3869000000000000e+009	 -2.1332030000000000e+001	
  5.3882000000000000e+009	 -2.1418939999999999e+001	
  5.3895000000000000e+009	 -2.1532229999999998e+001	
  5.3908000000000000e+009	 -2.1612310000000001e+001	
  5.3921000000000000e+009	 -2.1704100000000000e+001	
  5.3934000000000000e+009	 -2.1834959999999999e+001	
  5.3947000000000000e+009	 -2.1941400000000002e+001	
  5.3960000000000000e+009	 -2.2072260000000000e+001	
  5.3973000000000000e+009	 -2.2133790000000001e+001	
  5.3986000000000000e+009	 -2.2300780000000000e+001	
  5.3999000000000000e+009	 -2.2340820000000001e+001	
  5.4012000000000000e+009	 -2.2450189999999999e+001	
  5.4025000000000000e+009	 -2.2506830000000001e+001	
  5.4038000000000000e+009	 -2.2540040000000001e+001	
  5.4051000000000000e+009	 -2.2644530000000000e+001	
  5.4064000000000000e+009	 -2.2631840000000000e+001	
  5.4077000000000000e+009	 -2.2688469999999999e+001	
  5.4090000000000000e+009	 -2.2639650000000000e+001	
  5.4103000000000000e+009	 -2.2731439999999999e+001	
  5.4116000000000000e+009	 -2.2692380000000000e+001	
  5.4129000000000000e+009	 -2.2688469999999999e+001	
  5.4142000000000000e+009	 -2.2609369999999998e+001	
  5.4155000000000000e+009	 -2.2602540000000001e+001	
  5.4168000000000000e+009	 -2.2568359999999998e+001	
  5.4181000000000000e+009	 -2.2508790000000001e+001	
  5.4194000000000000e+009	 -2.2423829999999999e+001	
  5.4207000000000000e+009	 -2.2399410000000000e+001	
  5.4220000000000000e+009	 -2.2319340000000000e+001	
  5.4233000000000000e+009	 -2.2189450000000001e+001	
  5.4246000000000000e+009	 -2.2083010000000002e+001	
  5.4259000000000000e+009	 -2.1999020000000002e+001	
  5.4272000000000000e+009	 -2.1902339999999999e+001	
  5.4285000000000000e+009	 -2.1803709999999999e+001	
  5.4298000000000000e+009	 -2.1677730000000000e+001	
  5.4311000000000000e+009	 -2.1555660000000000e+001	
  5.4324000000000000e+009	 -2.1435549999999999e+001	
  5.4337000000000000e+009	 -2.1244140000000002e+001	
  5.4350000000000000e+009	 -2.1121089999999999e+001	
  5.4363000000000000e+009	 -2.1106439999999999e+001	
  5.4376000000000000e+009	 -2.0868160000000000e+001	
  5.4389000000000000e+009	 -2.0786130000000000e+001	
  5.4402000000000000e+009	 -2.0577150000000000e+001	
  5.4415000000000000e+009	 -2.0404299999999999e+001	
  5.4428000000000000e+009	 -2.0302730000000000e+001	
  5.4441000000000000e+009	 -2.0170900000000000e+001	
  5.4454000000000000e+009	 -2.0048829999999999e+001	
  5.4467000000000000e+009	 -1.9966799999999999e+001	
  5.4480000000000000e+009	 -1.9853520000000000e+001	
  5.4493000000000000e+009	 -1.9797850000000000e+001	
  5.4506000000000000e+009	 -1.9670900000000000e+001	
  5.4519000000000000e+009	 -1.9606439999999999e+001	
  5.4532000000000000e+009	 -1.9552730000000000e+001	
  5.4545000000000000e+009	 -1.9494140000000002e+001	
  5.4558000000000000e+009	 -1.9460940000000001e+001	
  5.4571000000000000e+009	 -1.9437500000000000e+001	
  5.4584000000000000e+009	 -1.9380859999999998e+001	
  5.4597000000000000e+009	 -1.9375000000000000e+001	
  5.4610000000000000e+009	 -1.9339839999999999e+001	
  5.4623000000000000e+009	 -1.9332030000000000e+001	
  5.4636000000000000e+009	 -1.9425780000000000e+001	
  5.4649000000000000e+009	 -1.9368160000000000e+001	
  5.4662000000000000e+009	 -1.9314450000000001e+001	
  5.4675000000000000e+009	 -1.9349609999999998e+001	
  5.4688000000000000e+009	 -1.9351559999999999e+001	
  5.4701000000000000e+009	 -1.9352540000000001e+001	
  5.4714000000000000e+009	 -1.9317380000000000e+001	
  5.4727000000000000e+009	 -1.9344729999999998e+001	
  5.4740000000000000e+009	 -1.9357420000000001e+001	
  5.4753000000000000e+009	 -1.9384770000000000e+001	
  5.4766000000000000e+009	 -1.9340820000000001e+001	
  5.4779000000000000e+009	 -1.9335940000000001e+001	
  5.4792000000000000e+009	 -1.9327150000000000e+001	
  5.4805000000000000e+009	 -1.9309570000000001e+001	
  5.4818000000000000e+009	 -1.9298829999999999e+001	
  5.4831000000000000e+009	 -1.9295900000000000e+001	
  5.4844000000000000e+009	 -1.9264650000000000e+001	
  5.4857000000000000e+009	 -1.9282229999999998e+001	
  5.4870000000000000e+009	 -1.9227540000000001e+001	
  5.4883000000000000e+009	 -1.9229489999999998e+001	
  5.4896000000000000e+009	 -1.9206050000000001e+001	
  5.4909000000000000e+009	 -1.9166989999999998e+001	
  5.4922000000000000e+009	 -1.9175780000000000e+001	
  5.4935000000000000e+009	 -1.9150390000000002e+001	
  5.4948000000000000e+009	 -1.9103520000000000e+001	
  5.4961000000000000e+009	 -1.9077150000000000e+001	
  5.4974000000000000e+009	 -1.8969729999999998e+001	
  5.4987000000000000e+009	 -1.8945309999999999e+001	
  5.5000000000000000e+009	 -1.8736329999999999e+001	
