  3.5000000000000000e+009	 -2.9924800000000001e+001	
  3.5023000000000000e+009	 -3.0006830000000001e+001	
  3.5046000000000000e+009	 -3.0076170000000001e+001	
  3.5069000000000000e+009	 -3.0064450000000001e+001	
  3.5092000000000000e+009	 -3.0053709999999999e+001	
  3.5115000000000000e+009	 -3.0041989999999998e+001	
  3.5138000000000000e+009	 -2.9972650000000002e+001	
  3.5161000000000000e+009	 -2.9889650000000000e+001	
  3.5184000000000000e+009	 -2.9801749999999998e+001	
  3.5207000000000000e+009	 -2.9695309999999999e+001	
  3.5230000000000000e+009	 -2.9550780000000000e+001	
  3.5253000000000000e+009	 -2.9516600000000000e+001	
  3.5276000000000000e+009	 -2.9416010000000000e+001	
  3.5299000000000000e+009	 -2.9354489999999998e+001	
  3.5322000000000000e+009	 -2.9380859999999998e+001	
  3.5345000000000000e+009	 -2.9407219999999999e+001	
  3.5368000000000000e+009	 -2.9442380000000000e+001	
  3.5391000000000000e+009	 -2.9507809999999999e+001	
  3.5414000000000000e+009	 -2.9658200000000001e+001	
  3.5437000000000000e+009	 -2.9734369999999998e+001	
  3.5460000000000000e+009	 -2.9901370000000000e+001	
  3.5483000000000000e+009	 -3.0031250000000000e+001	
  3.5506000000000000e+009	 -3.0309570000000001e+001	
  3.5529000000000000e+009	 -3.0471679999999999e+001	
  3.5552000000000000e+009	 -3.0568359999999998e+001	
  3.5575000000000000e+009	 -3.0784179999999999e+001	
  3.5598000000000000e+009	 -3.0852540000000001e+001	
  3.5621000000000000e+009	 -3.0959959999999999e+001	
  3.5644000000000000e+009	 -3.0991209999999999e+001	
  3.5667000000000000e+009	 -3.0985350000000000e+001	
  3.5690000000000000e+009	 -3.0920900000000000e+001	
  3.5713000000000000e+009	 -3.0752929999999999e+001	
  3.5736000000000000e+009	 -3.0612300000000001e+001	
  3.5759000000000000e+009	 -3.0393550000000001e+001	
  3.5782000000000000e+009	 -3.0094719999999999e+001	
  3.5805000000000000e+009	 -2.9823239999999998e+001	
  3.5828000000000000e+009	 -2.9488280000000000e+001	
  3.5851000000000000e+009	 -2.9213870000000000e+001	
  3.5874000000000000e+009	 -2.8949220000000000e+001	
  3.5897000000000000e+009	 -2.8600580000000001e+001	
  3.5920000000000000e+009	 -2.8435540000000000e+001	
  3.5943000000000000e+009	 -2.8277339999999999e+001	
  3.5966000000000000e+009	 -2.8193359999999998e+001	
  3.5989000000000000e+009	 -2.8141600000000000e+001	
  3.6012000000000000e+009	 -2.8191400000000002e+001	
  3.6035000000000000e+009	 -2.8187500000000000e+001	
  3.6058000000000000e+009	 -2.8305660000000000e+001	
  3.6081000000000000e+009	 -2.8397459999999999e+001	
  3.6104000000000000e+009	 -2.8534179999999999e+001	
  3.6127000000000000e+009	 -2.8684570000000001e+001	
  3.6150000000000000e+009	 -2.8684570000000001e+001	
  3.6173000000000000e+009	 -2.8754880000000000e+001	
  3.6196000000000000e+009	 -2.8776360000000000e+001	
  3.6219000000000000e+009	 -2.8693359999999998e+001	
  3.6242000000000000e+009	 -2.8672850000000000e+001	
  3.6265000000000000e+009	 -2.8590820000000001e+001	
  3.6288000000000000e+009	 -2.8497070000000001e+001	
  3.6311000000000000e+009	 -2.8396480000000000e+001	
  3.6334000000000000e+009	 -2.8249020000000002e+001	
  3.6357000000000000e+009	 -2.8132809999999999e+001	
  3.6380000000000000e+009	 -2.7925780000000000e+001	
  3.6403000000000000e+009	 -2.7743160000000000e+001	
  3.6426000000000000e+009	 -2.7493160000000000e+001	
  3.6449000000000000e+009	 -2.7357420000000001e+001	
  3.6472000000000000e+009	 -2.7022459999999999e+001	
  3.6495000000000000e+009	 -2.6735350000000000e+001	
  3.6518000000000000e+009	 -2.6527339999999999e+001	
  3.6541000000000000e+009	 -2.6203119999999998e+001	
  3.6564000000000000e+009	 -2.5866209999999999e+001	
  3.6587000000000000e+009	 -2.5556640000000002e+001	
  3.6610000000000000e+009	 -2.5212890000000002e+001	
  3.6633000000000000e+009	 -2.4902339999999999e+001	
  3.6656000000000000e+009	 -2.4655270000000002e+001	
  3.6679000000000000e+009	 -2.4402339999999999e+001	
  3.6702000000000000e+009	 -2.4265619999999998e+001	
  3.6725000000000000e+009	 -2.4143550000000001e+001	
  3.6748000000000000e+009	 -2.4074220000000000e+001	
  3.6771000000000000e+009	 -2.4001950000000001e+001	
  3.6794000000000000e+009	 -2.3977540000000001e+001	
  3.6817000000000000e+009	 -2.3976559999999999e+001	
  3.6840000000000000e+009	 -2.3966790000000000e+001	
  3.6863000000000000e+009	 -2.4030270000000002e+001	
  3.6886000000000000e+009	 -2.3951170000000001e+001	
  3.6909000000000000e+009	 -2.3898430000000001e+001	
  3.6932000000000000e+009	 -2.3794920000000001e+001	
  3.6955000000000000e+009	 -2.3707030000000000e+001	
  3.6978000000000000e+009	 -2.3493160000000000e+001	
  3.7001000000000000e+009	 -2.3320309999999999e+001	
  3.7024000000000000e+009	 -2.3082030000000000e+001	
  3.7047000000000000e+009	 -2.2891600000000000e+001	
  3.7070000000000000e+009	 -2.2518550000000001e+001	
  3.7093000000000000e+009	 -2.2144530000000000e+001	
  3.7116000000000000e+009	 -2.1693359999999998e+001	
  3.7139000000000000e+009	 -2.1315429999999999e+001	
  3.7162000000000000e+009	 -2.0868160000000000e+001	
  3.7185000000000000e+009	 -2.0427730000000000e+001	
  3.7208000000000000e+009	 -2.0057620000000000e+001	
  3.7231000000000000e+009	 -1.9645510000000002e+001	
  3.7254000000000000e+009	 -1.9264650000000000e+001	
  3.7277000000000000e+009	 -1.8858400000000000e+001	
  3.7300000000000000e+009	 -1.8384760000000000e+001	
  3.7323000000000000e+009	 -1.7939450000000001e+001	
  3.7346000000000000e+009	 -1.7518550000000001e+001	
  3.7369000000000000e+009	 -1.7098630000000000e+001	
  3.7392000000000000e+009	 -1.6760739999999998e+001	
  3.7415000000000000e+009	 -1.6502929999999999e+001	
  3.7438000000000000e+009	 -1.6272459999999999e+001	
  3.7461000000000000e+009	 -1.6182620000000000e+001	
  3.7484000000000000e+009	 -1.6108400000000000e+001	
  3.7507000000000000e+009	 -1.6044920000000001e+001	
  3.7530000000000000e+009	 -1.5992680000000000e+001	
  3.7553000000000000e+009	 -1.5937989999999999e+001	
  3.7576000000000000e+009	 -1.5862299999999999e+001	
  3.7599000000000000e+009	 -1.5785159999999999e+001	
  3.7622000000000000e+009	 -1.5697749999999999e+001	
  3.7645000000000000e+009	 -1.5573729999999999e+001	
  3.7668000000000000e+009	 -1.5413090000000000e+001	
  3.7691000000000000e+009	 -1.5168950000000001e+001	
  3.7714000000000000e+009	 -1.4920410000000000e+001	
  3.7737000000000000e+009	 -1.4687500000000000e+001	
  3.7760000000000000e+009	 -1.4343260000000001e+001	
  3.7783000000000000e+009	 -1.4041499999999999e+001	
  3.7806000000000000e+009	 -1.3733400000000000e+001	
  3.7829000000000000e+009	 -1.3444340000000000e+001	
  3.7852000000000000e+009	 -1.3157710000000000e+001	
  3.7875000000000000e+009	 -1.2910159999999999e+001	
  3.7898000000000000e+009	 -1.2693360000000000e+001	
  3.7921000000000000e+009	 -1.2512210000000000e+001	
  3.7944000000000000e+009	 -1.2345700000000001e+001	
  3.7967000000000000e+009	 -1.2176760000000000e+001	
  3.7990000000000000e+009	 -1.2216310000000000e+001	
  3.8013000000000000e+009	 -1.2191409999999999e+001	
  3.8036000000000000e+009	 -1.2286130000000000e+001	
  3.8059000000000000e+009	 -1.2356450000000001e+001	
  3.8082000000000000e+009	 -1.2500489999999999e+001	
  3.8105000000000000e+009	 -1.2610350000000000e+001	
  3.8128000000000000e+009	 -1.2791499999999999e+001	
  3.8151000000000000e+009	 -1.2962890000000000e+001	
  3.8174000000000000e+009	 -1.3092290000000000e+001	
  3.8197000000000000e+009	 -1.3330570000000000e+001	
  3.8220000000000000e+009	 -1.3584960000000001e+001	
  3.8243000000000000e+009	 -1.3765630000000000e+001	
  3.8266000000000000e+009	 -1.4051760000000000e+001	
  3.8289000000000000e+009	 -1.4263669999999999e+001	
  3.8312000000000000e+009	 -1.4441890000000001e+001	
  3.8335000000000000e+009	 -1.4683590000000001e+001	
  3.8358000000000000e+009	 -1.4903810000000000e+001	
  3.8381000000000000e+009	 -1.5081540000000000e+001	
  3.8404000000000000e+009	 -1.5382320000000000e+001	
  3.8427000000000000e+009	 -1.5448729999999999e+001	
  3.8450000000000000e+009	 -1.5621090000000001e+001	
  3.8473000000000000e+009	 -1.5756349999999999e+001	
  3.8496000000000000e+009	 -1.5839359999999999e+001	
  3.8519000000000000e+009	 -1.5825200000000001e+001	
  3.8542000000000000e+009	 -1.5864750000000001e+001	
  3.8565000000000000e+009	 -1.5870120000000000e+001	
  3.8588000000000000e+009	 -1.5849119999999999e+001	
  3.8611000000000000e+009	 -1.5767090000000000e+001	
  3.8634000000000000e+009	 -1.5740720000000000e+001	
  3.8657000000000000e+009	 -1.5705570000000000e+001	
  3.8680000000000000e+009	 -1.5697749999999999e+001	
  3.8703000000000000e+009	 -1.5711430000000000e+001	
  3.8726000000000000e+009	 -1.5813960000000000e+001	
  3.8749000000000000e+009	 -1.5941409999999999e+001	
  3.8772000000000000e+009	 -1.6072260000000000e+001	
  3.8795000000000000e+009	 -1.6359369999999998e+001	
  3.8818000000000000e+009	 -1.6625000000000000e+001	
  3.8841000000000000e+009	 -1.6833010000000002e+001	
  3.8864000000000000e+009	 -1.7092770000000002e+001	
  3.8887000000000000e+009	 -1.7389650000000000e+001	
  3.8910000000000000e+009	 -1.7651370000000000e+001	
  3.8933000000000000e+009	 -1.7877929999999999e+001	
  3.8956000000000000e+009	 -1.8053709999999999e+001	
  3.8979000000000000e+009	 -1.8296869999999998e+001	
  3.9002000000000000e+009	 -1.8390619999999998e+001	
  3.9025000000000000e+009	 -1.8485350000000000e+001	
  3.9048000000000000e+009	 -1.8576170000000001e+001	
  3.9071000000000000e+009	 -1.8553709999999999e+001	
  3.9094000000000000e+009	 -1.8521480000000000e+001	
  3.9117000000000000e+009	 -1.8609369999999998e+001	
  3.9140000000000000e+009	 -1.8494140000000002e+001	
  3.9163000000000000e+009	 -1.8510739999999998e+001	
  3.9186000000000000e+009	 -1.8433589999999999e+001	
  3.9209000000000000e+009	 -1.8368160000000000e+001	
  3.9232000000000000e+009	 -1.8273440000000001e+001	
  3.9255000000000000e+009	 -1.8207030000000000e+001	
  3.9278000000000000e+009	 -1.8101559999999999e+001	
  3.9301000000000000e+009	 -1.7909179999999999e+001	
  3.9324000000000000e+009	 -1.7738280000000000e+001	
  3.9347000000000000e+009	 -1.7592770000000002e+001	
  3.9370000000000000e+009	 -1.7421880000000002e+001	
  3.9393000000000000e+009	 -1.7222650000000002e+001	
  3.9416000000000000e+009	 -1.7093750000000000e+001	
  3.9439000000000000e+009	 -1.7002929999999999e+001	
  3.9462000000000000e+009	 -1.6903320000000001e+001	
  3.9485000000000000e+009	 -1.6929690000000001e+001	
  3.9508000000000000e+009	 -1.6931640000000002e+001	
  3.9531000000000000e+009	 -1.7029290000000000e+001	
  3.9554000000000000e+009	 -1.7190429999999999e+001	
  3.9577000000000000e+009	 -1.7369140000000002e+001	
  3.9600000000000000e+009	 -1.7526370000000000e+001	
  3.9623000000000000e+009	 -1.7811520000000002e+001	
  3.9646000000000000e+009	 -1.7958980000000000e+001	
  3.9669000000000000e+009	 -1.8162109999999998e+001	
  3.9692000000000000e+009	 -1.8211910000000000e+001	
  3.9715000000000000e+009	 -1.8277339999999999e+001	
  3.9738000000000000e+009	 -1.8327150000000000e+001	
  3.9761000000000000e+009	 -1.8291020000000000e+001	
  3.9784000000000000e+009	 -1.8186520000000002e+001	
  3.9807000000000000e+009	 -1.8045900000000000e+001	
  3.9830000000000000e+009	 -1.7863280000000000e+001	
  3.9853000000000000e+009	 -1.7637689999999999e+001	
  3.9876000000000000e+009	 -1.7364260000000002e+001	
  3.9899000000000000e+009	 -1.7116209999999999e+001	
  3.9922000000000000e+009	 -1.6783200000000001e+001	
  3.9945000000000000e+009	 -1.6475580000000001e+001	
  3.9968000000000000e+009	 -1.6216799999999999e+001	
  3.9991000000000000e+009	 -1.5967290000000000e+001	
  4.0014000000000000e+009	 -1.5768070000000000e+001	
  4.0037000000000000e+009	 -1.5512700000000001e+001	
  4.0060000000000000e+009	 -1.5492190000000001e+001	
  4.0083000000000000e+009	 -1.5443360000000000e+001	
  4.0106000000000000e+009	 -1.5467290000000000e+001	
  4.0129000000000000e+009	 -1.5499510000000001e+001	
  4.0152000000000000e+009	 -1.5569820000000000e+001	
  4.0175000000000000e+009	 -1.5741700000000000e+001	
  4.0198000000000000e+009	 -1.5907710000000000e+001	
  4.0221000000000000e+009	 -1.6033200000000001e+001	
  4.0244000000000000e+009	 -1.6220700000000001e+001	
  4.0267000000000000e+009	 -1.6473630000000000e+001	
  4.0290000000000000e+009	 -1.6509760000000000e+001	
  4.0313000000000000e+009	 -1.6750000000000000e+001	
  4.0336000000000000e+009	 -1.6846679999999999e+001	
  4.0359000000000000e+009	 -1.6958010000000002e+001	
  4.0382000000000000e+009	 -1.7050780000000000e+001	
  4.0405000000000000e+009	 -1.7052730000000000e+001	
  4.0428000000000000e+009	 -1.7102540000000001e+001	
  4.0451000000000000e+009	 -1.7060549999999999e+001	
  4.0474000000000000e+009	 -1.7001950000000001e+001	
  4.0497000000000000e+009	 -1.6864260000000002e+001	
  4.0520000000000000e+009	 -1.6786130000000000e+001	
  4.0543000000000000e+009	 -1.6633790000000001e+001	
  4.0566000000000000e+009	 -1.6452150000000000e+001	
  4.0589000000000000e+009	 -1.6353510000000000e+001	
  4.0612000000000000e+009	 -1.6311520000000002e+001	
  4.0635000000000000e+009	 -1.6035160000000001e+001	
  4.0658000000000000e+009	 -1.5927250000000001e+001	
  4.0681000000000000e+009	 -1.5806150000000001e+001	
  4.0704000000000000e+009	 -1.5686520000000000e+001	
  4.0727000000000000e+009	 -1.5625980000000000e+001	
  4.0750000000000000e+009	 -1.5606930000000000e+001	
  4.0773000000000000e+009	 -1.5554690000000001e+001	
  4.0796000000000000e+009	 -1.5515140000000001e+001	
  4.0819000000000000e+009	 -1.5441409999999999e+001	
  4.0842000000000000e+009	 -1.5414059999999999e+001	
  4.0865000000000000e+009	 -1.5401859999999999e+001	
  4.0888000000000000e+009	 -1.5253420000000000e+001	
  4.0911000000000000e+009	 -1.5189940000000000e+001	
  4.0934000000000000e+009	 -1.5159670000000000e+001	
  4.0957000000000000e+009	 -1.5046880000000000e+001	
  4.0980000000000000e+009	 -1.4957520000000001e+001	
  4.1003000000000000e+009	 -1.4955570000000000e+001	
  4.1026000000000000e+009	 -1.4995120000000000e+001	
  4.1049000000000000e+009	 -1.4979979999999999e+001	
  4.1072000000000000e+009	 -1.4990230000000000e+001	
  4.1095000000000000e+009	 -1.5057130000000001e+001	
  4.1118000000000000e+009	 -1.5094239999999999e+001	
  4.1141000000000000e+009	 -1.5281250000000000e+001	
  4.1164000000000000e+009	 -1.5338870000000000e+001	
  4.1187000000000000e+009	 -1.5441409999999999e+001	
  4.1210000000000000e+009	 -1.5603030000000000e+001	
  4.1233000000000000e+009	 -1.5682620000000000e+001	
  4.1256000000000000e+009	 -1.5773440000000001e+001	
  4.1279000000000000e+009	 -1.5880860000000000e+001	
  4.1302000000000000e+009	 -1.5904299999999999e+001	
  4.1325000000000000e+009	 -1.5906739999999999e+001	
  4.1348000000000000e+009	 -1.5843750000000000e+001	
  4.1371000000000000e+009	 -1.5759280000000000e+001	
  4.1394000000000000e+009	 -1.5706540000000000e+001	
  4.1417000000000000e+009	 -1.5654790000000000e+001	
  4.1440000000000000e+009	 -1.5532230000000000e+001	
  4.1463000000000000e+009	 -1.5447749999999999e+001	
  4.1486000000000000e+009	 -1.5409179999999999e+001	
  4.1509000000000000e+009	 -1.5411130000000000e+001	
  4.1532000000000000e+009	 -1.5560549999999999e+001	
  4.1555000000000000e+009	 -1.5706540000000000e+001	
  4.1578000000000000e+009	 -1.5982910000000000e+001	
  4.1601000000000000e+009	 -1.6295900000000000e+001	
  4.1624000000000000e+009	 -1.6632809999999999e+001	
  4.1647000000000000e+009	 -1.7039059999999999e+001	
  4.1670000000000000e+009	 -1.7508790000000001e+001	
  4.1693000000000000e+009	 -1.7884760000000000e+001	
  4.1716000000000000e+009	 -1.8237300000000001e+001	
  4.1739000000000000e+009	 -1.8660150000000002e+001	
  4.1762000000000000e+009	 -1.9002929999999999e+001	
  4.1785000000000000e+009	 -1.9266600000000000e+001	
  4.1808000000000000e+009	 -1.9548829999999999e+001	
  4.1831000000000000e+009	 -1.9786130000000000e+001	
  4.1854000000000000e+009	 -1.9965820000000001e+001	
  4.1877000000000000e+009	 -2.0123049999999999e+001	
  4.1900000000000000e+009	 -2.0148430000000001e+001	
  4.1923000000000000e+009	 -2.0238280000000000e+001	
  4.1946000000000000e+009	 -2.0236329999999999e+001	
  4.1969000000000000e+009	 -2.0235350000000000e+001	
  4.1992000000000000e+009	 -2.0215820000000001e+001	
  4.2015000000000000e+009	 -2.0191410000000001e+001	
  4.2038000000000000e+009	 -2.0185549999999999e+001	
  4.2061000000000000e+009	 -2.0081050000000001e+001	
  4.2084000000000000e+009	 -2.0107420000000001e+001	
  4.2107000000000000e+009	 -2.0041989999999998e+001	
  4.2130000000000000e+009	 -1.9979489999999998e+001	
  4.2153000000000000e+009	 -2.0103520000000000e+001	
  4.2176000000000000e+009	 -2.0172850000000000e+001	
  4.2199000000000000e+009	 -2.0303709999999999e+001	
  4.2222000000000000e+009	 -2.0503910000000001e+001	
  4.2245000000000000e+009	 -2.0735350000000000e+001	
  4.2268000000000000e+009	 -2.1024410000000000e+001	
  4.2291000000000000e+009	 -2.1345700000000001e+001	
  4.2314000000000000e+009	 -2.1683589999999999e+001	
  4.2337000000000000e+009	 -2.1998049999999999e+001	
  4.2360000000000000e+009	 -2.2326170000000001e+001	
  4.2383000000000000e+009	 -2.2668939999999999e+001	
  4.2406000000000000e+009	 -2.2877929999999999e+001	
  4.2429000000000000e+009	 -2.3046880000000002e+001	
  4.2452000000000000e+009	 -2.3209959999999999e+001	
  4.2475000000000000e+009	 -2.3344729999999998e+001	
  4.2498000000000000e+009	 -2.3374020000000002e+001	
  4.2521000000000000e+009	 -2.3416989999999998e+001	
  4.2544000000000000e+009	 -2.3422850000000000e+001	
  4.2567000000000000e+009	 -2.3404299999999999e+001	
  4.2590000000000000e+009	 -2.3364260000000002e+001	
  4.2613000000000000e+009	 -2.3320309999999999e+001	
  4.2636000000000000e+009	 -2.3339839999999999e+001	
  4.2659000000000000e+009	 -2.3314450000000001e+001	
  4.2682000000000000e+009	 -2.3320309999999999e+001	
  4.2705000000000000e+009	 -2.3436520000000002e+001	
  4.2728000000000000e+009	 -2.3485350000000000e+001	
  4.2751000000000000e+009	 -2.3574220000000000e+001	
  4.2774000000000000e+009	 -2.3713870000000000e+001	
  4.2797000000000000e+009	 -2.3780270000000002e+001	
  4.2820000000000000e+009	 -2.3836910000000000e+001	
  4.2843000000000000e+009	 -2.3912109999999998e+001	
  4.2866000000000000e+009	 -2.3926760000000002e+001	
  4.2889000000000000e+009	 -2.3899410000000000e+001	
  4.2912000000000000e+009	 -2.3874020000000002e+001	
  4.2935000000000000e+009	 -2.3835940000000001e+001	
  4.2958000000000000e+009	 -2.3808589999999999e+001	
  4.2981000000000000e+009	 -2.3751950000000001e+001	
  4.3004000000000000e+009	 -2.3793949999999999e+001	
  4.3027000000000000e+009	 -2.3909179999999999e+001	
  4.3050000000000000e+009	 -2.4073239999999998e+001	
  4.3073000000000000e+009	 -2.4264650000000000e+001	
  4.3096000000000000e+009	 -2.4460940000000001e+001	
  4.3119000000000000e+009	 -2.4762689999999999e+001	
  4.3142000000000000e+009	 -2.5131840000000000e+001	
  4.3165000000000000e+009	 -2.5413080000000001e+001	
  4.3188000000000000e+009	 -2.5785160000000001e+001	
  4.3211000000000000e+009	 -2.6045890000000000e+001	
  4.3234000000000000e+009	 -2.6332030000000000e+001	
  4.3257000000000000e+009	 -2.6466790000000000e+001	
  4.3280000000000000e+009	 -2.6584959999999999e+001	
  4.3303000000000000e+009	 -2.6652339999999999e+001	
  4.3326000000000000e+009	 -2.6524410000000000e+001	
  4.3349000000000000e+009	 -2.6504880000000000e+001	
  4.3372000000000000e+009	 -2.6286130000000000e+001	
  4.3395000000000000e+009	 -2.6112300000000001e+001	
  4.3418000000000000e+009	 -2.5746089999999999e+001	
  4.3441000000000000e+009	 -2.5471679999999999e+001	
  4.3464000000000000e+009	 -2.5165040000000001e+001	
  4.3487000000000000e+009	 -2.4980470000000000e+001	
  4.3510000000000000e+009	 -2.4760739999999998e+001	
  4.3533000000000000e+009	 -2.4632809999999999e+001	
  4.3556000000000000e+009	 -2.4558589999999999e+001	
  4.3579000000000000e+009	 -2.4650390000000002e+001	
  4.3602000000000000e+009	 -2.4729489999999998e+001	
  4.3625000000000000e+009	 -2.4929690000000001e+001	
  4.3648000000000000e+009	 -2.5156250000000000e+001	
  4.3671000000000000e+009	 -2.5365230000000000e+001	
  4.3694000000000000e+009	 -2.5695309999999999e+001	
  4.3717000000000000e+009	 -2.6004880000000000e+001	
  4.3740000000000000e+009	 -2.6338860000000000e+001	
  4.3763000000000000e+009	 -2.6636710000000001e+001	
  4.3786000000000000e+009	 -2.6862300000000001e+001	
  4.3809000000000000e+009	 -2.7070309999999999e+001	
  4.3832000000000000e+009	 -2.7272459999999999e+001	
  4.3855000000000000e+009	 -2.7419920000000001e+001	
  4.3878000000000000e+009	 -2.7513670000000001e+001	
  4.3901000000000000e+009	 -2.7505859999999998e+001	
  4.3924000000000000e+009	 -2.7582030000000000e+001	
  4.3947000000000000e+009	 -2.7488280000000000e+001	
  4.3970000000000000e+009	 -2.7463870000000000e+001	
  4.3993000000000000e+009	 -2.7279299999999999e+001	
  4.4016000000000000e+009	 -2.7133790000000001e+001	
  4.4039000000000000e+009	 -2.6846679999999999e+001	
  4.4062000000000000e+009	 -2.6593750000000000e+001	
  4.4085000000000000e+009	 -2.6388670000000001e+001	
  4.4108000000000000e+009	 -2.6114249999999998e+001	
  4.4131000000000000e+009	 -2.5849609999999998e+001	
  4.4154000000000000e+009	 -2.5641600000000000e+001	
  4.4177000000000000e+009	 -2.5482420000000001e+001	
  4.4200000000000000e+009	 -2.5427730000000000e+001	
  4.4223000000000000e+009	 -2.5383790000000001e+001	
  4.4246000000000000e+009	 -2.5491209999999999e+001	
  4.4269000000000000e+009	 -2.5652339999999999e+001	
  4.4292000000000000e+009	 -2.5788080000000001e+001	
  4.4315000000000000e+009	 -2.6025390000000002e+001	
  4.4338000000000000e+009	 -2.6241209999999999e+001	
  4.4361000000000000e+009	 -2.6434570000000001e+001	
  4.4384000000000000e+009	 -2.6653320000000001e+001	
  4.4407000000000000e+009	 -2.6808589999999999e+001	
  4.4430000000000000e+009	 -2.6920900000000000e+001	
  4.4453000000000000e+009	 -2.6983390000000000e+001	
  4.4476000000000000e+009	 -2.6977540000000001e+001	
  4.4499000000000000e+009	 -2.6962890000000002e+001	
  4.4522000000000000e+009	 -2.6845700000000001e+001	
  4.4545000000000000e+009	 -2.6750969999999999e+001	
  4.4568000000000000e+009	 -2.6582030000000000e+001	
  4.4591000000000000e+009	 -2.6515619999999998e+001	
  4.4614000000000000e+009	 -2.6312500000000000e+001	
  4.4637000000000000e+009	 -2.6206050000000001e+001	
  4.4660000000000000e+009	 -2.6166989999999998e+001	
  4.4683000000000000e+009	 -2.6102540000000001e+001	
  4.4706000000000000e+009	 -2.6037109999999998e+001	
  4.4729000000000000e+009	 -2.5996089999999999e+001	
  4.4752000000000000e+009	 -2.6007809999999999e+001	
  4.4775000000000000e+009	 -2.5974609999999998e+001	
  4.4798000000000000e+009	 -2.5895499999999998e+001	
  4.4821000000000000e+009	 -2.5767569999999999e+001	
  4.4844000000000000e+009	 -2.5660150000000002e+001	
  4.4867000000000000e+009	 -2.5535150000000002e+001	
  4.4890000000000000e+009	 -2.5374020000000002e+001	
  4.4913000000000000e+009	 -2.5220700000000001e+001	
  4.4936000000000000e+009	 -2.4996089999999999e+001	
  4.4959000000000000e+009	 -2.4960940000000001e+001	
  4.4982000000000000e+009	 -2.4897459999999999e+001	
  4.5005000000000000e+009	 -2.4702150000000000e+001	
  4.5028000000000000e+009	 -2.4647459999999999e+001	
  4.5051000000000000e+009	 -2.4697270000000000e+001	
  4.5074000000000000e+009	 -2.4791010000000000e+001	
  4.5097000000000000e+009	 -2.4990230000000000e+001	
  4.5120000000000000e+009	 -2.5214839999999999e+001	
  4.5143000000000000e+009	 -2.5484369999999998e+001	
  4.5166000000000000e+009	 -2.5794920000000001e+001	
  4.5189000000000000e+009	 -2.6019530000000000e+001	
  4.5212000000000000e+009	 -2.6246089999999999e+001	
  4.5235000000000000e+009	 -2.6411130000000000e+001	
  4.5258000000000000e+009	 -2.6573239999999998e+001	
  4.5281000000000000e+009	 -2.6587890000000002e+001	
  4.5304000000000000e+009	 -2.6619140000000002e+001	
  4.5327000000000000e+009	 -2.6479489999999998e+001	
  4.5350000000000000e+009	 -2.6285150000000002e+001	
  4.5373000000000000e+009	 -2.6112300000000001e+001	
  4.5396000000000000e+009	 -2.5822260000000000e+001	
  4.5419000000000000e+009	 -2.5537109999999998e+001	
  4.5442000000000000e+009	 -2.5273440000000001e+001	
  4.5465000000000000e+009	 -2.5041989999999998e+001	
  4.5488000000000000e+009	 -2.4929690000000001e+001	
  4.5511000000000000e+009	 -2.4848630000000000e+001	
  4.5534000000000000e+009	 -2.4924800000000001e+001	
  4.5557000000000000e+009	 -2.4852540000000001e+001	
  4.5580000000000000e+009	 -2.4750979999999998e+001	
  4.5603000000000000e+009	 -2.4657229999999998e+001	
  4.5626000000000000e+009	 -2.4561520000000002e+001	
  4.5649000000000000e+009	 -2.4586910000000000e+001	
  4.5672000000000000e+009	 -2.4630859999999998e+001	
  4.5695000000000000e+009	 -2.4689450000000001e+001	
  4.5718000000000000e+009	 -2.4848630000000000e+001	
  4.5741000000000000e+009	 -2.5046869999999998e+001	
  4.5764000000000000e+009	 -2.5214839999999999e+001	
  4.5787000000000000e+009	 -2.5362300000000001e+001	
  4.5810000000000000e+009	 -2.5578119999999998e+001	
  4.5833000000000000e+009	 -2.5700189999999999e+001	
  4.5856000000000000e+009	 -2.5851559999999999e+001	
  4.5879000000000000e+009	 -2.5935540000000000e+001	
  4.5902000000000000e+009	 -2.5930660000000000e+001	
  4.5925000000000000e+009	 -2.5879880000000000e+001	
  4.5948000000000000e+009	 -2.5874020000000002e+001	
  4.5971000000000000e+009	 -2.5743160000000000e+001	
  4.5994000000000000e+009	 -2.5505859999999998e+001	
  4.6017000000000000e+009	 -2.5223630000000000e+001	
  4.6040000000000000e+009	 -2.5031250000000000e+001	
  4.6063000000000000e+009	 -2.4686520000000002e+001	
  4.6086000000000000e+009	 -2.4355470000000000e+001	
  4.6109000000000000e+009	 -2.4058589999999999e+001	
  4.6132000000000000e+009	 -2.3750979999999998e+001	
  4.6155000000000000e+009	 -2.3436520000000002e+001	
  4.6178000000000000e+009	 -2.3200189999999999e+001	
  4.6201000000000000e+009	 -2.3074220000000000e+001	
  4.6224000000000000e+009	 -2.2987300000000001e+001	
  4.6247000000000000e+009	 -2.2952150000000000e+001	
  4.6270000000000000e+009	 -2.2982420000000001e+001	
  4.6293000000000000e+009	 -2.3104489999999998e+001	
  4.6316000000000000e+009	 -2.3176760000000002e+001	
  4.6339000000000000e+009	 -2.3260739999999998e+001	
  4.6362000000000000e+009	 -2.3314450000000001e+001	
  4.6385000000000000e+009	 -2.3382809999999999e+001	
  4.6408000000000000e+009	 -2.3416989999999998e+001	
  4.6431000000000000e+009	 -2.3410150000000002e+001	
  4.6454000000000000e+009	 -2.3360350000000000e+001	
  4.6477000000000000e+009	 -2.3304690000000001e+001	
  4.6500000000000000e+009	 -2.3237300000000001e+001	
  4.6523000000000000e+009	 -2.3111329999999999e+001	
  4.6546000000000000e+009	 -2.3053709999999999e+001	
  4.6569000000000000e+009	 -2.2927730000000000e+001	
  4.6592000000000000e+009	 -2.2855470000000000e+001	
  4.6615000000000000e+009	 -2.2829100000000000e+001	
  4.6638000000000000e+009	 -2.2794920000000001e+001	
  4.6661000000000000e+009	 -2.2771480000000000e+001	
  4.6684000000000000e+009	 -2.2774419999999999e+001	
  4.6707000000000000e+009	 -2.2784179999999999e+001	
  4.6730000000000000e+009	 -2.2797850000000000e+001	
  4.6753000000000000e+009	 -2.2738280000000000e+001	
  4.6776000000000000e+009	 -2.2677730000000000e+001	
  4.6799000000000000e+009	 -2.2605470000000000e+001	
  4.6822000000000000e+009	 -2.2433589999999999e+001	
  4.6845000000000000e+009	 -2.2151370000000000e+001	
  4.6868000000000000e+009	 -2.2009760000000000e+001	
  4.6891000000000000e+009	 -2.1723630000000000e+001	
  4.6914000000000000e+009	 -2.1379880000000000e+001	
  4.6937000000000000e+009	 -2.1062500000000000e+001	
  4.6960000000000000e+009	 -2.0724609999999998e+001	
  4.6983000000000000e+009	 -2.0479489999999998e+001	
  4.7006000000000000e+009	 -2.0185549999999999e+001	
  4.7029000000000000e+009	 -2.0031250000000000e+001	
  4.7052000000000000e+009	 -1.9881830000000001e+001	
  4.7075000000000000e+009	 -1.9826170000000001e+001	
  4.7098000000000000e+009	 -1.9826170000000001e+001	
  4.7121000000000000e+009	 -1.9811520000000002e+001	
  4.7144000000000000e+009	 -1.9869140000000002e+001	
  4.7167000000000000e+009	 -1.9962890000000002e+001	
  4.7190000000000000e+009	 -2.0139650000000000e+001	
  4.7213000000000000e+009	 -2.0280270000000002e+001	
  4.7236000000000000e+009	 -2.0428709999999999e+001	
  4.7259000000000000e+009	 -2.0485350000000000e+001	
  4.7282000000000000e+009	 -2.0485350000000000e+001	
  4.7305000000000000e+009	 -2.0502929999999999e+001	
  4.7328000000000000e+009	 -2.0421869999999998e+001	
  4.7351000000000000e+009	 -2.0313479999999998e+001	
  4.7374000000000000e+009	 -2.0183589999999999e+001	
  4.7397000000000000e+009	 -1.9980470000000000e+001	
  4.7420000000000000e+009	 -1.9719719999999999e+001	
  4.7443000000000000e+009	 -1.9404299999999999e+001	
  4.7466000000000000e+009	 -1.9088870000000000e+001	
  4.7489000000000000e+009	 -1.8756840000000000e+001	
  4.7512000000000000e+009	 -1.8388670000000001e+001	
  4.7535000000000000e+009	 -1.7958980000000000e+001	
  4.7558000000000000e+009	 -1.7513670000000001e+001	
  4.7581000000000000e+009	 -1.7118160000000000e+001	
  4.7604000000000000e+009	 -1.6763670000000001e+001	
  4.7627000000000000e+009	 -1.6462890000000002e+001	
  4.7650000000000000e+009	 -1.6228510000000000e+001	
  4.7673000000000000e+009	 -1.6063479999999998e+001	
  4.7696000000000000e+009	 -1.5985840000000000e+001	
  4.7719000000000000e+009	 -1.5971679999999999e+001	
  4.7742000000000000e+009	 -1.6084959999999999e+001	
  4.7765000000000000e+009	 -1.6134770000000000e+001	
  4.7788000000000000e+009	 -1.6301760000000002e+001	
  4.7811000000000000e+009	 -1.6361329999999999e+001	
  4.7834000000000000e+009	 -1.6552730000000000e+001	
  4.7857000000000000e+009	 -1.6581050000000001e+001	
  4.7880000000000000e+009	 -1.6630859999999998e+001	
  4.7903000000000000e+009	 -1.6580079999999999e+001	
  4.7926000000000000e+009	 -1.6359369999999998e+001	
  4.7949000000000000e+009	 -1.6223630000000000e+001	
  4.7972000000000000e+009	 -1.5960940000000001e+001	
  4.7995000000000000e+009	 -1.5612790000000000e+001	
  4.8018000000000000e+009	 -1.5256349999999999e+001	
  4.8041000000000000e+009	 -1.4827150000000000e+001	
  4.8064000000000000e+009	 -1.4319340000000000e+001	
  4.8087000000000000e+009	 -1.3868160000000000e+001	
  4.8110000000000000e+009	 -1.3389650000000000e+001	
  4.8133000000000000e+009	 -1.3008789999999999e+001	
  4.8156000000000000e+009	 -1.2639650000000000e+001	
  4.8179000000000000e+009	 -1.2384280000000000e+001	
  4.8202000000000000e+009	 -1.2014160000000000e+001	
  4.8225000000000000e+009	 -1.1881349999999999e+001	
  4.8248000000000000e+009	 -1.1653320000000001e+001	
  4.8271000000000000e+009	 -1.1490720000000000e+001	
  4.8294000000000000e+009	 -1.1308590000000001e+001	
  4.8317000000000000e+009	 -1.1110350000000000e+001	
  4.8340000000000000e+009	 -1.0955570000000000e+001	
  4.8363000000000000e+009	 -1.0704100000000000e+001	
  4.8386000000000000e+009	 -1.0501950000000001e+001	
  4.8409000000000000e+009	 -1.0307130000000001e+001	
  4.8432000000000000e+009	 -1.0079590000000000e+001	
  4.8455000000000000e+009	 -9.7890630000000005e+000	
  4.8478000000000000e+009	 -9.5795899999999996e+000	
  4.8501000000000000e+009	 -9.3754880000000007e+000	
  4.8524000000000000e+009	 -9.1796880000000005e+000	
  4.8547000000000000e+009	 -9.0385740000000006e+000	
  4.8570000000000000e+009	 -8.8745119999999993e+000	
  4.8593000000000000e+009	 -8.7866210000000002e+000	
  4.8616000000000000e+009	 -8.7719729999999991e+000	
  4.8639000000000000e+009	 -8.6684570000000001e+000	
  4.8662000000000000e+009	 -8.6660160000000008e+000	
  4.8685000000000000e+009	 -8.6821289999999998e+000	
  4.8708000000000000e+009	 -8.7187500000000000e+000	
  4.8731000000000000e+009	 -8.9101560000000006e+000	
  4.8754000000000000e+009	 -9.0805659999999992e+000	
  4.8777000000000000e+009	 -9.3012700000000006e+000	
  4.8800000000000000e+009	 -9.5200200000000006e+000	
  4.8823000000000000e+009	 -9.7988280000000003e+000	
  4.8846000000000000e+009	 -1.0125980000000000e+001	
  4.8869000000000000e+009	 -1.0373540000000000e+001	
  4.8892000000000000e+009	 -1.0598140000000001e+001	
  4.8915000000000000e+009	 -1.0783690000000000e+001	
  4.8938000000000000e+009	 -1.0921390000000001e+001	
  4.8961000000000000e+009	 -1.1060549999999999e+001	
  4.8984000000000000e+009	 -1.1176270000000001e+001	
  4.9007000000000000e+009	 -1.1252440000000000e+001	
  4.9030000000000000e+009	 -1.1350590000000000e+001	
  4.9053000000000000e+009	 -1.1448729999999999e+001	
  4.9076000000000000e+009	 -1.1600590000000000e+001	
  4.9099000000000000e+009	 -1.1778810000000000e+001	
  4.9122000000000000e+009	 -1.2013669999999999e+001	
  4.9145000000000000e+009	 -1.2272950000000000e+001	
  4.9168000000000000e+009	 -1.2643549999999999e+001	
  4.9191000000000000e+009	 -1.2970210000000000e+001	
  4.9214000000000000e+009	 -1.3526859999999999e+001	
  4.9237000000000000e+009	 -1.4017090000000000e+001	
  4.9260000000000000e+009	 -1.4410640000000001e+001	
  4.9283000000000000e+009	 -1.4960450000000000e+001	
  4.9306000000000000e+009	 -1.5444340000000000e+001	
  4.9329000000000000e+009	 -1.5955570000000000e+001	
  4.9352000000000000e+009	 -1.6397459999999999e+001	
  4.9375000000000000e+009	 -1.6829100000000000e+001	
  4.9398000000000000e+009	 -1.7208010000000002e+001	
  4.9421000000000000e+009	 -1.7586910000000000e+001	
  4.9444000000000000e+009	 -1.7907229999999998e+001	
  4.9467000000000000e+009	 -1.8074220000000000e+001	
  4.9490000000000000e+009	 -1.8297850000000000e+001	
  4.9513000000000000e+009	 -1.8469719999999999e+001	
  4.9536000000000000e+009	 -1.8498049999999999e+001	
  4.9559000000000000e+009	 -1.8626950000000001e+001	
  4.9582000000000000e+009	 -1.8539059999999999e+001	
  4.9605000000000000e+009	 -1.8400390000000002e+001	
  4.9628000000000000e+009	 -1.8419920000000001e+001	
  4.9651000000000000e+009	 -1.8335940000000001e+001	
  4.9674000000000000e+009	 -1.8259760000000000e+001	
  4.9697000000000000e+009	 -1.8206050000000001e+001	
  4.9720000000000000e+009	 -1.8195309999999999e+001	
  4.9743000000000000e+009	 -1.8287109999999998e+001	
  4.9766000000000000e+009	 -1.8405270000000002e+001	
  4.9789000000000000e+009	 -1.8605470000000000e+001	
  4.9812000000000000e+009	 -1.8809570000000001e+001	
  4.9835000000000000e+009	 -1.9223630000000000e+001	
  4.9858000000000000e+009	 -1.9624020000000002e+001	
  4.9881000000000000e+009	 -1.9977540000000001e+001	
  4.9904000000000000e+009	 -2.0342770000000002e+001	
  4.9927000000000000e+009	 -2.0761720000000000e+001	
  4.9950000000000000e+009	 -2.1097660000000001e+001	
  4.9973000000000000e+009	 -2.1380859999999998e+001	
  4.9996000000000000e+009	 -2.1651370000000000e+001	
  5.0019000000000000e+009	 -2.1846679999999999e+001	
  5.0042000000000000e+009	 -2.1987300000000001e+001	
  5.0065000000000000e+009	 -2.2096679999999999e+001	
  5.0088000000000000e+009	 -2.2117190000000001e+001	
  5.0111000000000000e+009	 -2.2130859999999998e+001	
  5.0134000000000000e+009	 -2.2123049999999999e+001	
  5.0157000000000000e+009	 -2.2032229999999998e+001	
  5.0180000000000000e+009	 -2.2094729999999998e+001	
  5.0203000000000000e+009	 -2.2082030000000000e+001	
  5.0226000000000000e+009	 -2.1989249999999998e+001	
  5.0249000000000000e+009	 -2.1902339999999999e+001	
  5.0272000000000000e+009	 -2.1962890000000002e+001	
  5.0295000000000000e+009	 -2.1933589999999999e+001	
  5.0318000000000000e+009	 -2.1948239999999998e+001	
  5.0341000000000000e+009	 -2.1944340000000000e+001	
  5.0364000000000000e+009	 -2.1934570000000001e+001	
  5.0387000000000000e+009	 -2.1990230000000000e+001	
  5.0410000000000000e+009	 -2.1918949999999999e+001	
  5.0433000000000000e+009	 -2.1898440000000001e+001	
  5.0456000000000000e+009	 -2.1975580000000001e+001	
  5.0479000000000000e+009	 -2.1916010000000000e+001	
  5.0502000000000000e+009	 -2.1969719999999999e+001	
  5.0525000000000000e+009	 -2.2018550000000001e+001	
  5.0548000000000000e+009	 -2.2050780000000000e+001	
  5.0571000000000000e+009	 -2.2171869999999998e+001	
  5.0594000000000000e+009	 -2.2276370000000000e+001	
  5.0617000000000000e+009	 -2.2495120000000000e+001	
  5.0640000000000000e+009	 -2.2712890000000002e+001	
  5.0663000000000000e+009	 -2.2938479999999998e+001	
  5.0686000000000000e+009	 -2.3218750000000000e+001	
  5.0709000000000000e+009	 -2.3492190000000001e+001	
  5.0732000000000000e+009	 -2.3667970000000000e+001	
  5.0755000000000000e+009	 -2.3937500000000000e+001	
  5.0778000000000000e+009	 -2.4083980000000000e+001	
  5.0801000000000000e+009	 -2.4267579999999999e+001	
  5.0824000000000000e+009	 -2.4413080000000001e+001	
  5.0847000000000000e+009	 -2.4427730000000000e+001	
  5.0870000000000000e+009	 -2.4437500000000000e+001	
  5.0893000000000000e+009	 -2.4388670000000001e+001	
  5.0916000000000000e+009	 -2.4241209999999999e+001	
  5.0939000000000000e+009	 -2.4128900000000002e+001	
  5.0962000000000000e+009	 -2.3971679999999999e+001	
  5.0985000000000000e+009	 -2.3785160000000001e+001	
  5.1008000000000000e+009	 -2.3566400000000002e+001	
  5.1031000000000000e+009	 -2.3352540000000001e+001	
  5.1054000000000000e+009	 -2.3113280000000000e+001	
  5.1077000000000000e+009	 -2.2833010000000002e+001	
  5.1100000000000000e+009	 -2.2760739999999998e+001	
  5.1123000000000000e+009	 -2.2560540000000000e+001	
  5.1146000000000000e+009	 -2.2494140000000002e+001	
  5.1169000000000000e+009	 -2.2457999999999998e+001	
  5.1192000000000000e+009	 -2.2593750000000000e+001	
  5.1215000000000000e+009	 -2.2849609999999998e+001	
  5.1238000000000000e+009	 -2.3041989999999998e+001	
  5.1261000000000000e+009	 -2.3310549999999999e+001	
  5.1284000000000000e+009	 -2.3657229999999998e+001	
  5.1307000000000000e+009	 -2.4017579999999999e+001	
  5.1330000000000000e+009	 -2.4362300000000001e+001	
  5.1353000000000000e+009	 -2.4657229999999998e+001	
  5.1376000000000000e+009	 -2.5027339999999999e+001	
  5.1399000000000000e+009	 -2.5292970000000000e+001	
  5.1422000000000000e+009	 -2.5511720000000000e+001	
  5.1445000000000000e+009	 -2.5605470000000000e+001	
  5.1468000000000000e+009	 -2.5659179999999999e+001	
  5.1491000000000000e+009	 -2.5670900000000000e+001	
  5.1514000000000000e+009	 -2.5592770000000002e+001	
  5.1537000000000000e+009	 -2.5500969999999999e+001	
  5.1560000000000000e+009	 -2.5298819999999999e+001	
  5.1583000000000000e+009	 -2.5007809999999999e+001	
  5.1606000000000000e+009	 -2.4717770000000002e+001	
  5.1629000000000000e+009	 -2.4344729999999998e+001	
  5.1652000000000000e+009	 -2.4011720000000000e+001	
  5.1675000000000000e+009	 -2.3676760000000002e+001	
  5.1698000000000000e+009	 -2.3398440000000001e+001	
  5.1721000000000000e+009	 -2.3216799999999999e+001	
  5.1744000000000000e+009	 -2.2932620000000000e+001	
  5.1767000000000000e+009	 -2.2850580000000001e+001	
  5.1790000000000000e+009	 -2.2815429999999999e+001	
  5.1813000000000000e+009	 -2.2904299999999999e+001	
  5.1836000000000000e+009	 -2.3096679999999999e+001	
  5.1859000000000000e+009	 -2.3257809999999999e+001	
  5.1882000000000000e+009	 -2.3478510000000000e+001	
  5.1905000000000000e+009	 -2.3738280000000000e+001	
  5.1928000000000000e+009	 -2.3971679999999999e+001	
  5.1951000000000000e+009	 -2.4210930000000001e+001	
  5.1974000000000000e+009	 -2.4389650000000000e+001	
  5.1997000000000000e+009	 -2.4607420000000001e+001	
  5.2020000000000000e+009	 -2.4789059999999999e+001	
  5.2043000000000000e+009	 -2.4948239999999998e+001	
  5.2066000000000000e+009	 -2.5049800000000001e+001	
  5.2089000000000000e+009	 -2.5210930000000001e+001	
  5.2112000000000000e+009	 -2.5196290000000001e+001	
  5.2135000000000000e+009	 -2.5243160000000000e+001	
  5.2158000000000000e+009	 -2.5319330000000001e+001	
  5.2181000000000000e+009	 -2.5304680000000001e+001	
  5.2204000000000000e+009	 -2.5295900000000000e+001	
  5.2227000000000000e+009	 -2.5248049999999999e+001	
  5.2250000000000000e+009	 -2.5140619999999998e+001	
  5.2273000000000000e+009	 -2.5111329999999999e+001	
  5.2296000000000000e+009	 -2.5024410000000000e+001	
  5.2319000000000000e+009	 -2.4657229999999998e+001	
  5.2342000000000000e+009	 -2.4418949999999999e+001	
  5.2365000000000000e+009	 -2.4291989999999998e+001	
  5.2388000000000000e+009	 -2.4292960000000001e+001	
  5.2411000000000000e+009	 -2.3979489999999998e+001	
  5.2434000000000000e+009	 -2.3726559999999999e+001	
  5.2457000000000000e+009	 -2.3614260000000002e+001	
  5.2480000000000000e+009	 -2.3698239999999998e+001	
  5.2503000000000000e+009	 -2.3663090000000000e+001	
  5.2526000000000000e+009	 -2.3664059999999999e+001	
  5.2549000000000000e+009	 -2.3841799999999999e+001	
  5.2572000000000000e+009	 -2.4150390000000002e+001	
  5.2595000000000000e+009	 -2.4242190000000001e+001	
  5.2618000000000000e+009	 -2.4472660000000001e+001	
  5.2641000000000000e+009	 -2.4737300000000001e+001	
  5.2664000000000000e+009	 -2.5055660000000000e+001	
  5.2687000000000000e+009	 -2.5157219999999999e+001	
  5.2710000000000000e+009	 -2.5319330000000001e+001	
  5.2733000000000000e+009	 -2.5390630000000002e+001	
  5.2756000000000000e+009	 -2.5519530000000000e+001	
  5.2779000000000000e+009	 -2.5507809999999999e+001	
  5.2802000000000000e+009	 -2.5447260000000000e+001	
  5.2825000000000000e+009	 -2.5438479999999998e+001	
  5.2848000000000000e+009	 -2.5353510000000000e+001	
  5.2871000000000000e+009	 -2.5263670000000001e+001	
  5.2894000000000000e+009	 -2.5105470000000000e+001	
  5.2917000000000000e+009	 -2.4958980000000000e+001	
  5.2940000000000000e+009	 -2.4838870000000000e+001	
  5.2963000000000000e+009	 -2.4716799999999999e+001	
  5.2986000000000000e+009	 -2.4549800000000001e+001	
  5.3009000000000000e+009	 -2.4472660000000001e+001	
  5.3032000000000000e+009	 -2.4322260000000000e+001	
  5.3055000000000000e+009	 -2.4118160000000000e+001	
  5.3078000000000000e+009	 -2.3983400000000000e+001	
  5.3101000000000000e+009	 -2.3744140000000002e+001	
  5.3124000000000000e+009	 -2.3644530000000000e+001	
  5.3147000000000000e+009	 -2.3347650000000002e+001	
  5.3170000000000000e+009	 -2.3195309999999999e+001	
  5.3193000000000000e+009	 -2.2982420000000001e+001	
  5.3216000000000000e+009	 -2.2882809999999999e+001	
  5.3239000000000000e+009	 -2.2831050000000001e+001	
  5.3262000000000000e+009	 -2.2847660000000001e+001	
  5.3285000000000000e+009	 -2.2921869999999998e+001	
  5.3308000000000000e+009	 -2.3028320000000001e+001	
  5.3331000000000000e+009	 -2.3307610000000000e+001	
  5.3354000000000000e+009	 -2.3577150000000000e+001	
  5.3377000000000000e+009	 -2.3822260000000000e+001	
  5.3400000000000000e+009	 -2.4284179999999999e+001	
