  4.5000000000000000e+009	 -2.3092770000000002e+001	
  4.5013000000000000e+009	 -2.3037109999999998e+001	
  4.5026000000000000e+009	 -2.3047850000000000e+001	
  4.5039000000000000e+009	 -2.3072270000000000e+001	
  4.5052000000000000e+009	 -2.3084959999999999e+001	
  4.5065000000000000e+009	 -2.3185540000000000e+001	
  4.5078000000000000e+009	 -2.3239249999999998e+001	
  4.5091000000000000e+009	 -2.3360350000000000e+001	
  4.5104000000000000e+009	 -2.3466799999999999e+001	
  4.5117000000000000e+009	 -2.3612300000000001e+001	
  4.5130000000000000e+009	 -2.3802730000000000e+001	
  4.5143000000000000e+009	 -2.3933589999999999e+001	
  4.5156000000000000e+009	 -2.4136710000000001e+001	
  4.5169000000000000e+009	 -2.4246089999999999e+001	
  4.5182000000000000e+009	 -2.4384770000000000e+001	
  4.5195000000000000e+009	 -2.4494140000000002e+001	
  4.5208000000000000e+009	 -2.4634760000000000e+001	
  4.5221000000000000e+009	 -2.4689450000000001e+001	
  4.5234000000000000e+009	 -2.4745120000000000e+001	
  4.5247000000000000e+009	 -2.4836910000000000e+001	
  4.5260000000000000e+009	 -2.4836910000000000e+001	
  4.5273000000000000e+009	 -2.4838870000000000e+001	
  4.5286000000000000e+009	 -2.4767579999999999e+001	
  4.5299000000000000e+009	 -2.4660150000000002e+001	
  4.5312000000000000e+009	 -2.4557610000000000e+001	
  4.5325000000000000e+009	 -2.4382809999999999e+001	
  4.5338000000000000e+009	 -2.4157219999999999e+001	
  4.5351000000000000e+009	 -2.3875979999999998e+001	
  4.5364000000000000e+009	 -2.3538080000000001e+001	
  4.5377000000000000e+009	 -2.3148440000000001e+001	
  4.5390000000000000e+009	 -2.2629880000000000e+001	
  4.5403000000000000e+009	 -2.2040040000000001e+001	
  4.5416000000000000e+009	 -2.1480470000000000e+001	
  4.5429000000000000e+009	 -2.1253910000000001e+001	
  4.5442000000000000e+009	 -2.2366209999999999e+001	
  4.5455000000000000e+009	 -2.5419920000000001e+001	
  4.5468000000000000e+009	 -2.8383790000000001e+001	
  4.5481000000000000e+009	 -2.9067380000000000e+001	
  4.5494000000000000e+009	 -2.8415040000000001e+001	
  4.5507000000000000e+009	 -2.7509770000000000e+001	
  4.5520000000000000e+009	 -2.6755859999999998e+001	
  4.5533000000000000e+009	 -2.6170900000000000e+001	
  4.5546000000000000e+009	 -2.5666989999999998e+001	
  4.5559000000000000e+009	 -2.5381830000000001e+001	
  4.5572000000000000e+009	 -2.4983400000000000e+001	
  4.5585000000000000e+009	 -2.4797850000000000e+001	
  4.5598000000000000e+009	 -2.4546869999999998e+001	
  4.5611000000000000e+009	 -2.4448239999999998e+001	
  4.5624000000000000e+009	 -2.4398440000000001e+001	
  4.5637000000000000e+009	 -2.4332030000000000e+001	
  4.5650000000000000e+009	 -2.4276370000000000e+001	
  4.5663000000000000e+009	 -2.4291010000000000e+001	
  4.5676000000000000e+009	 -2.4289059999999999e+001	
  4.5689000000000000e+009	 -2.4384770000000000e+001	
  4.5702000000000000e+009	 -2.4432620000000000e+001	
  4.5715000000000000e+009	 -2.4510739999999998e+001	
  4.5728000000000000e+009	 -2.4614260000000002e+001	
  4.5741000000000000e+009	 -2.4695309999999999e+001	
  4.5754000000000000e+009	 -2.4815429999999999e+001	
  4.5767000000000000e+009	 -2.4917960000000001e+001	
  4.5780000000000000e+009	 -2.5027339999999999e+001	
  4.5793000000000000e+009	 -2.5124020000000002e+001	
  4.5806000000000000e+009	 -2.5185549999999999e+001	
  4.5819000000000000e+009	 -2.5322270000000000e+001	
  4.5832000000000000e+009	 -2.5388670000000001e+001	
  4.5845000000000000e+009	 -2.5486329999999999e+001	
  4.5858000000000000e+009	 -2.5504880000000000e+001	
  4.5871000000000000e+009	 -2.5561520000000002e+001	
  4.5884000000000000e+009	 -2.5573239999999998e+001	
  4.5897000000000000e+009	 -2.5616209999999999e+001	
  4.5910000000000000e+009	 -2.5591790000000000e+001	
  4.5923000000000000e+009	 -2.5532229999999998e+001	
  4.5936000000000000e+009	 -2.5551760000000002e+001	
  4.5949000000000000e+009	 -2.5486329999999999e+001	
  4.5962000000000000e+009	 -2.5409179999999999e+001	
  4.5975000000000000e+009	 -2.5299800000000001e+001	
  4.5988000000000000e+009	 -2.5143550000000001e+001	
  4.6001000000000000e+009	 -2.5122070000000001e+001	
  4.6014000000000000e+009	 -2.4967770000000002e+001	
  4.6027000000000000e+009	 -2.4790040000000001e+001	
  4.6040000000000000e+009	 -2.4640619999999998e+001	
  4.6053000000000000e+009	 -2.4474609999999998e+001	
  4.6066000000000000e+009	 -2.4297850000000000e+001	
  4.6079000000000000e+009	 -2.4122070000000001e+001	
  4.6092000000000000e+009	 -2.3935549999999999e+001	
  4.6105000000000000e+009	 -2.3743160000000000e+001	
  4.6118000000000000e+009	 -2.3573239999999998e+001	
  4.6131000000000000e+009	 -2.3415040000000001e+001	
  4.6144000000000000e+009	 -2.3213870000000000e+001	
  4.6157000000000000e+009	 -2.3082030000000000e+001	
  4.6170000000000000e+009	 -2.2970700000000001e+001	
  4.6183000000000000e+009	 -2.2804680000000001e+001	
  4.6196000000000000e+009	 -2.2759770000000000e+001	
  4.6209000000000000e+009	 -2.2757809999999999e+001	
  4.6222000000000000e+009	 -2.2702150000000000e+001	
  4.6235000000000000e+009	 -2.2623049999999999e+001	
  4.6248000000000000e+009	 -2.2710940000000001e+001	
  4.6261000000000000e+009	 -2.2713870000000000e+001	
  4.6274000000000000e+009	 -2.2763670000000001e+001	
  4.6287000000000000e+009	 -2.2812500000000000e+001	
  4.6300000000000000e+009	 -2.2869140000000002e+001	
  4.6313000000000000e+009	 -2.2889650000000000e+001	
  4.6326000000000000e+009	 -2.2948239999999998e+001	
  4.6339000000000000e+009	 -2.2997070000000001e+001	
  4.6352000000000000e+009	 -2.3089839999999999e+001	
  4.6365000000000000e+009	 -2.3116209999999999e+001	
  4.6378000000000000e+009	 -2.3162109999999998e+001	
  4.6391000000000000e+009	 -2.3219719999999999e+001	
  4.6404000000000000e+009	 -2.3247070000000001e+001	
  4.6417000000000000e+009	 -2.3215820000000001e+001	
  4.6430000000000000e+009	 -2.3213870000000000e+001	
  4.6443000000000000e+009	 -2.3178709999999999e+001	
  4.6456000000000000e+009	 -2.3195309999999999e+001	
  4.6469000000000000e+009	 -2.3206050000000001e+001	
  4.6482000000000000e+009	 -2.3165040000000001e+001	
  4.6495000000000000e+009	 -2.3096679999999999e+001	
  4.6508000000000000e+009	 -2.3132809999999999e+001	
  4.6521000000000000e+009	 -2.3023440000000001e+001	
  4.6534000000000000e+009	 -2.2964839999999999e+001	
  4.6547000000000000e+009	 -2.2845700000000001e+001	
  4.6560000000000000e+009	 -2.2878900000000002e+001	
  4.6573000000000000e+009	 -2.2883790000000001e+001	
  4.6586000000000000e+009	 -2.2785150000000002e+001	
  4.6599000000000000e+009	 -2.2799800000000001e+001	
  4.6612000000000000e+009	 -2.2700199999999999e+001	
  4.6625000000000000e+009	 -2.2731439999999999e+001	
  4.6638000000000000e+009	 -2.2702150000000000e+001	
  4.6651000000000000e+009	 -2.2763670000000001e+001	
  4.6664000000000000e+009	 -2.2727540000000001e+001	
  4.6677000000000000e+009	 -2.2744140000000002e+001	
  4.6690000000000000e+009	 -2.2757809999999999e+001	
  4.6703000000000000e+009	 -2.2775390000000002e+001	
  4.6716000000000000e+009	 -2.2772459999999999e+001	
  4.6729000000000000e+009	 -2.2776370000000000e+001	
  4.6742000000000000e+009	 -2.2754880000000000e+001	
  4.6755000000000000e+009	 -2.2731439999999999e+001	
  4.6768000000000000e+009	 -2.2736329999999999e+001	
  4.6781000000000000e+009	 -2.2722650000000002e+001	
  4.6794000000000000e+009	 -2.2697260000000000e+001	
  4.6807000000000000e+009	 -2.2565429999999999e+001	
  4.6820000000000000e+009	 -2.2499020000000002e+001	
  4.6833000000000000e+009	 -2.2457999999999998e+001	
  4.6846000000000000e+009	 -2.2270510000000002e+001	
  4.6859000000000000e+009	 -2.2097650000000002e+001	
  4.6872000000000000e+009	 -2.2092770000000002e+001	
  4.6885000000000000e+009	 -2.1836919999999999e+001	
  4.6898000000000000e+009	 -2.1715820000000001e+001	
  4.6911000000000000e+009	 -2.1532229999999998e+001	
  4.6924000000000000e+009	 -2.1372070000000001e+001	
  4.6937000000000000e+009	 -2.1248040000000000e+001	
  4.6950000000000000e+009	 -2.1082030000000000e+001	
  4.6963000000000000e+009	 -2.0906250000000000e+001	
  4.6976000000000000e+009	 -2.0718750000000000e+001	
  4.6989000000000000e+009	 -2.0612300000000001e+001	
  4.7002000000000000e+009	 -2.0485350000000000e+001	
  4.7015000000000000e+009	 -2.0382809999999999e+001	
  4.7028000000000000e+009	 -2.0301760000000002e+001	
  4.7041000000000000e+009	 -2.0225590000000000e+001	
  4.7054000000000000e+009	 -2.0166020000000000e+001	
  4.7067000000000000e+009	 -2.0128900000000002e+001	
  4.7080000000000000e+009	 -2.0149410000000000e+001	
  4.7093000000000000e+009	 -2.0142579999999999e+001	
  4.7106000000000000e+009	 -2.0020510000000002e+001	
  4.7119000000000000e+009	 -2.0158200000000001e+001	
  4.7132000000000000e+009	 -2.0196290000000001e+001	
  4.7145000000000000e+009	 -2.0231439999999999e+001	
  4.7158000000000000e+009	 -2.0418939999999999e+001	
  4.7171000000000000e+009	 -2.0491209999999999e+001	
  4.7184000000000000e+009	 -2.0567380000000000e+001	
  4.7197000000000000e+009	 -2.0680660000000000e+001	
  4.7210000000000000e+009	 -2.0791989999999998e+001	
  4.7223000000000000e+009	 -2.0791020000000000e+001	
  4.7236000000000000e+009	 -2.0948239999999998e+001	
  4.7249000000000000e+009	 -2.0970700000000001e+001	
  4.7262000000000000e+009	 -2.1006840000000000e+001	
  4.7275000000000000e+009	 -2.1054690000000001e+001	
  4.7288000000000000e+009	 -2.1101559999999999e+001	
  4.7301000000000000e+009	 -2.1083980000000000e+001	
  4.7314000000000000e+009	 -2.1053709999999999e+001	
  4.7327000000000000e+009	 -2.1047850000000000e+001	
  4.7340000000000000e+009	 -2.1009760000000000e+001	
  4.7353000000000000e+009	 -2.0928709999999999e+001	
  4.7366000000000000e+009	 -2.0877929999999999e+001	
  4.7379000000000000e+009	 -2.0783200000000001e+001	
  4.7392000000000000e+009	 -2.0662109999999998e+001	
  4.7405000000000000e+009	 -2.0582999999999998e+001	
  4.7418000000000000e+009	 -2.0415040000000001e+001	
  4.7431000000000000e+009	 -2.0311520000000002e+001	
  4.7444000000000000e+009	 -2.0127929999999999e+001	
  4.7457000000000000e+009	 -1.9916989999999998e+001	
  4.7470000000000000e+009	 -1.9746089999999999e+001	
  4.7483000000000000e+009	 -1.9570309999999999e+001	
  4.7496000000000000e+009	 -1.9308589999999999e+001	
  4.7509000000000000e+009	 -1.9133790000000001e+001	
  4.7522000000000000e+009	 -1.8875979999999998e+001	
  4.7535000000000000e+009	 -1.8755859999999998e+001	
  4.7548000000000000e+009	 -1.8474609999999998e+001	
  4.7561000000000000e+009	 -1.8282229999999998e+001	
  4.7574000000000000e+009	 -1.8020510000000002e+001	
  4.7587000000000000e+009	 -1.7885739999999998e+001	
  4.7600000000000000e+009	 -1.7711910000000000e+001	
  4.7613000000000000e+009	 -1.7570309999999999e+001	
  4.7626000000000000e+009	 -1.7358400000000000e+001	
  4.7639000000000000e+009	 -1.7257809999999999e+001	
  4.7652000000000000e+009	 -1.7147459999999999e+001	
  4.7665000000000000e+009	 -1.7068359999999998e+001	
  4.7678000000000000e+009	 -1.7025390000000002e+001	
  4.7691000000000000e+009	 -1.6986329999999999e+001	
  4.7704000000000000e+009	 -1.6973630000000000e+001	
  4.7717000000000000e+009	 -1.7055660000000000e+001	
  4.7730000000000000e+009	 -1.7057620000000000e+001	
  4.7743000000000000e+009	 -1.7117190000000001e+001	
  4.7756000000000000e+009	 -1.7197270000000000e+001	
  4.7769000000000000e+009	 -1.7233400000000000e+001	
  4.7782000000000000e+009	 -1.7324220000000000e+001	
  4.7795000000000000e+009	 -1.7440429999999999e+001	
  4.7808000000000000e+009	 -1.7572260000000000e+001	
  4.7821000000000000e+009	 -1.7688469999999999e+001	
  4.7834000000000000e+009	 -1.7674800000000001e+001	
  4.7847000000000000e+009	 -1.7770510000000002e+001	
  4.7860000000000000e+009	 -1.7893550000000001e+001	
  4.7873000000000000e+009	 -1.7949220000000000e+001	
  4.7886000000000000e+009	 -1.7931640000000002e+001	
  4.7899000000000000e+009	 -1.7916010000000000e+001	
  4.7912000000000000e+009	 -1.8002929999999999e+001	
  4.7925000000000000e+009	 -1.7861329999999999e+001	
  4.7938000000000000e+009	 -1.7783200000000001e+001	
  4.7951000000000000e+009	 -1.7680660000000000e+001	
  4.7964000000000000e+009	 -1.7541020000000000e+001	
  4.7977000000000000e+009	 -1.7397459999999999e+001	
  4.7990000000000000e+009	 -1.7250979999999998e+001	
  4.8003000000000000e+009	 -1.7067380000000000e+001	
  4.8016000000000000e+009	 -1.6839839999999999e+001	
  4.8029000000000000e+009	 -1.6655270000000002e+001	
  4.8042000000000000e+009	 -1.6428709999999999e+001	
  4.8055000000000000e+009	 -1.6143550000000001e+001	
  4.8068000000000000e+009	 -1.5924799999999999e+001	
  4.8081000000000000e+009	 -1.5630369999999999e+001	
  4.8094000000000000e+009	 -1.5435549999999999e+001	
  4.8107000000000000e+009	 -1.5168460000000000e+001	
  4.8120000000000000e+009	 -1.4961430000000000e+001	
  4.8133000000000000e+009	 -1.4666990000000000e+001	
  4.8146000000000000e+009	 -1.4533200000000001e+001	
  4.8159000000000000e+009	 -1.4312010000000001e+001	
  4.8172000000000000e+009	 -1.4204590000000000e+001	
  4.8185000000000000e+009	 -1.3980470000000000e+001	
  4.8198000000000000e+009	 -1.3938480000000000e+001	
  4.8211000000000000e+009	 -1.3755369999999999e+001	
  4.8224000000000000e+009	 -1.3647950000000000e+001	
  4.8237000000000000e+009	 -1.3544919999999999e+001	
  4.8250000000000000e+009	 -1.3451169999999999e+001	
  4.8263000000000000e+009	 -1.3405270000000000e+001	
  4.8276000000000000e+009	 -1.3314450000000001e+001	
  4.8289000000000000e+009	 -1.3188480000000000e+001	
  4.8302000000000000e+009	 -1.3150390000000000e+001	
  4.8315000000000000e+009	 -1.3076660000000000e+001	
  4.8328000000000000e+009	 -1.2972659999999999e+001	
  4.8341000000000000e+009	 -1.2860840000000000e+001	
  4.8354000000000000e+009	 -1.2787110000000000e+001	
  4.8367000000000000e+009	 -1.2704590000000000e+001	
  4.8380000000000000e+009	 -1.2599610000000000e+001	
  4.8393000000000000e+009	 -1.2439450000000001e+001	
  4.8406000000000000e+009	 -1.2320800000000000e+001	
  4.8419000000000000e+009	 -1.2093260000000001e+001	
  4.8432000000000000e+009	 -1.2067380000000000e+001	
  4.8445000000000000e+009	 -1.1878420000000000e+001	
  4.8458000000000000e+009	 -1.1702640000000001e+001	
  4.8471000000000000e+009	 -1.1528810000000000e+001	
  4.8484000000000000e+009	 -1.1359859999999999e+001	
  4.8497000000000000e+009	 -1.1256349999999999e+001	
  4.8510000000000000e+009	 -1.1098140000000001e+001	
  4.8523000000000000e+009	 -1.0961430000000000e+001	
  4.8536000000000000e+009	 -1.0815920000000000e+001	
  4.8549000000000000e+009	 -1.0659179999999999e+001	
  4.8562000000000000e+009	 -1.0514160000000000e+001	
  4.8575000000000000e+009	 -1.0392090000000000e+001	
  4.8588000000000000e+009	 -1.0280760000000001e+001	
  4.8601000000000000e+009	 -1.0161130000000000e+001	
  4.8614000000000000e+009	 -1.0022950000000000e+001	
  4.8627000000000000e+009	 -9.8510740000000006e+000	
  4.8640000000000000e+009	 -9.8164060000000006e+000	
  4.8653000000000000e+009	 -9.7163090000000008e+000	
  4.8666000000000000e+009	 -9.5507810000000006e+000	
  4.8679000000000000e+009	 -9.4941410000000008e+000	
  4.8692000000000000e+009	 -9.3637700000000006e+000	
  4.8705000000000000e+009	 -9.2373049999999992e+000	
  4.8718000000000000e+009	 -9.0351560000000006e+000	
  4.8731000000000000e+009	 -8.8989259999999994e+000	
  4.8744000000000000e+009	 -8.7333979999999993e+000	
  4.8757000000000000e+009	 -8.5913090000000008e+000	
  4.8770000000000000e+009	 -8.4145509999999994e+000	
  4.8783000000000000e+009	 -8.2836909999999992e+000	
  4.8796000000000000e+009	 -8.2011719999999997e+000	
  4.8809000000000000e+009	 -8.1362299999999994e+000	
  4.8822000000000000e+009	 -8.0620119999999993e+000	
  4.8835000000000000e+009	 -7.9958499999999999e+000	
  4.8848000000000000e+009	 -7.9436039999999997e+000	
  4.8861000000000000e+009	 -7.8991699999999998e+000	
  4.8874000000000000e+009	 -7.9438480000000000e+000	
  4.8887000000000000e+009	 -7.8786620000000003e+000	
  4.8900000000000000e+009	 -7.8937989999999996e+000	
  4.8913000000000000e+009	 -7.9648440000000003e+000	
  4.8926000000000000e+009	 -7.9436039999999997e+000	
  4.8939000000000000e+009	 -7.9902340000000001e+000	
  4.8952000000000000e+009	 -7.9812010000000004e+000	
  4.8965000000000000e+009	 -8.0371089999999992e+000	
  4.8978000000000000e+009	 -8.1855469999999997e+000	
  4.8991000000000000e+009	 -8.0664060000000006e+000	
  4.9004000000000000e+009	 -8.1894530000000003e+000	
  4.9017000000000000e+009	 -8.2216799999999992e+000	
  4.9030000000000000e+009	 -8.3232420000000005e+000	
  4.9043000000000000e+009	 -8.3647460000000002e+000	
  4.9056000000000000e+009	 -8.4052729999999993e+000	
  4.9069000000000000e+009	 -8.4702149999999996e+000	
  4.9082000000000000e+009	 -8.5581049999999994e+000	
  4.9095000000000000e+009	 -8.6279299999999992e+000	
  4.9108000000000000e+009	 -8.7172850000000004e+000	
  4.9121000000000000e+009	 -8.8740229999999993e+000	
  4.9134000000000000e+009	 -9.0634770000000007e+000	
  4.9147000000000000e+009	 -9.1723630000000007e+000	
  4.9160000000000000e+009	 -9.4013670000000005e+000	
  4.9173000000000000e+009	 -9.6557619999999993e+000	
  4.9186000000000000e+009	 -9.8803710000000002e+000	
  4.9199000000000000e+009	 -1.0103999999999999e+001	
  4.9212000000000000e+009	 -1.0474119999999999e+001	
  4.9225000000000000e+009	 -1.0671390000000001e+001	
  4.9238000000000000e+009	 -1.0912110000000000e+001	
  4.9251000000000000e+009	 -1.1227050000000000e+001	
  4.9264000000000000e+009	 -1.1532230000000000e+001	
  4.9277000000000000e+009	 -1.1914550000000000e+001	
  4.9290000000000000e+009	 -1.2191890000000001e+001	
  4.9303000000000000e+009	 -1.2525880000000001e+001	
  4.9316000000000000e+009	 -1.2788570000000000e+001	
  4.9329000000000000e+009	 -1.3175290000000000e+001	
  4.9342000000000000e+009	 -1.3452150000000000e+001	
  4.9355000000000000e+009	 -1.3748049999999999e+001	
  4.9368000000000000e+009	 -1.4030270000000000e+001	
  4.9381000000000000e+009	 -1.4293950000000001e+001	
  4.9394000000000000e+009	 -1.4568360000000000e+001	
  4.9407000000000000e+009	 -1.4826169999999999e+001	
  4.9420000000000000e+009	 -1.5085450000000000e+001	
  4.9433000000000000e+009	 -1.5297850000000000e+001	
  4.9446000000000000e+009	 -1.5508300000000000e+001	
  4.9459000000000000e+009	 -1.5676270000000001e+001	
  4.9472000000000000e+009	 -1.5837890000000000e+001	
  4.9485000000000000e+009	 -1.6019530000000000e+001	
  4.9498000000000000e+009	 -1.6168939999999999e+001	
  4.9511000000000000e+009	 -1.6201170000000001e+001	
  4.9524000000000000e+009	 -1.6347660000000001e+001	
  4.9537000000000000e+009	 -1.6377929999999999e+001	
  4.9550000000000000e+009	 -1.6355470000000000e+001	
  4.9563000000000000e+009	 -1.6482420000000001e+001	
  4.9576000000000000e+009	 -1.6478510000000000e+001	
  4.9589000000000000e+009	 -1.6467770000000002e+001	
  4.9602000000000000e+009	 -1.6502929999999999e+001	
  4.9615000000000000e+009	 -1.6382809999999999e+001	
  4.9628000000000000e+009	 -1.6483400000000000e+001	
  4.9641000000000000e+009	 -1.6401370000000000e+001	
  4.9654000000000000e+009	 -1.6376950000000001e+001	
  4.9667000000000000e+009	 -1.6362300000000001e+001	
  4.9680000000000000e+009	 -1.6345700000000001e+001	
  4.9693000000000000e+009	 -1.6319330000000001e+001	
  4.9706000000000000e+009	 -1.6324220000000000e+001	
  4.9719000000000000e+009	 -1.6366209999999999e+001	
  4.9732000000000000e+009	 -1.6396480000000000e+001	
  4.9745000000000000e+009	 -1.6445309999999999e+001	
  4.9758000000000000e+009	 -1.6534179999999999e+001	
  4.9771000000000000e+009	 -1.6609369999999998e+001	
  4.9784000000000000e+009	 -1.6782229999999998e+001	
  4.9797000000000000e+009	 -1.6956050000000001e+001	
  4.9810000000000000e+009	 -1.7132809999999999e+001	
  4.9823000000000000e+009	 -1.7298829999999999e+001	
  4.9836000000000000e+009	 -1.7500000000000000e+001	
  4.9849000000000000e+009	 -1.7816410000000001e+001	
  4.9862000000000000e+009	 -1.8018550000000001e+001	
  4.9875000000000000e+009	 -1.8213870000000000e+001	
  4.9888000000000000e+009	 -1.8491209999999999e+001	
  4.9901000000000000e+009	 -1.8711910000000000e+001	
  4.9914000000000000e+009	 -1.8950199999999999e+001	
  4.9927000000000000e+009	 -1.9212890000000002e+001	
  4.9940000000000000e+009	 -1.9416020000000000e+001	
  4.9953000000000000e+009	 -1.9647459999999999e+001	
  4.9966000000000000e+009	 -1.9855470000000000e+001	
  4.9979000000000000e+009	 -2.0022459999999999e+001	
  4.9992000000000000e+009	 -2.0191410000000001e+001	
  5.0005000000000000e+009	 -2.0333010000000002e+001	
  5.0018000000000000e+009	 -2.0475580000000001e+001	
  5.0031000000000000e+009	 -2.0585940000000001e+001	
  5.0044000000000000e+009	 -2.0713870000000000e+001	
  5.0057000000000000e+009	 -2.0755859999999998e+001	
  5.0070000000000000e+009	 -2.0807610000000000e+001	
  5.0083000000000000e+009	 -2.0825199999999999e+001	
  5.0096000000000000e+009	 -2.0918949999999999e+001	
  5.0109000000000000e+009	 -2.0893550000000001e+001	
  5.0122000000000000e+009	 -2.0992190000000001e+001	
  5.0135000000000000e+009	 -2.0972660000000001e+001	
  5.0148000000000000e+009	 -2.0932620000000000e+001	
  5.0161000000000000e+009	 -2.0916989999999998e+001	
  5.0174000000000000e+009	 -2.0946290000000001e+001	
  5.0187000000000000e+009	 -2.0900390000000002e+001	
  5.0200000000000000e+009	 -2.0894530000000000e+001	
  5.0213000000000000e+009	 -2.0897459999999999e+001	
  5.0226000000000000e+009	 -2.0874020000000002e+001	
  5.0239000000000000e+009	 -2.0891600000000000e+001	
  5.0252000000000000e+009	 -2.0931640000000002e+001	
  5.0265000000000000e+009	 -2.0892579999999999e+001	
  5.0278000000000000e+009	 -2.0942380000000000e+001	
  5.0291000000000000e+009	 -2.0925780000000000e+001	
  5.0304000000000000e+009	 -2.0958980000000000e+001	
  5.0317000000000000e+009	 -2.0965820000000001e+001	
  5.0330000000000000e+009	 -2.1006840000000000e+001	
  5.0343000000000000e+009	 -2.1013670000000001e+001	
  5.0356000000000000e+009	 -2.1033200000000001e+001	
  5.0369000000000000e+009	 -2.1067380000000000e+001	
  5.0382000000000000e+009	 -2.1140619999999998e+001	
  5.0395000000000000e+009	 -2.1103520000000000e+001	
  5.0408000000000000e+009	 -2.1145510000000002e+001	
  5.0421000000000000e+009	 -2.1191410000000001e+001	
  5.0434000000000000e+009	 -2.1142579999999999e+001	
  5.0447000000000000e+009	 -2.1225590000000000e+001	
  5.0460000000000000e+009	 -2.1195309999999999e+001	
  5.0473000000000000e+009	 -2.1250000000000000e+001	
  5.0486000000000000e+009	 -2.1311520000000002e+001	
  5.0499000000000000e+009	 -2.1220700000000001e+001	
  5.0512000000000000e+009	 -2.1290040000000001e+001	
  5.0525000000000000e+009	 -2.1318359999999998e+001	
  5.0538000000000000e+009	 -2.1382809999999999e+001	
  5.0551000000000000e+009	 -2.1461910000000000e+001	
  5.0564000000000000e+009	 -2.1466790000000000e+001	
  5.0577000000000000e+009	 -2.1638670000000001e+001	
  5.0590000000000000e+009	 -2.1663080000000001e+001	
  5.0603000000000000e+009	 -2.1742190000000001e+001	
  5.0616000000000000e+009	 -2.1917970000000000e+001	
  5.0629000000000000e+009	 -2.2034179999999999e+001	
  5.0642000000000000e+009	 -2.2180660000000000e+001	
  5.0655000000000000e+009	 -2.2320309999999999e+001	
  5.0668000000000000e+009	 -2.2488280000000000e+001	
  5.0681000000000000e+009	 -2.2677730000000000e+001	
  5.0694000000000000e+009	 -2.2831050000000001e+001	
  5.0707000000000000e+009	 -2.2954100000000000e+001	
  5.0720000000000000e+009	 -2.3189450000000001e+001	
  5.0733000000000000e+009	 -2.3331060000000001e+001	
  5.0746000000000000e+009	 -2.3430660000000000e+001	
  5.0759000000000000e+009	 -2.3584959999999999e+001	
  5.0772000000000000e+009	 -2.3735350000000000e+001	
  5.0785000000000000e+009	 -2.3776360000000000e+001	
  5.0798000000000000e+009	 -2.3925780000000000e+001	
  5.0811000000000000e+009	 -2.4002929999999999e+001	
  5.0824000000000000e+009	 -2.4122070000000001e+001	
  5.0837000000000000e+009	 -2.4210930000000001e+001	
  5.0850000000000000e+009	 -2.4259760000000000e+001	
  5.0863000000000000e+009	 -2.4273430000000001e+001	
  5.0876000000000000e+009	 -2.4220700000000001e+001	
  5.0889000000000000e+009	 -2.4209959999999999e+001	
  5.0902000000000000e+009	 -2.4149410000000000e+001	
  5.0915000000000000e+009	 -2.4110350000000000e+001	
  5.0928000000000000e+009	 -2.4080079999999999e+001	
  5.0941000000000000e+009	 -2.3984380000000002e+001	
  5.0954000000000000e+009	 -2.3895510000000002e+001	
  5.0967000000000000e+009	 -2.3777339999999999e+001	
  5.0980000000000000e+009	 -2.3648440000000001e+001	
  5.0993000000000000e+009	 -2.3563479999999998e+001	
  5.1006000000000000e+009	 -2.3387689999999999e+001	
  5.1019000000000000e+009	 -2.3245120000000000e+001	
  5.1032000000000000e+009	 -2.3147459999999999e+001	
  5.1045000000000000e+009	 -2.2970700000000001e+001	
  5.1058000000000000e+009	 -2.2884760000000000e+001	
  5.1071000000000000e+009	 -2.2671880000000002e+001	
  5.1084000000000000e+009	 -2.2594719999999999e+001	
  5.1097000000000000e+009	 -2.2506830000000001e+001	
  5.1110000000000000e+009	 -2.2422850000000000e+001	
  5.1123000000000000e+009	 -2.2420900000000000e+001	
  5.1136000000000000e+009	 -2.2373049999999999e+001	
  5.1149000000000000e+009	 -2.2342770000000002e+001	
  5.1162000000000000e+009	 -2.2325199999999999e+001	
  5.1175000000000000e+009	 -2.2391600000000000e+001	
  5.1188000000000000e+009	 -2.2425780000000000e+001	
  5.1201000000000000e+009	 -2.2510739999999998e+001	
  5.1214000000000000e+009	 -2.2644530000000000e+001	
  5.1227000000000000e+009	 -2.2752929999999999e+001	
  5.1240000000000000e+009	 -2.2929690000000001e+001	
  5.1253000000000000e+009	 -2.3106449999999999e+001	
  5.1266000000000000e+009	 -2.3268550000000001e+001	
  5.1279000000000000e+009	 -2.3472660000000001e+001	
  5.1292000000000000e+009	 -2.3673829999999999e+001	
  5.1305000000000000e+009	 -2.3905270000000002e+001	
  5.1318000000000000e+009	 -2.4095700000000001e+001	
  5.1331000000000000e+009	 -2.4307610000000000e+001	
  5.1344000000000000e+009	 -2.4441400000000002e+001	
  5.1357000000000000e+009	 -2.4688469999999999e+001	
  5.1370000000000000e+009	 -2.4856439999999999e+001	
  5.1383000000000000e+009	 -2.5020499999999998e+001	
  5.1396000000000000e+009	 -2.5198239999999998e+001	
  5.1409000000000000e+009	 -2.5260739999999998e+001	
  5.1422000000000000e+009	 -2.5331050000000001e+001	
  5.1435000000000000e+009	 -2.5497070000000001e+001	
  5.1448000000000000e+009	 -2.5535150000000002e+001	
  5.1461000000000000e+009	 -2.5599609999999998e+001	
  5.1474000000000000e+009	 -2.5567380000000000e+001	
  5.1487000000000000e+009	 -2.5640619999999998e+001	
  5.1500000000000000e+009	 -2.5514650000000000e+001	
  5.1513000000000000e+009	 -2.5446290000000001e+001	
  5.1526000000000000e+009	 -2.5402339999999999e+001	
  5.1539000000000000e+009	 -2.5204100000000000e+001	
  5.1552000000000000e+009	 -2.5122070000000001e+001	
  5.1565000000000000e+009	 -2.4919920000000001e+001	
  5.1578000000000000e+009	 -2.4802730000000000e+001	
  5.1591000000000000e+009	 -2.4597650000000002e+001	
  5.1604000000000000e+009	 -2.4385739999999998e+001	
  5.1617000000000000e+009	 -2.4150390000000002e+001	
  5.1630000000000000e+009	 -2.3965820000000001e+001	
  5.1643000000000000e+009	 -2.3767579999999999e+001	
  5.1656000000000000e+009	 -2.3583980000000000e+001	
  5.1669000000000000e+009	 -2.3403320000000001e+001	
  5.1682000000000000e+009	 -2.3317380000000000e+001	
  5.1695000000000000e+009	 -2.3277339999999999e+001	
  5.1708000000000000e+009	 -2.3342770000000002e+001	
  5.1721000000000000e+009	 -2.3501950000000001e+001	
  5.1734000000000000e+009	 -2.3671880000000002e+001	
  5.1747000000000000e+009	 -2.3921880000000002e+001	
  5.1760000000000000e+009	 -2.4059570000000001e+001	
  5.1773000000000000e+009	 -2.4197260000000000e+001	
  5.1786000000000000e+009	 -2.4229489999999998e+001	
  5.1799000000000000e+009	 -2.4252929999999999e+001	
  5.1812000000000000e+009	 -2.4328119999999998e+001	
  5.1825000000000000e+009	 -2.4325189999999999e+001	
  5.1838000000000000e+009	 -2.4425780000000000e+001	
  5.1851000000000000e+009	 -2.4590820000000001e+001	
  5.1864000000000000e+009	 -2.4599609999999998e+001	
  5.1877000000000000e+009	 -2.4679680000000001e+001	
  5.1890000000000000e+009	 -2.4789059999999999e+001	
  5.1903000000000000e+009	 -2.4915040000000001e+001	
  5.1916000000000000e+009	 -2.5044920000000001e+001	
  5.1929000000000000e+009	 -2.5102540000000001e+001	
  5.1942000000000000e+009	 -2.5268550000000001e+001	
  5.1955000000000000e+009	 -2.5333980000000000e+001	
  5.1968000000000000e+009	 -2.5500000000000000e+001	
  5.1981000000000000e+009	 -2.5559570000000001e+001	
  5.1994000000000000e+009	 -2.5659179999999999e+001	
  5.2007000000000000e+009	 -2.5724609999999998e+001	
  5.2020000000000000e+009	 -2.5805660000000000e+001	
  5.2033000000000000e+009	 -2.5921869999999998e+001	
  5.2046000000000000e+009	 -2.5920900000000000e+001	
  5.2059000000000000e+009	 -2.5967770000000002e+001	
  5.2072000000000000e+009	 -2.6003900000000002e+001	
  5.2085000000000000e+009	 -2.6046869999999998e+001	
  5.2098000000000000e+009	 -2.6074220000000000e+001	
  5.2111000000000000e+009	 -2.6057620000000000e+001	
  5.2124000000000000e+009	 -2.6130859999999998e+001	
  5.2137000000000000e+009	 -2.6140619999999998e+001	
  5.2150000000000000e+009	 -2.6111329999999999e+001	
  5.2163000000000000e+009	 -2.6147459999999999e+001	
  5.2176000000000000e+009	 -2.6136720000000000e+001	
  5.2189000000000000e+009	 -2.6039059999999999e+001	
  5.2202000000000000e+009	 -2.6005859999999998e+001	
  5.2215000000000000e+009	 -2.5980470000000000e+001	
  5.2228000000000000e+009	 -2.5942380000000000e+001	
  5.2241000000000000e+009	 -2.5826170000000001e+001	
  5.2254000000000000e+009	 -2.5759760000000000e+001	
  5.2267000000000000e+009	 -2.5645499999999998e+001	
  5.2280000000000000e+009	 -2.5570309999999999e+001	
  5.2293000000000000e+009	 -2.5463870000000000e+001	
  5.2306000000000000e+009	 -2.5308589999999999e+001	
  5.2319000000000000e+009	 -2.5221679999999999e+001	
  5.2332000000000000e+009	 -2.5041010000000000e+001	
  5.2345000000000000e+009	 -2.4873049999999999e+001	
  5.2358000000000000e+009	 -2.4722650000000002e+001	
  5.2371000000000000e+009	 -2.4646480000000000e+001	
  5.2384000000000000e+009	 -2.4510739999999998e+001	
  5.2397000000000000e+009	 -2.4315429999999999e+001	
  5.2410000000000000e+009	 -2.4162109999999998e+001	
  5.2423000000000000e+009	 -2.4082030000000000e+001	
  5.2436000000000000e+009	 -2.4014640000000000e+001	
  5.2449000000000000e+009	 -2.3848630000000000e+001	
  5.2462000000000000e+009	 -2.3901370000000000e+001	
  5.2475000000000000e+009	 -2.3774410000000000e+001	
  5.2488000000000000e+009	 -2.3709959999999999e+001	
  5.2501000000000000e+009	 -2.3755859999999998e+001	
  5.2514000000000000e+009	 -2.3816400000000002e+001	
  5.2527000000000000e+009	 -2.3854489999999998e+001	
  5.2540000000000000e+009	 -2.3919920000000001e+001	
  5.2553000000000000e+009	 -2.3965820000000001e+001	
  5.2566000000000000e+009	 -2.4067380000000000e+001	
  5.2579000000000000e+009	 -2.4195309999999999e+001	
  5.2592000000000000e+009	 -2.4320309999999999e+001	
  5.2605000000000000e+009	 -2.4451170000000001e+001	
  5.2618000000000000e+009	 -2.4603510000000000e+001	
  5.2631000000000000e+009	 -2.4744140000000002e+001	
  5.2644000000000000e+009	 -2.4830069999999999e+001	
  5.2657000000000000e+009	 -2.5024410000000000e+001	
  5.2670000000000000e+009	 -2.5112300000000001e+001	
  5.2683000000000000e+009	 -2.5181640000000002e+001	
  5.2696000000000000e+009	 -2.5328119999999998e+001	
  5.2709000000000000e+009	 -2.5330079999999999e+001	
  5.2722000000000000e+009	 -2.5448239999999998e+001	
  5.2735000000000000e+009	 -2.5500969999999999e+001	
  5.2748000000000000e+009	 -2.5504880000000000e+001	
  5.2761000000000000e+009	 -2.5586910000000000e+001	
  5.2774000000000000e+009	 -2.5487300000000001e+001	
  5.2787000000000000e+009	 -2.5623040000000000e+001	
  5.2800000000000000e+009	 -2.5576170000000001e+001	
  5.2813000000000000e+009	 -2.5521480000000000e+001	
  5.2826000000000000e+009	 -2.5522459999999999e+001	
  5.2839000000000000e+009	 -2.5386710000000001e+001	
  5.2852000000000000e+009	 -2.5386710000000001e+001	
  5.2865000000000000e+009	 -2.5321290000000001e+001	
  5.2878000000000000e+009	 -2.5288090000000000e+001	
  5.2891000000000000e+009	 -2.5215820000000001e+001	
  5.2904000000000000e+009	 -2.5109369999999998e+001	
  5.2917000000000000e+009	 -2.5083980000000000e+001	
  5.2930000000000000e+009	 -2.4976559999999999e+001	
  5.2943000000000000e+009	 -2.4925780000000000e+001	
  5.2956000000000000e+009	 -2.4833010000000002e+001	
  5.2969000000000000e+009	 -2.4793939999999999e+001	
  5.2982000000000000e+009	 -2.4686520000000002e+001	
  5.2995000000000000e+009	 -2.4638670000000001e+001	
  5.3008000000000000e+009	 -2.4537109999999998e+001	
  5.3021000000000000e+009	 -2.4521480000000000e+001	
  5.3034000000000000e+009	 -2.4446290000000001e+001	
  5.3047000000000000e+009	 -2.4342770000000002e+001	
  5.3060000000000000e+009	 -2.4104489999999998e+001	
  5.3073000000000000e+009	 -2.4179690000000001e+001	
  5.3086000000000000e+009	 -2.4020499999999998e+001	
  5.3099000000000000e+009	 -2.3949220000000000e+001	
  5.3112000000000000e+009	 -2.3793949999999999e+001	
  5.3125000000000000e+009	 -2.3699220000000000e+001	
  5.3138000000000000e+009	 -2.3475580000000001e+001	
  5.3151000000000000e+009	 -2.3411130000000000e+001	
  5.3164000000000000e+009	 -2.3353510000000000e+001	
  5.3177000000000000e+009	 -2.3215820000000001e+001	
  5.3190000000000000e+009	 -2.3166989999999998e+001	
  5.3203000000000000e+009	 -2.3110350000000000e+001	
  5.3216000000000000e+009	 -2.3045900000000000e+001	
  5.3229000000000000e+009	 -2.2985350000000000e+001	
  5.3242000000000000e+009	 -2.2965820000000001e+001	
  5.3255000000000000e+009	 -2.2961910000000000e+001	
  5.3268000000000000e+009	 -2.2972660000000001e+001	
  5.3281000000000000e+009	 -2.3032229999999998e+001	
  5.3294000000000000e+009	 -2.3108400000000000e+001	
  5.3307000000000000e+009	 -2.3229489999999998e+001	
  5.3320000000000000e+009	 -2.3353510000000000e+001	
  5.3333000000000000e+009	 -2.3444330000000001e+001	
  5.3346000000000000e+009	 -2.3684570000000001e+001	
  5.3359000000000000e+009	 -2.3839839999999999e+001	
  5.3372000000000000e+009	 -2.4012689999999999e+001	
  5.3385000000000000e+009	 -2.4183589999999999e+001	
  5.3398000000000000e+009	 -2.4391600000000000e+001	
  5.3411000000000000e+009	 -2.4574220000000000e+001	
  5.3424000000000000e+009	 -2.4765630000000002e+001	
  5.3437000000000000e+009	 -2.4915040000000001e+001	
  5.3450000000000000e+009	 -2.5056640000000002e+001	
  5.3463000000000000e+009	 -2.5180660000000000e+001	
  5.3476000000000000e+009	 -2.5255859999999998e+001	
  5.3489000000000000e+009	 -2.5356449999999999e+001	
  5.3502000000000000e+009	 -2.5394530000000000e+001	
  5.3515000000000000e+009	 -2.5432620000000000e+001	
  5.3528000000000000e+009	 -2.5425780000000000e+001	
  5.3541000000000000e+009	 -2.5374020000000002e+001	
  5.3554000000000000e+009	 -2.5332999999999998e+001	
  5.3567000000000000e+009	 -2.5238280000000000e+001	
  5.3580000000000000e+009	 -2.5117190000000001e+001	
  5.3593000000000000e+009	 -2.5002929999999999e+001	
  5.3606000000000000e+009	 -2.4836910000000000e+001	
  5.3619000000000000e+009	 -2.4650390000000002e+001	
  5.3632000000000000e+009	 -2.4511720000000000e+001	
  5.3645000000000000e+009	 -2.4232420000000001e+001	
  5.3658000000000000e+009	 -2.3972650000000002e+001	
  5.3671000000000000e+009	 -2.3729489999999998e+001	
  5.3684000000000000e+009	 -2.3504880000000000e+001	
  5.3697000000000000e+009	 -2.3276370000000000e+001	
  5.3710000000000000e+009	 -2.3000000000000000e+001	
  5.3723000000000000e+009	 -2.2778320000000001e+001	
  5.3736000000000000e+009	 -2.2590820000000001e+001	
  5.3749000000000000e+009	 -2.2333010000000002e+001	
  5.3762000000000000e+009	 -2.2145499999999998e+001	
  5.3775000000000000e+009	 -2.1963870000000000e+001	
  5.3788000000000000e+009	 -2.1918949999999999e+001	
  5.3801000000000000e+009	 -2.1751950000000001e+001	
  5.3814000000000000e+009	 -2.1733400000000000e+001	
  5.3827000000000000e+009	 -2.1707030000000000e+001	
  5.3840000000000000e+009	 -2.1678709999999999e+001	
  5.3853000000000000e+009	 -2.1644530000000000e+001	
  5.3866000000000000e+009	 -2.1730470000000000e+001	
  5.3879000000000000e+009	 -2.1789059999999999e+001	
  5.3892000000000000e+009	 -2.1865230000000000e+001	
  5.3905000000000000e+009	 -2.1987300000000001e+001	
  5.3918000000000000e+009	 -2.2055660000000000e+001	
  5.3931000000000000e+009	 -2.2162109999999998e+001	
  5.3944000000000000e+009	 -2.2276370000000000e+001	
  5.3957000000000000e+009	 -2.2427740000000000e+001	
  5.3970000000000000e+009	 -2.2541010000000000e+001	
  5.3983000000000000e+009	 -2.2607420000000001e+001	
  5.3996000000000000e+009	 -2.2656250000000000e+001	
  5.4009000000000000e+009	 -2.2795900000000000e+001	
  5.4022000000000000e+009	 -2.2896490000000000e+001	
  5.4035000000000000e+009	 -2.2910160000000001e+001	
  5.4048000000000000e+009	 -2.3006830000000001e+001	
  5.4061000000000000e+009	 -2.2953119999999998e+001	
  5.4074000000000000e+009	 -2.3021480000000000e+001	
  5.4087000000000000e+009	 -2.3084959999999999e+001	
  5.4100000000000000e+009	 -2.3082999999999998e+001	
  5.4113000000000000e+009	 -2.3058589999999999e+001	
  5.4126000000000000e+009	 -2.3042970000000000e+001	
  5.4139000000000000e+009	 -2.3056640000000002e+001	
  5.4152000000000000e+009	 -2.3018560000000001e+001	
  5.4165000000000000e+009	 -2.2954100000000000e+001	
  5.4178000000000000e+009	 -2.2874020000000002e+001	
  5.4191000000000000e+009	 -2.2850580000000001e+001	
  5.4204000000000000e+009	 -2.2765619999999998e+001	
  5.4217000000000000e+009	 -2.2699220000000000e+001	
  5.4230000000000000e+009	 -2.2624020000000002e+001	
  5.4243000000000000e+009	 -2.2510739999999998e+001	
  5.4256000000000000e+009	 -2.2435549999999999e+001	
  5.4269000000000000e+009	 -2.2291989999999998e+001	
  5.4282000000000000e+009	 -2.2234369999999998e+001	
  5.4295000000000000e+009	 -2.2083010000000002e+001	
  5.4308000000000000e+009	 -2.1974609999999998e+001	
  5.4321000000000000e+009	 -2.1853510000000000e+001	
  5.4334000000000000e+009	 -2.1731439999999999e+001	
  5.4347000000000000e+009	 -2.1514650000000000e+001	
  5.4360000000000000e+009	 -2.1471679999999999e+001	
  5.4373000000000000e+009	 -2.1312500000000000e+001	
  5.4386000000000000e+009	 -2.1232420000000001e+001	
  5.4399000000000000e+009	 -2.0993160000000000e+001	
  5.4412000000000000e+009	 -2.0887689999999999e+001	
  5.4425000000000000e+009	 -2.0744140000000002e+001	
  5.4438000000000000e+009	 -2.0671869999999998e+001	
  5.4451000000000000e+009	 -2.0543939999999999e+001	
  5.4464000000000000e+009	 -2.0399410000000000e+001	
  5.4477000000000000e+009	 -2.0299800000000001e+001	
  5.4490000000000000e+009	 -2.0254880000000000e+001	
  5.4503000000000000e+009	 -2.0135739999999998e+001	
  5.4516000000000000e+009	 -2.0062500000000000e+001	
  5.4529000000000000e+009	 -2.0007809999999999e+001	
  5.4542000000000000e+009	 -1.9944330000000001e+001	
  5.4555000000000000e+009	 -1.9920900000000000e+001	
  5.4568000000000000e+009	 -1.9904299999999999e+001	
  5.4581000000000000e+009	 -1.9842770000000002e+001	
  5.4594000000000000e+009	 -1.9862300000000001e+001	
  5.4607000000000000e+009	 -1.9794920000000001e+001	
  5.4620000000000000e+009	 -1.9816410000000001e+001	
  5.4633000000000000e+009	 -1.9900390000000002e+001	
  5.4646000000000000e+009	 -1.9768550000000001e+001	
  5.4659000000000000e+009	 -1.9761720000000000e+001	
  5.4672000000000000e+009	 -1.9807620000000000e+001	
  5.4685000000000000e+009	 -1.9931640000000002e+001	
  5.4698000000000000e+009	 -1.9777339999999999e+001	
  5.4711000000000000e+009	 -1.9896480000000000e+001	
  5.4724000000000000e+009	 -1.9835940000000001e+001	
  5.4737000000000000e+009	 -1.9852540000000001e+001	
  5.4750000000000000e+009	 -1.9843750000000000e+001	
  5.4763000000000000e+009	 -1.9848630000000000e+001	
  5.4776000000000000e+009	 -1.9820309999999999e+001	
  5.4789000000000000e+009	 -1.9772459999999999e+001	
  5.4802000000000000e+009	 -1.9792970000000000e+001	
  5.4815000000000000e+009	 -1.9784179999999999e+001	
  5.4828000000000000e+009	 -1.9790040000000001e+001	
  5.4841000000000000e+009	 -1.9754880000000000e+001	
  5.4854000000000000e+009	 -1.9765630000000002e+001	
  5.4867000000000000e+009	 -1.9740230000000000e+001	
  5.4880000000000000e+009	 -1.9759760000000000e+001	
  5.4893000000000000e+009	 -1.9717770000000002e+001	
  5.4906000000000000e+009	 -1.9665040000000001e+001	
  5.4919000000000000e+009	 -1.9693359999999998e+001	
  5.4932000000000000e+009	 -1.9636720000000000e+001	
  5.4945000000000000e+009	 -1.9616209999999999e+001	
  5.4958000000000000e+009	 -1.9566400000000002e+001	
  5.4971000000000000e+009	 -1.9502929999999999e+001	
  5.4984000000000000e+009	 -1.9439450000000001e+001	
  5.4997000000000000e+009	 -1.9385739999999998e+001	
  5.5010000000000000e+009	 -1.9228520000000000e+001	
  5.5023000000000000e+009	 -1.9214839999999999e+001	
  5.5036000000000000e+009	 -1.9048829999999999e+001	
  5.5049000000000000e+009	 -1.8912109999999998e+001	
  5.5062000000000000e+009	 -1.8714839999999999e+001	
  5.5075000000000000e+009	 -1.8572260000000000e+001	
  5.5088000000000000e+009	 -1.8381830000000001e+001	
  5.5101000000000000e+009	 -1.8100590000000000e+001	
  5.5114000000000000e+009	 -1.7903320000000001e+001	
  5.5127000000000000e+009	 -1.7671869999999998e+001	
  5.5140000000000000e+009	 -1.7407229999999998e+001	
  5.5153000000000000e+009	 -1.7108400000000000e+001	
  5.5166000000000000e+009	 -1.6885739999999998e+001	
  5.5179000000000000e+009	 -1.6601559999999999e+001	
  5.5192000000000000e+009	 -1.6329100000000000e+001	
  5.5205000000000000e+009	 -1.6086910000000000e+001	
  5.5218000000000000e+009	 -1.5817380000000000e+001	
  5.5231000000000000e+009	 -1.5610840000000000e+001	
  5.5244000000000000e+009	 -1.5375489999999999e+001	
  5.5257000000000000e+009	 -1.5203130000000000e+001	
  5.5270000000000000e+009	 -1.5091799999999999e+001	
  5.5283000000000000e+009	 -1.4985350000000000e+001	
  5.5296000000000000e+009	 -1.4827640000000001e+001	
  5.5309000000000000e+009	 -1.4826169999999999e+001	
  5.5322000000000000e+009	 -1.4783690000000000e+001	
  5.5335000000000000e+009	 -1.4811520000000000e+001	
  5.5348000000000000e+009	 -1.4853520000000000e+001	
  5.5361000000000000e+009	 -1.4940920000000000e+001	
  5.5374000000000000e+009	 -1.5015630000000000e+001	
  5.5387000000000000e+009	 -1.5082030000000000e+001	
  5.5400000000000000e+009	 -1.5155760000000001e+001	
