  3.5000000000000000e+009	 -3.3130859999999998e+001	
  3.5023000000000000e+009	 -3.3132809999999999e+001	
  3.5046000000000000e+009	 -3.3105469999999997e+001	
  3.5069000000000000e+009	 -3.3007809999999999e+001	
  3.5092000000000000e+009	 -3.2892580000000002e+001	
  3.5115000000000000e+009	 -3.2826169999999998e+001	
  3.5138000000000000e+009	 -3.2662109999999998e+001	
  3.5161000000000000e+009	 -3.2501950000000001e+001	
  3.5184000000000000e+009	 -3.2277340000000002e+001	
  3.5207000000000000e+009	 -3.2164059999999999e+001	
  3.5230000000000000e+009	 -3.1996089999999999e+001	
  3.5253000000000000e+009	 -3.1831050000000001e+001	
  3.5276000000000000e+009	 -3.1648440000000001e+001	
  3.5299000000000000e+009	 -3.1589839999999999e+001	
  3.5322000000000000e+009	 -3.1520499999999998e+001	
  3.5345000000000000e+009	 -3.1504880000000000e+001	
  3.5368000000000000e+009	 -3.1522459999999999e+001	
  3.5391000000000000e+009	 -3.1565429999999999e+001	
  3.5414000000000000e+009	 -3.1683589999999999e+001	
  3.5437000000000000e+009	 -3.1816410000000001e+001	
  3.5460000000000000e+009	 -3.1924800000000001e+001	
  3.5483000000000000e+009	 -3.2033200000000001e+001	
  3.5506000000000000e+009	 -3.2285159999999998e+001	
  3.5529000000000000e+009	 -3.2423830000000002e+001	
  3.5552000000000000e+009	 -3.2572260000000000e+001	
  3.5575000000000000e+009	 -3.2689450000000001e+001	
  3.5598000000000000e+009	 -3.2783200000000001e+001	
  3.5621000000000000e+009	 -3.2851559999999999e+001	
  3.5644000000000000e+009	 -3.2816409999999998e+001	
  3.5667000000000000e+009	 -3.2783200000000001e+001	
  3.5690000000000000e+009	 -3.2703119999999998e+001	
  3.5713000000000000e+009	 -3.2523440000000001e+001	
  3.5736000000000000e+009	 -3.2333979999999997e+001	
  3.5759000000000000e+009	 -3.2072260000000000e+001	
  3.5782000000000000e+009	 -3.1759760000000000e+001	
  3.5805000000000000e+009	 -3.1482420000000001e+001	
  3.5828000000000000e+009	 -3.1132809999999999e+001	
  3.5851000000000000e+009	 -3.0759760000000000e+001	
  3.5874000000000000e+009	 -3.0445309999999999e+001	
  3.5897000000000000e+009	 -3.0148430000000001e+001	
  3.5920000000000000e+009	 -2.9956050000000001e+001	
  3.5943000000000000e+009	 -2.9777339999999999e+001	
  3.5966000000000000e+009	 -2.9683589999999999e+001	
  3.5989000000000000e+009	 -2.9632809999999999e+001	
  3.6012000000000000e+009	 -2.9607420000000001e+001	
  3.6035000000000000e+009	 -2.9655270000000002e+001	
  3.6058000000000000e+009	 -2.9800780000000000e+001	
  3.6081000000000000e+009	 -2.9827150000000000e+001	
  3.6104000000000000e+009	 -2.9954100000000000e+001	
  3.6127000000000000e+009	 -3.0002929999999999e+001	
  3.6150000000000000e+009	 -3.0066400000000002e+001	
  3.6173000000000000e+009	 -3.0009770000000000e+001	
  3.6196000000000000e+009	 -3.0069330000000001e+001	
  3.6219000000000000e+009	 -3.0017579999999999e+001	
  3.6242000000000000e+009	 -2.9976559999999999e+001	
  3.6265000000000000e+009	 -2.9888670000000001e+001	
  3.6288000000000000e+009	 -2.9763670000000001e+001	
  3.6311000000000000e+009	 -2.9641600000000000e+001	
  3.6334000000000000e+009	 -2.9479489999999998e+001	
  3.6357000000000000e+009	 -2.9311520000000002e+001	
  3.6380000000000000e+009	 -2.9136710000000001e+001	
  3.6403000000000000e+009	 -2.8891600000000000e+001	
  3.6426000000000000e+009	 -2.8707030000000000e+001	
  3.6449000000000000e+009	 -2.8529299999999999e+001	
  3.6472000000000000e+009	 -2.8204100000000000e+001	
  3.6495000000000000e+009	 -2.7950189999999999e+001	
  3.6518000000000000e+009	 -2.7599609999999998e+001	
  3.6541000000000000e+009	 -2.7326170000000001e+001	
  3.6564000000000000e+009	 -2.6952150000000000e+001	
  3.6587000000000000e+009	 -2.6655270000000002e+001	
  3.6610000000000000e+009	 -2.6334959999999999e+001	
  3.6633000000000000e+009	 -2.6046869999999998e+001	
  3.6656000000000000e+009	 -2.5774410000000000e+001	
  3.6679000000000000e+009	 -2.5559570000000001e+001	
  3.6702000000000000e+009	 -2.5353510000000000e+001	
  3.6725000000000000e+009	 -2.5282229999999998e+001	
  3.6748000000000000e+009	 -2.5170900000000000e+001	
  3.6771000000000000e+009	 -2.5115230000000000e+001	
  3.6794000000000000e+009	 -2.5102540000000001e+001	
  3.6817000000000000e+009	 -2.5137689999999999e+001	
  3.6840000000000000e+009	 -2.5109369999999998e+001	
  3.6863000000000000e+009	 -2.5154290000000000e+001	
  3.6886000000000000e+009	 -2.5127929999999999e+001	
  3.6909000000000000e+009	 -2.5056640000000002e+001	
  3.6932000000000000e+009	 -2.5000000000000000e+001	
  3.6955000000000000e+009	 -2.4864249999999998e+001	
  3.6978000000000000e+009	 -2.4698239999999998e+001	
  3.7001000000000000e+009	 -2.4524410000000000e+001	
  3.7024000000000000e+009	 -2.4285150000000002e+001	
  3.7047000000000000e+009	 -2.4046869999999998e+001	
  3.7070000000000000e+009	 -2.3690429999999999e+001	
  3.7093000000000000e+009	 -2.3354489999999998e+001	
  3.7116000000000000e+009	 -2.3031250000000000e+001	
  3.7139000000000000e+009	 -2.2585940000000001e+001	
  3.7162000000000000e+009	 -2.2221679999999999e+001	
  3.7185000000000000e+009	 -2.1778320000000001e+001	
  3.7208000000000000e+009	 -2.1388670000000001e+001	
  3.7231000000000000e+009	 -2.1059570000000001e+001	
  3.7254000000000000e+009	 -2.0686520000000002e+001	
  3.7277000000000000e+009	 -2.0331050000000001e+001	
  3.7300000000000000e+009	 -1.9914059999999999e+001	
  3.7323000000000000e+009	 -1.9480470000000000e+001	
  3.7346000000000000e+009	 -1.9089839999999999e+001	
  3.7369000000000000e+009	 -1.8748040000000000e+001	
  3.7392000000000000e+009	 -1.8436520000000002e+001	
  3.7415000000000000e+009	 -1.8185549999999999e+001	
  3.7438000000000000e+009	 -1.8033200000000001e+001	
  3.7461000000000000e+009	 -1.7924800000000001e+001	
  3.7484000000000000e+009	 -1.7896480000000000e+001	
  3.7507000000000000e+009	 -1.7864260000000002e+001	
  3.7530000000000000e+009	 -1.7860350000000000e+001	
  3.7553000000000000e+009	 -1.7792970000000000e+001	
  3.7576000000000000e+009	 -1.7785160000000001e+001	
  3.7599000000000000e+009	 -1.7665040000000001e+001	
  3.7622000000000000e+009	 -1.7525390000000002e+001	
  3.7645000000000000e+009	 -1.7274410000000000e+001	
  3.7668000000000000e+009	 -1.6986329999999999e+001	
  3.7691000000000000e+009	 -1.6712890000000002e+001	
  3.7714000000000000e+009	 -1.6220700000000001e+001	
  3.7737000000000000e+009	 -1.5709470000000000e+001	
  3.7760000000000000e+009	 -1.5056640000000000e+001	
  3.7783000000000000e+009	 -1.4443360000000000e+001	
  3.7806000000000000e+009	 -1.3783690000000000e+001	
  3.7829000000000000e+009	 -1.3137700000000001e+001	
  3.7852000000000000e+009	 -1.2498049999999999e+001	
  3.7875000000000000e+009	 -1.1895020000000001e+001	
  3.7898000000000000e+009	 -1.1357419999999999e+001	
  3.7921000000000000e+009	 -1.0905760000000001e+001	
  3.7944000000000000e+009	 -1.0496090000000001e+001	
  3.7967000000000000e+009	 -1.0156739999999999e+001	
  3.7990000000000000e+009	 -9.9467770000000009e+000	
  3.8013000000000000e+009	 -9.7353520000000007e+000	
  3.8036000000000000e+009	 -9.6337890000000002e+000	
  3.8059000000000000e+009	 -9.6147460000000002e+000	
  3.8082000000000000e+009	 -9.6035160000000008e+000	
  3.8105000000000000e+009	 -9.6298829999999995e+000	
  3.8128000000000000e+009	 -9.7666020000000007e+000	
  3.8151000000000000e+009	 -9.9394530000000003e+000	
  3.8174000000000000e+009	 -1.0078609999999999e+001	
  3.8197000000000000e+009	 -1.0422850000000000e+001	
  3.8220000000000000e+009	 -1.0589359999999999e+001	
  3.8243000000000000e+009	 -1.0906739999999999e+001	
  3.8266000000000000e+009	 -1.1284179999999999e+001	
  3.8289000000000000e+009	 -1.1609380000000000e+001	
  3.8312000000000000e+009	 -1.1985350000000000e+001	
  3.8335000000000000e+009	 -1.2329100000000000e+001	
  3.8358000000000000e+009	 -1.2660159999999999e+001	
  3.8381000000000000e+009	 -1.2944820000000000e+001	
  3.8404000000000000e+009	 -1.3208500000000001e+001	
  3.8427000000000000e+009	 -1.3500980000000000e+001	
  3.8450000000000000e+009	 -1.3683109999999999e+001	
  3.8473000000000000e+009	 -1.3883300000000000e+001	
  3.8496000000000000e+009	 -1.4079590000000000e+001	
  3.8519000000000000e+009	 -1.4121090000000001e+001	
  3.8542000000000000e+009	 -1.4263669999999999e+001	
  3.8565000000000000e+009	 -1.4158200000000001e+001	
  3.8588000000000000e+009	 -1.4214840000000001e+001	
  3.8611000000000000e+009	 -1.4191890000000001e+001	
  3.8634000000000000e+009	 -1.4133789999999999e+001	
  3.8657000000000000e+009	 -1.4133300000000000e+001	
  3.8680000000000000e+009	 -1.4126950000000001e+001	
  3.8703000000000000e+009	 -1.4165530000000000e+001	
  3.8726000000000000e+009	 -1.4162110000000000e+001	
  3.8749000000000000e+009	 -1.4400880000000001e+001	
  3.8772000000000000e+009	 -1.4542479999999999e+001	
  3.8795000000000000e+009	 -1.4746580000000000e+001	
  3.8818000000000000e+009	 -1.5021480000000000e+001	
  3.8841000000000000e+009	 -1.5247070000000001e+001	
  3.8864000000000000e+009	 -1.5496090000000001e+001	
  3.8887000000000000e+009	 -1.5800290000000000e+001	
  3.8910000000000000e+009	 -1.6036130000000000e+001	
  3.8933000000000000e+009	 -1.6268550000000001e+001	
  3.8956000000000000e+009	 -1.6462890000000002e+001	
  3.8979000000000000e+009	 -1.6624020000000002e+001	
  3.9002000000000000e+009	 -1.6693359999999998e+001	
  3.9025000000000000e+009	 -1.6834959999999999e+001	
  3.9048000000000000e+009	 -1.6837890000000002e+001	
  3.9071000000000000e+009	 -1.6856439999999999e+001	
  3.9094000000000000e+009	 -1.6824220000000000e+001	
  3.9117000000000000e+009	 -1.6787109999999998e+001	
  3.9140000000000000e+009	 -1.6729489999999998e+001	
  3.9163000000000000e+009	 -1.6690429999999999e+001	
  3.9186000000000000e+009	 -1.6583980000000000e+001	
  3.9209000000000000e+009	 -1.6493160000000000e+001	
  3.9232000000000000e+009	 -1.6402339999999999e+001	
  3.9255000000000000e+009	 -1.6293949999999999e+001	
  3.9278000000000000e+009	 -1.6159179999999999e+001	
  3.9301000000000000e+009	 -1.5973140000000001e+001	
  3.9324000000000000e+009	 -1.5790039999999999e+001	
  3.9347000000000000e+009	 -1.5572270000000000e+001	
  3.9370000000000000e+009	 -1.5349119999999999e+001	
  3.9393000000000000e+009	 -1.5214359999999999e+001	
  3.9416000000000000e+009	 -1.5024900000000001e+001	
  3.9439000000000000e+009	 -1.4959470000000000e+001	
  3.9462000000000000e+009	 -1.4846679999999999e+001	
  3.9485000000000000e+009	 -1.4789550000000000e+001	
  3.9508000000000000e+009	 -1.4773440000000001e+001	
  3.9531000000000000e+009	 -1.4827150000000000e+001	
  3.9554000000000000e+009	 -1.4948240000000000e+001	
  3.9577000000000000e+009	 -1.5068360000000000e+001	
  3.9600000000000000e+009	 -1.5229490000000000e+001	
  3.9623000000000000e+009	 -1.5397460000000001e+001	
  3.9646000000000000e+009	 -1.5477050000000000e+001	
  3.9669000000000000e+009	 -1.5610350000000000e+001	
  3.9692000000000000e+009	 -1.5689940000000000e+001	
  3.9715000000000000e+009	 -1.5614260000000000e+001	
  3.9738000000000000e+009	 -1.5624510000000001e+001	
  3.9761000000000000e+009	 -1.5505860000000000e+001	
  3.9784000000000000e+009	 -1.5332030000000000e+001	
  3.9807000000000000e+009	 -1.5138180000000000e+001	
  3.9830000000000000e+009	 -1.4865720000000000e+001	
  3.9853000000000000e+009	 -1.4574220000000000e+001	
  3.9876000000000000e+009	 -1.4223630000000000e+001	
  3.9899000000000000e+009	 -1.3873049999999999e+001	
  3.9922000000000000e+009	 -1.3538570000000000e+001	
  3.9945000000000000e+009	 -1.3234859999999999e+001	
  3.9968000000000000e+009	 -1.2901859999999999e+001	
  3.9991000000000000e+009	 -1.2633300000000000e+001	
  4.0014000000000000e+009	 -1.2440429999999999e+001	
  4.0037000000000000e+009	 -1.2268070000000000e+001	
  4.0060000000000000e+009	 -1.2154299999999999e+001	
  4.0083000000000000e+009	 -1.2085940000000001e+001	
  4.0106000000000000e+009	 -1.2082520000000001e+001	
  4.0129000000000000e+009	 -1.2125000000000000e+001	
  4.0152000000000000e+009	 -1.2178220000000000e+001	
  4.0175000000000000e+009	 -1.2312989999999999e+001	
  4.0198000000000000e+009	 -1.2549799999999999e+001	
  4.0221000000000000e+009	 -1.2759770000000000e+001	
  4.0244000000000000e+009	 -1.2896970000000000e+001	
  4.0267000000000000e+009	 -1.3166499999999999e+001	
  4.0290000000000000e+009	 -1.3359380000000000e+001	
  4.0313000000000000e+009	 -1.3703130000000000e+001	
  4.0336000000000000e+009	 -1.3922359999999999e+001	
  4.0359000000000000e+009	 -1.4213380000000001e+001	
  4.0382000000000000e+009	 -1.4512210000000000e+001	
  4.0405000000000000e+009	 -1.4798340000000000e+001	
  4.0428000000000000e+009	 -1.5050290000000000e+001	
  4.0451000000000000e+009	 -1.5292970000000000e+001	
  4.0474000000000000e+009	 -1.5638180000000000e+001	
  4.0497000000000000e+009	 -1.5870120000000000e+001	
  4.0520000000000000e+009	 -1.5941890000000001e+001	
  4.0543000000000000e+009	 -1.6257809999999999e+001	
  4.0566000000000000e+009	 -1.6525390000000002e+001	
  4.0589000000000000e+009	 -1.6601559999999999e+001	
  4.0612000000000000e+009	 -1.6835940000000001e+001	
  4.0635000000000000e+009	 -1.7070309999999999e+001	
  4.0658000000000000e+009	 -1.7321290000000001e+001	
  4.0681000000000000e+009	 -1.7544920000000001e+001	
  4.0704000000000000e+009	 -1.7825189999999999e+001	
  4.0727000000000000e+009	 -1.8124020000000002e+001	
  4.0750000000000000e+009	 -1.8469719999999999e+001	
  4.0773000000000000e+009	 -1.8753910000000001e+001	
  4.0796000000000000e+009	 -1.9179690000000001e+001	
  4.0819000000000000e+009	 -1.9452150000000000e+001	
  4.0842000000000000e+009	 -1.9743160000000000e+001	
  4.0865000000000000e+009	 -2.0080079999999999e+001	
  4.0888000000000000e+009	 -2.0251950000000001e+001	
  4.0911000000000000e+009	 -2.0438479999999998e+001	
  4.0934000000000000e+009	 -2.0561520000000002e+001	
  4.0957000000000000e+009	 -2.0645510000000002e+001	
  4.0980000000000000e+009	 -2.0777339999999999e+001	
  4.1003000000000000e+009	 -2.0816410000000001e+001	
  4.1026000000000000e+009	 -2.0768550000000001e+001	
  4.1049000000000000e+009	 -2.0796880000000002e+001	
  4.1072000000000000e+009	 -2.0740230000000000e+001	
  4.1095000000000000e+009	 -2.0696290000000001e+001	
  4.1118000000000000e+009	 -2.0582999999999998e+001	
  4.1141000000000000e+009	 -2.0493160000000000e+001	
  4.1164000000000000e+009	 -2.0383790000000001e+001	
  4.1187000000000000e+009	 -2.0276370000000000e+001	
  4.1210000000000000e+009	 -2.0041989999999998e+001	
  4.1233000000000000e+009	 -1.9887699999999999e+001	
  4.1256000000000000e+009	 -1.9654299999999999e+001	
  4.1279000000000000e+009	 -1.9355470000000000e+001	
  4.1302000000000000e+009	 -1.9132809999999999e+001	
  4.1325000000000000e+009	 -1.8851559999999999e+001	
  4.1348000000000000e+009	 -1.8601559999999999e+001	
  4.1371000000000000e+009	 -1.8346679999999999e+001	
  4.1394000000000000e+009	 -1.8101559999999999e+001	
  4.1417000000000000e+009	 -1.7907229999999998e+001	
  4.1440000000000000e+009	 -1.7679690000000001e+001	
  4.1463000000000000e+009	 -1.7551760000000002e+001	
  4.1486000000000000e+009	 -1.7591799999999999e+001	
  4.1509000000000000e+009	 -1.7574220000000000e+001	
  4.1532000000000000e+009	 -1.7702150000000000e+001	
  4.1555000000000000e+009	 -1.7794920000000001e+001	
  4.1578000000000000e+009	 -1.8009770000000000e+001	
  4.1601000000000000e+009	 -1.8232420000000001e+001	
  4.1624000000000000e+009	 -1.8481449999999999e+001	
  4.1647000000000000e+009	 -1.8681640000000002e+001	
  4.1670000000000000e+009	 -1.8857420000000001e+001	
  4.1693000000000000e+009	 -1.8963870000000000e+001	
  4.1716000000000000e+009	 -1.9122070000000001e+001	
  4.1739000000000000e+009	 -1.9173829999999999e+001	
  4.1762000000000000e+009	 -1.9269530000000000e+001	
  4.1785000000000000e+009	 -1.9447260000000000e+001	
  4.1808000000000000e+009	 -1.9479489999999998e+001	
  4.1831000000000000e+009	 -1.9627929999999999e+001	
  4.1854000000000000e+009	 -1.9732420000000001e+001	
  4.1877000000000000e+009	 -1.9860350000000000e+001	
  4.1900000000000000e+009	 -1.9916989999999998e+001	
  4.1923000000000000e+009	 -1.9993160000000000e+001	
  4.1946000000000000e+009	 -2.0033200000000001e+001	
  4.1969000000000000e+009	 -2.0083990000000000e+001	
  4.1992000000000000e+009	 -2.0125000000000000e+001	
  4.2015000000000000e+009	 -2.0054690000000001e+001	
  4.2038000000000000e+009	 -2.0106439999999999e+001	
  4.2061000000000000e+009	 -2.0102540000000001e+001	
  4.2084000000000000e+009	 -2.0019530000000000e+001	
  4.2107000000000000e+009	 -1.9998040000000000e+001	
  4.2130000000000000e+009	 -2.0138670000000001e+001	
  4.2153000000000000e+009	 -2.0214839999999999e+001	
  4.2176000000000000e+009	 -2.0291989999999998e+001	
  4.2199000000000000e+009	 -2.0473630000000000e+001	
  4.2222000000000000e+009	 -2.0684570000000001e+001	
  4.2245000000000000e+009	 -2.0958980000000000e+001	
  4.2268000000000000e+009	 -2.1291010000000000e+001	
  4.2291000000000000e+009	 -2.1598630000000000e+001	
  4.2314000000000000e+009	 -2.1894530000000000e+001	
  4.2337000000000000e+009	 -2.2273440000000001e+001	
  4.2360000000000000e+009	 -2.2666989999999998e+001	
  4.2383000000000000e+009	 -2.2933589999999999e+001	
  4.2406000000000000e+009	 -2.3210940000000001e+001	
  4.2429000000000000e+009	 -2.3440429999999999e+001	
  4.2452000000000000e+009	 -2.3606439999999999e+001	
  4.2475000000000000e+009	 -2.3708980000000000e+001	
  4.2498000000000000e+009	 -2.3792970000000000e+001	
  4.2521000000000000e+009	 -2.3813479999999998e+001	
  4.2544000000000000e+009	 -2.3800780000000000e+001	
  4.2567000000000000e+009	 -2.3792970000000000e+001	
  4.2590000000000000e+009	 -2.3774410000000000e+001	
  4.2613000000000000e+009	 -2.3777339999999999e+001	
  4.2636000000000000e+009	 -2.3718750000000000e+001	
  4.2659000000000000e+009	 -2.3770510000000002e+001	
  4.2682000000000000e+009	 -2.3793949999999999e+001	
  4.2705000000000000e+009	 -2.3806640000000002e+001	
  4.2728000000000000e+009	 -2.3916020000000000e+001	
  4.2751000000000000e+009	 -2.3966790000000000e+001	
  4.2774000000000000e+009	 -2.4094719999999999e+001	
  4.2797000000000000e+009	 -2.4203119999999998e+001	
  4.2820000000000000e+009	 -2.4296880000000002e+001	
  4.2843000000000000e+009	 -2.4323239999999998e+001	
  4.2866000000000000e+009	 -2.4321290000000001e+001	
  4.2889000000000000e+009	 -2.4312500000000000e+001	
  4.2912000000000000e+009	 -2.4271480000000000e+001	
  4.2935000000000000e+009	 -2.4230470000000000e+001	
  4.2958000000000000e+009	 -2.4151360000000000e+001	
  4.2981000000000000e+009	 -2.4153320000000001e+001	
  4.3004000000000000e+009	 -2.4186520000000002e+001	
  4.3027000000000000e+009	 -2.4228520000000000e+001	
  4.3050000000000000e+009	 -2.4401360000000000e+001	
  4.3073000000000000e+009	 -2.4639640000000000e+001	
  4.3096000000000000e+009	 -2.4847660000000001e+001	
  4.3119000000000000e+009	 -2.5137689999999999e+001	
  4.3142000000000000e+009	 -2.5499020000000002e+001	
  4.3165000000000000e+009	 -2.5825199999999999e+001	
  4.3188000000000000e+009	 -2.6125969999999999e+001	
  4.3211000000000000e+009	 -2.6398430000000001e+001	
  4.3234000000000000e+009	 -2.6617180000000001e+001	
  4.3257000000000000e+009	 -2.6821290000000001e+001	
  4.3280000000000000e+009	 -2.6867180000000001e+001	
  4.3303000000000000e+009	 -2.6880859999999998e+001	
  4.3326000000000000e+009	 -2.6889650000000000e+001	
  4.3349000000000000e+009	 -2.6693359999999998e+001	
  4.3372000000000000e+009	 -2.6497070000000001e+001	
  4.3395000000000000e+009	 -2.6314450000000001e+001	
  4.3418000000000000e+009	 -2.6017579999999999e+001	
  4.3441000000000000e+009	 -2.5714839999999999e+001	
  4.3464000000000000e+009	 -2.5388670000000001e+001	
  4.3487000000000000e+009	 -2.5163080000000001e+001	
  4.3510000000000000e+009	 -2.4946290000000001e+001	
  4.3533000000000000e+009	 -2.4804690000000001e+001	
  4.3556000000000000e+009	 -2.4707999999999998e+001	
  4.3579000000000000e+009	 -2.4764650000000000e+001	
  4.3602000000000000e+009	 -2.4916989999999998e+001	
  4.3625000000000000e+009	 -2.5062500000000000e+001	
  4.3648000000000000e+009	 -2.5277339999999999e+001	
  4.3671000000000000e+009	 -2.5545900000000000e+001	
  4.3694000000000000e+009	 -2.5810549999999999e+001	
  4.3717000000000000e+009	 -2.6117190000000001e+001	
  4.3740000000000000e+009	 -2.6387689999999999e+001	
  4.3763000000000000e+009	 -2.6697260000000000e+001	
  4.3786000000000000e+009	 -2.6927730000000000e+001	
  4.3809000000000000e+009	 -2.7157229999999998e+001	
  4.3832000000000000e+009	 -2.7372070000000001e+001	
  4.3855000000000000e+009	 -2.7451170000000001e+001	
  4.3878000000000000e+009	 -2.7548829999999999e+001	
  4.3901000000000000e+009	 -2.7684570000000001e+001	
  4.3924000000000000e+009	 -2.7643550000000001e+001	
  4.3947000000000000e+009	 -2.7645510000000002e+001	
  4.3970000000000000e+009	 -2.7464839999999999e+001	
  4.3993000000000000e+009	 -2.7370110000000000e+001	
  4.4016000000000000e+009	 -2.7184570000000001e+001	
  4.4039000000000000e+009	 -2.6950189999999999e+001	
  4.4062000000000000e+009	 -2.6692380000000000e+001	
  4.4085000000000000e+009	 -2.6451170000000001e+001	
  4.4108000000000000e+009	 -2.6206050000000001e+001	
  4.4131000000000000e+009	 -2.5948239999999998e+001	
  4.4154000000000000e+009	 -2.5757809999999999e+001	
  4.4177000000000000e+009	 -2.5632809999999999e+001	
  4.4200000000000000e+009	 -2.5556640000000002e+001	
  4.4223000000000000e+009	 -2.5570309999999999e+001	
  4.4246000000000000e+009	 -2.5686520000000002e+001	
  4.4269000000000000e+009	 -2.5866209999999999e+001	
  4.4292000000000000e+009	 -2.6058589999999999e+001	
  4.4315000000000000e+009	 -2.6261720000000000e+001	
  4.4338000000000000e+009	 -2.6491209999999999e+001	
  4.4361000000000000e+009	 -2.6746089999999999e+001	
  4.4384000000000000e+009	 -2.6928709999999999e+001	
  4.4407000000000000e+009	 -2.7121089999999999e+001	
  4.4430000000000000e+009	 -2.7234369999999998e+001	
  4.4453000000000000e+009	 -2.7333980000000000e+001	
  4.4476000000000000e+009	 -2.7363280000000000e+001	
  4.4499000000000000e+009	 -2.7355470000000000e+001	
  4.4522000000000000e+009	 -2.7296869999999998e+001	
  4.4545000000000000e+009	 -2.7293939999999999e+001	
  4.4568000000000000e+009	 -2.7140619999999998e+001	
  4.4591000000000000e+009	 -2.7030270000000002e+001	
  4.4614000000000000e+009	 -2.6952150000000000e+001	
  4.4637000000000000e+009	 -2.6874020000000002e+001	
  4.4660000000000000e+009	 -2.6854489999999998e+001	
  4.4683000000000000e+009	 -2.6768550000000001e+001	
  4.4706000000000000e+009	 -2.6721679999999999e+001	
  4.4729000000000000e+009	 -2.6751950000000001e+001	
  4.4752000000000000e+009	 -2.6705069999999999e+001	
  4.4775000000000000e+009	 -2.6666010000000000e+001	
  4.4798000000000000e+009	 -2.6630859999999998e+001	
  4.4821000000000000e+009	 -2.6554680000000001e+001	
  4.4844000000000000e+009	 -2.6408200000000001e+001	
  4.4867000000000000e+009	 -2.6244140000000002e+001	
  4.4890000000000000e+009	 -2.6013670000000001e+001	
  4.4913000000000000e+009	 -2.5741209999999999e+001	
  4.4936000000000000e+009	 -2.5561520000000002e+001	
  4.4959000000000000e+009	 -2.5280270000000002e+001	
  4.4982000000000000e+009	 -2.5099609999999998e+001	
  4.5005000000000000e+009	 -2.4889650000000000e+001	
  4.5028000000000000e+009	 -2.4815429999999999e+001	
  4.5051000000000000e+009	 -2.4744140000000002e+001	
  4.5074000000000000e+009	 -2.4697270000000000e+001	
  4.5097000000000000e+009	 -2.4756830000000001e+001	
  4.5120000000000000e+009	 -2.4884760000000000e+001	
  4.5143000000000000e+009	 -2.5270499999999998e+001	
  4.5166000000000000e+009	 -2.6215820000000001e+001	
  4.5189000000000000e+009	 -2.7817380000000000e+001	
  4.5212000000000000e+009	 -2.9391600000000000e+001	
  4.5235000000000000e+009	 -3.0009770000000000e+001	
  4.5258000000000000e+009	 -3.0037109999999998e+001	
  4.5281000000000000e+009	 -2.9938469999999999e+001	
  4.5304000000000000e+009	 -2.9648440000000001e+001	
  4.5327000000000000e+009	 -2.9360350000000000e+001	
  4.5350000000000000e+009	 -2.9046869999999998e+001	
  4.5373000000000000e+009	 -2.8779299999999999e+001	
  4.5396000000000000e+009	 -2.8357420000000001e+001	
  4.5419000000000000e+009	 -2.7987300000000001e+001	
  4.5442000000000000e+009	 -2.7643550000000001e+001	
  4.5465000000000000e+009	 -2.7233400000000000e+001	
  4.5488000000000000e+009	 -2.6869140000000002e+001	
  4.5511000000000000e+009	 -2.6521480000000000e+001	
  4.5534000000000000e+009	 -2.6298829999999999e+001	
  4.5557000000000000e+009	 -2.5989260000000002e+001	
  4.5580000000000000e+009	 -2.5837890000000002e+001	
  4.5603000000000000e+009	 -2.5772459999999999e+001	
  4.5626000000000000e+009	 -2.5798829999999999e+001	
  4.5649000000000000e+009	 -2.5853510000000000e+001	
  4.5672000000000000e+009	 -2.5982420000000001e+001	
  4.5695000000000000e+009	 -2.6136720000000000e+001	
  4.5718000000000000e+009	 -2.6301760000000002e+001	
  4.5741000000000000e+009	 -2.6481439999999999e+001	
  4.5764000000000000e+009	 -2.6641600000000000e+001	
  4.5787000000000000e+009	 -2.6862300000000001e+001	
  4.5810000000000000e+009	 -2.7081050000000001e+001	
  4.5833000000000000e+009	 -2.7207030000000000e+001	
  4.5856000000000000e+009	 -2.7387699999999999e+001	
  4.5879000000000000e+009	 -2.7440429999999999e+001	
  4.5902000000000000e+009	 -2.7497070000000001e+001	
  4.5925000000000000e+009	 -2.7537109999999998e+001	
  4.5948000000000000e+009	 -2.7546869999999998e+001	
  4.5971000000000000e+009	 -2.7389650000000000e+001	
  4.5994000000000000e+009	 -2.7303709999999999e+001	
  4.6017000000000000e+009	 -2.7050780000000000e+001	
  4.6040000000000000e+009	 -2.6897459999999999e+001	
  4.6063000000000000e+009	 -2.6666989999999998e+001	
  4.6086000000000000e+009	 -2.6340820000000001e+001	
  4.6109000000000000e+009	 -2.6123049999999999e+001	
  4.6132000000000000e+009	 -2.5888670000000001e+001	
  4.6155000000000000e+009	 -2.5675780000000000e+001	
  4.6178000000000000e+009	 -2.5445309999999999e+001	
  4.6201000000000000e+009	 -2.5291989999999998e+001	
  4.6224000000000000e+009	 -2.5271480000000000e+001	
  4.6247000000000000e+009	 -2.5281250000000000e+001	
  4.6270000000000000e+009	 -2.5276370000000000e+001	
  4.6293000000000000e+009	 -2.5375979999999998e+001	
  4.6316000000000000e+009	 -2.5372070000000001e+001	
  4.6339000000000000e+009	 -2.5509760000000000e+001	
  4.6362000000000000e+009	 -2.5617180000000001e+001	
  4.6385000000000000e+009	 -2.5638670000000001e+001	
  4.6408000000000000e+009	 -2.5688479999999998e+001	
  4.6431000000000000e+009	 -2.5716799999999999e+001	
  4.6454000000000000e+009	 -2.5739249999999998e+001	
  4.6477000000000000e+009	 -2.5735350000000000e+001	
  4.6500000000000000e+009	 -2.5690429999999999e+001	
  4.6523000000000000e+009	 -2.5546880000000002e+001	
  4.6546000000000000e+009	 -2.5487300000000001e+001	
  4.6569000000000000e+009	 -2.5457030000000000e+001	
  4.6592000000000000e+009	 -2.5418939999999999e+001	
  4.6615000000000000e+009	 -2.5348630000000000e+001	
  4.6638000000000000e+009	 -2.5261720000000000e+001	
  4.6661000000000000e+009	 -2.5240230000000000e+001	
  4.6684000000000000e+009	 -2.5255859999999998e+001	
  4.6707000000000000e+009	 -2.5266600000000000e+001	
  4.6730000000000000e+009	 -2.5248049999999999e+001	
  4.6753000000000000e+009	 -2.5219729999999998e+001	
  4.6776000000000000e+009	 -2.5169920000000001e+001	
  4.6799000000000000e+009	 -2.5095700000000001e+001	
  4.6822000000000000e+009	 -2.4951170000000001e+001	
  4.6845000000000000e+009	 -2.4734369999999998e+001	
  4.6868000000000000e+009	 -2.4534179999999999e+001	
  4.6891000000000000e+009	 -2.4249020000000002e+001	
  4.6914000000000000e+009	 -2.4001950000000001e+001	
  4.6937000000000000e+009	 -2.3758790000000001e+001	
  4.6960000000000000e+009	 -2.3356439999999999e+001	
  4.6983000000000000e+009	 -2.3082030000000000e+001	
  4.7006000000000000e+009	 -2.2801760000000002e+001	
  4.7029000000000000e+009	 -2.2556640000000002e+001	
  4.7052000000000000e+009	 -2.2380859999999998e+001	
  4.7075000000000000e+009	 -2.2229489999999998e+001	
  4.7098000000000000e+009	 -2.2202150000000000e+001	
  4.7121000000000000e+009	 -2.2022459999999999e+001	
  4.7144000000000000e+009	 -2.2130859999999998e+001	
  4.7167000000000000e+009	 -2.2208980000000000e+001	
  4.7190000000000000e+009	 -2.2392579999999999e+001	
  4.7213000000000000e+009	 -2.2462890000000002e+001	
  4.7236000000000000e+009	 -2.2577150000000000e+001	
  4.7259000000000000e+009	 -2.2599609999999998e+001	
  4.7282000000000000e+009	 -2.2688469999999999e+001	
  4.7305000000000000e+009	 -2.2682610000000000e+001	
  4.7328000000000000e+009	 -2.2622070000000001e+001	
  4.7351000000000000e+009	 -2.2524410000000000e+001	
  4.7374000000000000e+009	 -2.2366209999999999e+001	
  4.7397000000000000e+009	 -2.2192380000000000e+001	
  4.7420000000000000e+009	 -2.1907219999999999e+001	
  4.7443000000000000e+009	 -2.1603510000000000e+001	
  4.7466000000000000e+009	 -2.1287109999999998e+001	
  4.7489000000000000e+009	 -2.0939450000000001e+001	
  4.7512000000000000e+009	 -2.0533200000000001e+001	
  4.7535000000000000e+009	 -2.0047850000000000e+001	
  4.7558000000000000e+009	 -1.9651370000000000e+001	
  4.7581000000000000e+009	 -1.9191410000000001e+001	
  4.7604000000000000e+009	 -1.8787109999999998e+001	
  4.7627000000000000e+009	 -1.8384760000000000e+001	
  4.7650000000000000e+009	 -1.8111329999999999e+001	
  4.7673000000000000e+009	 -1.7831050000000001e+001	
  4.7696000000000000e+009	 -1.7659179999999999e+001	
  4.7719000000000000e+009	 -1.7580079999999999e+001	
  4.7742000000000000e+009	 -1.7530270000000002e+001	
  4.7765000000000000e+009	 -1.7606439999999999e+001	
  4.7788000000000000e+009	 -1.7635739999999998e+001	
  4.7811000000000000e+009	 -1.7695309999999999e+001	
  4.7834000000000000e+009	 -1.7898440000000001e+001	
  4.7857000000000000e+009	 -1.7947260000000000e+001	
  4.7880000000000000e+009	 -1.8020510000000002e+001	
  4.7903000000000000e+009	 -1.7959959999999999e+001	
  4.7926000000000000e+009	 -1.7869140000000002e+001	
  4.7949000000000000e+009	 -1.7638670000000001e+001	
  4.7972000000000000e+009	 -1.7417970000000000e+001	
  4.7995000000000000e+009	 -1.7071290000000001e+001	
  4.8018000000000000e+009	 -1.6647459999999999e+001	
  4.8041000000000000e+009	 -1.6168939999999999e+001	
  4.8064000000000000e+009	 -1.5651370000000000e+001	
  4.8087000000000000e+009	 -1.5133300000000000e+001	
  4.8110000000000000e+009	 -1.4502929999999999e+001	
  4.8133000000000000e+009	 -1.3963380000000001e+001	
  4.8156000000000000e+009	 -1.3378420000000000e+001	
  4.8179000000000000e+009	 -1.2920410000000000e+001	
  4.8202000000000000e+009	 -1.2470700000000001e+001	
  4.8225000000000000e+009	 -1.2183109999999999e+001	
  4.8248000000000000e+009	 -1.1921880000000000e+001	
  4.8271000000000000e+009	 -1.1658200000000001e+001	
  4.8294000000000000e+009	 -1.1421880000000000e+001	
  4.8317000000000000e+009	 -1.1180660000000000e+001	
  4.8340000000000000e+009	 -1.0949710000000000e+001	
  4.8363000000000000e+009	 -1.0644530000000000e+001	
  4.8386000000000000e+009	 -1.0329590000000000e+001	
  4.8409000000000000e+009	 -9.9428710000000002e+000	
  4.8432000000000000e+009	 -9.5410160000000008e+000	
  4.8455000000000000e+009	 -9.1997070000000001e+000	
  4.8478000000000000e+009	 -8.7255859999999998e+000	
  4.8501000000000000e+009	 -8.3750000000000000e+000	
  4.8524000000000000e+009	 -8.0312500000000000e+000	
  4.8547000000000000e+009	 -7.6796879999999996e+000	
  4.8570000000000000e+009	 -7.4052730000000002e+000	
  4.8593000000000000e+009	 -7.1682129999999997e+000	
  4.8616000000000000e+009	 -6.9814449999999999e+000	
  4.8639000000000000e+009	 -6.8647460000000002e+000	
  4.8662000000000000e+009	 -6.7277829999999996e+000	
  4.8685000000000000e+009	 -6.6545410000000000e+000	
  4.8708000000000000e+009	 -6.6259769999999998e+000	
  4.8731000000000000e+009	 -6.7153320000000001e+000	
  4.8754000000000000e+009	 -6.8447269999999998e+000	
  4.8777000000000000e+009	 -7.0727539999999998e+000	
  4.8800000000000000e+009	 -7.3786620000000003e+000	
  4.8823000000000000e+009	 -7.7333980000000002e+000	
  4.8846000000000000e+009	 -8.1142579999999995e+000	
  4.8869000000000000e+009	 -8.4941410000000008e+000	
  4.8892000000000000e+009	 -8.8012700000000006e+000	
  4.8915000000000000e+009	 -9.1113280000000003e+000	
  4.8938000000000000e+009	 -9.2993159999999992e+000	
  4.8961000000000000e+009	 -9.5253910000000008e+000	
  4.8984000000000000e+009	 -9.7133789999999998e+000	
  4.9007000000000000e+009	 -9.7788090000000008e+000	
  4.9030000000000000e+009	 -9.8784179999999999e+000	
  4.9053000000000000e+009	 -9.9453130000000005e+000	
  4.9076000000000000e+009	 -1.0072749999999999e+001	
  4.9099000000000000e+009	 -1.0213870000000000e+001	
  4.9122000000000000e+009	 -1.0423340000000000e+001	
  4.9145000000000000e+009	 -1.0712890000000000e+001	
  4.9168000000000000e+009	 -1.1031739999999999e+001	
  4.9191000000000000e+009	 -1.1346679999999999e+001	
  4.9214000000000000e+009	 -1.1857419999999999e+001	
  4.9237000000000000e+009	 -1.2384770000000000e+001	
  4.9260000000000000e+009	 -1.2824710000000000e+001	
  4.9283000000000000e+009	 -1.3373049999999999e+001	
  4.9306000000000000e+009	 -1.3912599999999999e+001	
  4.9329000000000000e+009	 -1.4378909999999999e+001	
  4.9352000000000000e+009	 -1.4830080000000001e+001	
  4.9375000000000000e+009	 -1.5289059999999999e+001	
  4.9398000000000000e+009	 -1.5669430000000000e+001	
  4.9421000000000000e+009	 -1.6016600000000000e+001	
  4.9444000000000000e+009	 -1.6269530000000000e+001	
  4.9467000000000000e+009	 -1.6499020000000002e+001	
  4.9490000000000000e+009	 -1.6658200000000001e+001	
  4.9513000000000000e+009	 -1.6749020000000002e+001	
  4.9536000000000000e+009	 -1.6757809999999999e+001	
  4.9559000000000000e+009	 -1.6783200000000001e+001	
  4.9582000000000000e+009	 -1.6698239999999998e+001	
  4.9605000000000000e+009	 -1.6526370000000000e+001	
  4.9628000000000000e+009	 -1.6430660000000000e+001	
  4.9651000000000000e+009	 -1.6305660000000000e+001	
  4.9674000000000000e+009	 -1.6170900000000000e+001	
  4.9697000000000000e+009	 -1.6078119999999998e+001	
  4.9720000000000000e+009	 -1.6017579999999999e+001	
  4.9743000000000000e+009	 -1.6032229999999998e+001	
  4.9766000000000000e+009	 -1.6224609999999998e+001	
  4.9789000000000000e+009	 -1.6395510000000002e+001	
  4.9812000000000000e+009	 -1.6682620000000000e+001	
  4.9835000000000000e+009	 -1.7034179999999999e+001	
  4.9858000000000000e+009	 -1.7443359999999998e+001	
  4.9881000000000000e+009	 -1.7809570000000001e+001	
  4.9904000000000000e+009	 -1.8257809999999999e+001	
  4.9927000000000000e+009	 -1.8701170000000001e+001	
  4.9950000000000000e+009	 -1.9032229999999998e+001	
  4.9973000000000000e+009	 -1.9381840000000000e+001	
  4.9996000000000000e+009	 -1.9636720000000000e+001	
  5.0019000000000000e+009	 -1.9837890000000002e+001	
  5.0042000000000000e+009	 -2.0001950000000001e+001	
  5.0065000000000000e+009	 -2.0034179999999999e+001	
  5.0088000000000000e+009	 -2.0120120000000000e+001	
  5.0111000000000000e+009	 -2.0053709999999999e+001	
  5.0134000000000000e+009	 -2.0101559999999999e+001	
  5.0157000000000000e+009	 -2.0086910000000000e+001	
  5.0180000000000000e+009	 -1.9939450000000001e+001	
  5.0203000000000000e+009	 -1.9992190000000001e+001	
  5.0226000000000000e+009	 -1.9906250000000000e+001	
  5.0249000000000000e+009	 -2.0010739999999998e+001	
  5.0272000000000000e+009	 -1.9969729999999998e+001	
  5.0295000000000000e+009	 -1.9996089999999999e+001	
  5.0318000000000000e+009	 -2.0006830000000001e+001	
  5.0341000000000000e+009	 -2.0003910000000001e+001	
  5.0364000000000000e+009	 -2.0036130000000000e+001	
  5.0387000000000000e+009	 -2.0068359999999998e+001	
  5.0410000000000000e+009	 -2.0097660000000001e+001	
  5.0433000000000000e+009	 -2.0059570000000001e+001	
  5.0456000000000000e+009	 -2.0016600000000000e+001	
  5.0479000000000000e+009	 -2.0081050000000001e+001	
  5.0502000000000000e+009	 -2.0046869999999998e+001	
  5.0525000000000000e+009	 -2.0101559999999999e+001	
  5.0548000000000000e+009	 -2.0259770000000000e+001	
  5.0571000000000000e+009	 -2.0367190000000001e+001	
  5.0594000000000000e+009	 -2.0540040000000001e+001	
  5.0617000000000000e+009	 -2.0775390000000002e+001	
  5.0640000000000000e+009	 -2.1051749999999998e+001	
  5.0663000000000000e+009	 -2.1358400000000000e+001	
  5.0686000000000000e+009	 -2.1652339999999999e+001	
  5.0709000000000000e+009	 -2.1932620000000000e+001	
  5.0732000000000000e+009	 -2.2236329999999999e+001	
  5.0755000000000000e+009	 -2.2495120000000000e+001	
  5.0778000000000000e+009	 -2.2734380000000002e+001	
  5.0801000000000000e+009	 -2.2843750000000000e+001	
  5.0824000000000000e+009	 -2.2941400000000002e+001	
  5.0847000000000000e+009	 -2.2972660000000001e+001	
  5.0870000000000000e+009	 -2.3005859999999998e+001	
  5.0893000000000000e+009	 -2.2950199999999999e+001	
  5.0916000000000000e+009	 -2.2844719999999999e+001	
  5.0939000000000000e+009	 -2.2700199999999999e+001	
  5.0962000000000000e+009	 -2.2502929999999999e+001	
  5.0985000000000000e+009	 -2.2288080000000001e+001	
  5.1008000000000000e+009	 -2.2030270000000002e+001	
  5.1031000000000000e+009	 -2.1784179999999999e+001	
  5.1054000000000000e+009	 -2.1529299999999999e+001	
  5.1077000000000000e+009	 -2.1332030000000000e+001	
  5.1100000000000000e+009	 -2.1097660000000001e+001	
  5.1123000000000000e+009	 -2.1034179999999999e+001	
  5.1146000000000000e+009	 -2.0975580000000001e+001	
  5.1169000000000000e+009	 -2.1046869999999998e+001	
  5.1192000000000000e+009	 -2.1152339999999999e+001	
  5.1215000000000000e+009	 -2.1378900000000002e+001	
  5.1238000000000000e+009	 -2.1642579999999999e+001	
  5.1261000000000000e+009	 -2.1965820000000001e+001	
  5.1284000000000000e+009	 -2.2352540000000001e+001	
  5.1307000000000000e+009	 -2.2697260000000000e+001	
  5.1330000000000000e+009	 -2.3091799999999999e+001	
  5.1353000000000000e+009	 -2.3447270000000000e+001	
  5.1376000000000000e+009	 -2.3702150000000000e+001	
  5.1399000000000000e+009	 -2.4058589999999999e+001	
  5.1422000000000000e+009	 -2.4232420000000001e+001	
  5.1445000000000000e+009	 -2.4318359999999998e+001	
  5.1468000000000000e+009	 -2.4424800000000001e+001	
  5.1491000000000000e+009	 -2.4417970000000000e+001	
  5.1514000000000000e+009	 -2.4346679999999999e+001	
  5.1537000000000000e+009	 -2.4161130000000000e+001	
  5.1560000000000000e+009	 -2.3973630000000000e+001	
  5.1583000000000000e+009	 -2.3696290000000001e+001	
  5.1606000000000000e+009	 -2.3368160000000000e+001	
  5.1629000000000000e+009	 -2.3008790000000001e+001	
  5.1652000000000000e+009	 -2.2673829999999999e+001	
  5.1675000000000000e+009	 -2.2363280000000000e+001	
  5.1698000000000000e+009	 -2.2033200000000001e+001	
  5.1721000000000000e+009	 -2.1821290000000001e+001	
  5.1744000000000000e+009	 -2.1674800000000001e+001	
  5.1767000000000000e+009	 -2.1518550000000001e+001	
  5.1790000000000000e+009	 -2.1625000000000000e+001	
  5.1813000000000000e+009	 -2.1676749999999998e+001	
  5.1836000000000000e+009	 -2.1824220000000000e+001	
  5.1859000000000000e+009	 -2.2056640000000002e+001	
  5.1882000000000000e+009	 -2.2301749999999998e+001	
  5.1905000000000000e+009	 -2.2541989999999998e+001	
  5.1928000000000000e+009	 -2.2833980000000000e+001	
  5.1951000000000000e+009	 -2.3084959999999999e+001	
  5.1974000000000000e+009	 -2.3322260000000000e+001	
  5.1997000000000000e+009	 -2.3579100000000000e+001	
  5.2020000000000000e+009	 -2.3739260000000002e+001	
  5.2043000000000000e+009	 -2.3956060000000001e+001	
  5.2066000000000000e+009	 -2.4185540000000000e+001	
  5.2089000000000000e+009	 -2.4228520000000000e+001	
  5.2112000000000000e+009	 -2.4445309999999999e+001	
  5.2135000000000000e+009	 -2.4631830000000001e+001	
  5.2158000000000000e+009	 -2.4748040000000000e+001	
  5.2181000000000000e+009	 -2.4824220000000000e+001	
  5.2204000000000000e+009	 -2.4935549999999999e+001	
  5.2227000000000000e+009	 -2.4941410000000001e+001	
  5.2250000000000000e+009	 -2.4930660000000000e+001	
  5.2273000000000000e+009	 -2.4822260000000000e+001	
  5.2296000000000000e+009	 -2.4615230000000000e+001	
  5.2319000000000000e+009	 -2.4471679999999999e+001	
  5.2342000000000000e+009	 -2.4200189999999999e+001	
  5.2365000000000000e+009	 -2.3990240000000000e+001	
  5.2388000000000000e+009	 -2.3760739999999998e+001	
  5.2411000000000000e+009	 -2.3478510000000000e+001	
  5.2434000000000000e+009	 -2.3265619999999998e+001	
  5.2457000000000000e+009	 -2.3133790000000001e+001	
  5.2480000000000000e+009	 -2.3031250000000000e+001	
  5.2503000000000000e+009	 -2.3014650000000000e+001	
  5.2526000000000000e+009	 -2.3054690000000001e+001	
  5.2549000000000000e+009	 -2.3222660000000001e+001	
  5.2572000000000000e+009	 -2.3421869999999998e+001	
  5.2595000000000000e+009	 -2.3619140000000002e+001	
  5.2618000000000000e+009	 -2.3805660000000000e+001	
  5.2641000000000000e+009	 -2.4102540000000001e+001	
  5.2664000000000000e+009	 -2.4320309999999999e+001	
  5.2687000000000000e+009	 -2.4445309999999999e+001	
  5.2710000000000000e+009	 -2.4640619999999998e+001	
  5.2733000000000000e+009	 -2.4718750000000000e+001	
  5.2756000000000000e+009	 -2.4698239999999998e+001	
  5.2779000000000000e+009	 -2.4710940000000001e+001	
  5.2802000000000000e+009	 -2.4709959999999999e+001	
  5.2825000000000000e+009	 -2.4613280000000000e+001	
  5.2848000000000000e+009	 -2.4542970000000000e+001	
  5.2871000000000000e+009	 -2.4429680000000001e+001	
  5.2894000000000000e+009	 -2.4319330000000001e+001	
  5.2917000000000000e+009	 -2.4170890000000000e+001	
  5.2940000000000000e+009	 -2.4077150000000000e+001	
  5.2963000000000000e+009	 -2.3916989999999998e+001	
  5.2986000000000000e+009	 -2.3839839999999999e+001	
  5.3009000000000000e+009	 -2.3665040000000001e+001	
  5.3032000000000000e+009	 -2.3519530000000000e+001	
  5.3055000000000000e+009	 -2.3399419999999999e+001	
  5.3078000000000000e+009	 -2.3238280000000000e+001	
  5.3101000000000000e+009	 -2.3040040000000001e+001	
  5.3124000000000000e+009	 -2.2837890000000002e+001	
  5.3147000000000000e+009	 -2.2640619999999998e+001	
  5.3170000000000000e+009	 -2.2444330000000001e+001	
  5.3193000000000000e+009	 -2.2250979999999998e+001	
  5.3216000000000000e+009	 -2.2153320000000001e+001	
  5.3239000000000000e+009	 -2.2125969999999999e+001	
  5.3262000000000000e+009	 -2.2107420000000001e+001	
  5.3285000000000000e+009	 -2.2197270000000000e+001	
  5.3308000000000000e+009	 -2.2375000000000000e+001	
  5.3331000000000000e+009	 -2.2596679999999999e+001	
  5.3354000000000000e+009	 -2.2911130000000000e+001	
  5.3377000000000000e+009	 -2.3242190000000001e+001	
  5.3400000000000000e+009	 -2.3673829999999999e+001	
