  4.4800000000000000e+009	 -2.5971679999999999e+001	
  4.4809000000000000e+009	 -2.5934570000000001e+001	
  4.4818000000000000e+009	 -2.5889640000000000e+001	
  4.4827000000000000e+009	 -2.5879880000000000e+001	
  4.4836000000000000e+009	 -2.5798829999999999e+001	
  4.4845000000000000e+009	 -2.5779290000000000e+001	
  4.4854000000000000e+009	 -2.5723630000000000e+001	
  4.4863000000000000e+009	 -2.5655270000000002e+001	
  4.4872000000000000e+009	 -2.5560549999999999e+001	
  4.4881000000000000e+009	 -2.5484369999999998e+001	
  4.4890000000000000e+009	 -2.5398440000000001e+001	
  4.4899000000000000e+009	 -2.5330079999999999e+001	
  4.4908000000000000e+009	 -2.5212890000000002e+001	
  4.4917000000000000e+009	 -2.5181640000000002e+001	
  4.4926000000000000e+009	 -2.5051760000000002e+001	
  4.4935000000000000e+009	 -2.4956050000000001e+001	
  4.4944000000000000e+009	 -2.4898430000000001e+001	
  4.4953000000000000e+009	 -2.4784179999999999e+001	
  4.4962000000000000e+009	 -2.4698239999999998e+001	
  4.4971000000000000e+009	 -2.4601559999999999e+001	
  4.4980000000000000e+009	 -2.4539059999999999e+001	
  4.4989000000000000e+009	 -2.4457030000000000e+001	
  4.4998000000000000e+009	 -2.4426760000000002e+001	
  4.5007000000000000e+009	 -2.4329100000000000e+001	
  4.5016000000000000e+009	 -2.4288080000000001e+001	
  4.5025000000000000e+009	 -2.4214839999999999e+001	
  4.5034000000000000e+009	 -2.4211910000000000e+001	
  4.5043000000000000e+009	 -2.4215820000000001e+001	
  4.5052000000000000e+009	 -2.4178709999999999e+001	
  4.5061000000000000e+009	 -2.4199220000000000e+001	
  4.5070000000000000e+009	 -2.4228520000000000e+001	
  4.5079000000000000e+009	 -2.4249020000000002e+001	
  4.5088000000000000e+009	 -2.4261720000000000e+001	
  4.5097000000000000e+009	 -2.4308589999999999e+001	
  4.5106000000000000e+009	 -2.4370120000000000e+001	
  4.5115000000000000e+009	 -2.4452150000000000e+001	
  4.5124000000000000e+009	 -2.4494140000000002e+001	
  4.5133000000000000e+009	 -2.4570309999999999e+001	
  4.5142000000000000e+009	 -2.4616209999999999e+001	
  4.5151000000000000e+009	 -2.4693359999999998e+001	
  4.5160000000000000e+009	 -2.4709959999999999e+001	
  4.5169000000000000e+009	 -2.4824220000000000e+001	
  4.5178000000000000e+009	 -2.4828119999999998e+001	
  4.5187000000000000e+009	 -2.4829100000000000e+001	
  4.5196000000000000e+009	 -2.4908200000000001e+001	
  4.5205000000000000e+009	 -2.4859369999999998e+001	
  4.5214000000000000e+009	 -2.4859369999999998e+001	
  4.5223000000000000e+009	 -2.4864249999999998e+001	
  4.5232000000000000e+009	 -2.4803709999999999e+001	
  4.5241000000000000e+009	 -2.4743160000000000e+001	
  4.5250000000000000e+009	 -2.4650390000000002e+001	
  4.5259000000000000e+009	 -2.4552730000000000e+001	
  4.5268000000000000e+009	 -2.4410150000000002e+001	
  4.5277000000000000e+009	 -2.4411130000000000e+001	
  4.5286000000000000e+009	 -2.4296880000000002e+001	
  4.5295000000000000e+009	 -2.4364260000000002e+001	
  4.5304000000000000e+009	 -2.4647459999999999e+001	
  4.5313000000000000e+009	 -2.5157219999999999e+001	
  4.5322000000000000e+009	 -2.6096679999999999e+001	
  4.5331000000000000e+009	 -2.7214839999999999e+001	
  4.5340000000000000e+009	 -2.8443359999999998e+001	
  4.5349000000000000e+009	 -2.9504880000000000e+001	
  4.5358000000000000e+009	 -3.0133790000000001e+001	
  4.5367000000000000e+009	 -3.0357420000000001e+001	
  4.5376000000000000e+009	 -3.0315429999999999e+001	
  4.5385000000000000e+009	 -3.0062500000000000e+001	
  4.5394000000000000e+009	 -2.9720700000000001e+001	
  4.5403000000000000e+009	 -2.9388670000000001e+001	
  4.5412000000000000e+009	 -2.9010739999999998e+001	
  4.5421000000000000e+009	 -2.8688469999999999e+001	
  4.5430000000000000e+009	 -2.8361329999999999e+001	
  4.5439000000000000e+009	 -2.8091790000000000e+001	
  4.5448000000000000e+009	 -2.7767579999999999e+001	
  4.5457000000000000e+009	 -2.7479489999999998e+001	
  4.5466000000000000e+009	 -2.7186520000000002e+001	
  4.5475000000000000e+009	 -2.6972660000000001e+001	
  4.5484000000000000e+009	 -2.6690429999999999e+001	
  4.5493000000000000e+009	 -2.6466790000000000e+001	
  4.5502000000000000e+009	 -2.6315429999999999e+001	
  4.5511000000000000e+009	 -2.6056640000000002e+001	
  4.5520000000000000e+009	 -2.5857420000000001e+001	
  4.5529000000000000e+009	 -2.5677730000000000e+001	
  4.5538000000000000e+009	 -2.5511720000000000e+001	
  4.5547000000000000e+009	 -2.5418939999999999e+001	
  4.5556000000000000e+009	 -2.5225580000000001e+001	
  4.5565000000000000e+009	 -2.5074210000000001e+001	
  4.5574000000000000e+009	 -2.5070309999999999e+001	
  4.5583000000000000e+009	 -2.4954100000000000e+001	
  4.5592000000000000e+009	 -2.4901370000000000e+001	
  4.5601000000000000e+009	 -2.4764650000000000e+001	
  4.5610000000000000e+009	 -2.4700189999999999e+001	
  4.5619000000000000e+009	 -2.4745120000000000e+001	
  4.5628000000000000e+009	 -2.4684570000000001e+001	
  4.5637000000000000e+009	 -2.4701170000000001e+001	
  4.5646000000000000e+009	 -2.4741209999999999e+001	
  4.5655000000000000e+009	 -2.4704100000000000e+001	
  4.5664000000000000e+009	 -2.4696290000000001e+001	
  4.5673000000000000e+009	 -2.4702150000000000e+001	
  4.5682000000000000e+009	 -2.4770510000000002e+001	
  4.5691000000000000e+009	 -2.4789059999999999e+001	
  4.5700000000000000e+009	 -2.4815429999999999e+001	
  4.5709000000000000e+009	 -2.4935549999999999e+001	
  4.5718000000000000e+009	 -2.5004880000000000e+001	
  4.5727000000000000e+009	 -2.5029299999999999e+001	
  4.5736000000000000e+009	 -2.5122070000000001e+001	
  4.5745000000000000e+009	 -2.5208980000000000e+001	
  4.5754000000000000e+009	 -2.5262689999999999e+001	
  4.5763000000000000e+009	 -2.5372070000000001e+001	
  4.5772000000000000e+009	 -2.5445309999999999e+001	
  4.5781000000000000e+009	 -2.5505859999999998e+001	
  4.5790000000000000e+009	 -2.5584959999999999e+001	
  4.5799000000000000e+009	 -2.5630859999999998e+001	
  4.5808000000000000e+009	 -2.5738280000000000e+001	
  4.5817000000000000e+009	 -2.5806640000000002e+001	
  4.5826000000000000e+009	 -2.5919920000000001e+001	
  4.5835000000000000e+009	 -2.5984369999999998e+001	
  4.5844000000000000e+009	 -2.6012689999999999e+001	
  4.5853000000000000e+009	 -2.6039059999999999e+001	
  4.5862000000000000e+009	 -2.6135739999999998e+001	
  4.5871000000000000e+009	 -2.6123049999999999e+001	
  4.5880000000000000e+009	 -2.6129880000000000e+001	
  4.5889000000000000e+009	 -2.6149410000000000e+001	
  4.5898000000000000e+009	 -2.6167960000000001e+001	
  4.5907000000000000e+009	 -2.6173829999999999e+001	
  4.5916000000000000e+009	 -2.6209959999999999e+001	
  4.5925000000000000e+009	 -2.6158200000000001e+001	
  4.5934000000000000e+009	 -2.6139650000000000e+001	
  4.5943000000000000e+009	 -2.6159179999999999e+001	
  4.5952000000000000e+009	 -2.6055660000000000e+001	
  4.5961000000000000e+009	 -2.5987300000000001e+001	
  4.5970000000000000e+009	 -2.5951170000000001e+001	
  4.5979000000000000e+009	 -2.5849609999999998e+001	
  4.5988000000000000e+009	 -2.5775390000000002e+001	
  4.5997000000000000e+009	 -2.5727540000000001e+001	
  4.6006000000000000e+009	 -2.5671869999999998e+001	
  4.6015000000000000e+009	 -2.5527339999999999e+001	
  4.6024000000000000e+009	 -2.5455069999999999e+001	
  4.6033000000000000e+009	 -2.5332030000000000e+001	
  4.6042000000000000e+009	 -2.5208980000000000e+001	
  4.6051000000000000e+009	 -2.5137689999999999e+001	
  4.6060000000000000e+009	 -2.4987300000000001e+001	
  4.6069000000000000e+009	 -2.4838870000000000e+001	
  4.6078000000000000e+009	 -2.4716799999999999e+001	
  4.6087000000000000e+009	 -2.4600580000000001e+001	
  4.6096000000000000e+009	 -2.4448239999999998e+001	
  4.6105000000000000e+009	 -2.4343750000000000e+001	
  4.6114000000000000e+009	 -2.4172850000000000e+001	
  4.6123000000000000e+009	 -2.4073239999999998e+001	
  4.6132000000000000e+009	 -2.3979489999999998e+001	
  4.6141000000000000e+009	 -2.3843750000000000e+001	
  4.6150000000000000e+009	 -2.3724609999999998e+001	
  4.6159000000000000e+009	 -2.3650390000000002e+001	
  4.6168000000000000e+009	 -2.3557620000000000e+001	
  4.6177000000000000e+009	 -2.3529299999999999e+001	
  4.6186000000000000e+009	 -2.3403320000000001e+001	
  4.6195000000000000e+009	 -2.3298829999999999e+001	
  4.6204000000000000e+009	 -2.3244140000000002e+001	
  4.6213000000000000e+009	 -2.3233400000000000e+001	
  4.6222000000000000e+009	 -2.3179690000000001e+001	
  4.6231000000000000e+009	 -2.3200189999999999e+001	
  4.6240000000000000e+009	 -2.3186520000000002e+001	
  4.6249000000000000e+009	 -2.3191400000000002e+001	
  4.6258000000000000e+009	 -2.3201170000000001e+001	
  4.6267000000000000e+009	 -2.3170900000000000e+001	
  4.6276000000000000e+009	 -2.3245120000000000e+001	
  4.6285000000000000e+009	 -2.3228520000000000e+001	
  4.6294000000000000e+009	 -2.3229489999999998e+001	
  4.6303000000000000e+009	 -2.3330079999999999e+001	
  4.6312000000000000e+009	 -2.3351559999999999e+001	
  4.6321000000000000e+009	 -2.3344729999999998e+001	
  4.6330000000000000e+009	 -2.3389650000000000e+001	
  4.6339000000000000e+009	 -2.3432620000000000e+001	
  4.6348000000000000e+009	 -2.3482420000000001e+001	
  4.6357000000000000e+009	 -2.3533200000000001e+001	
  4.6366000000000000e+009	 -2.3554690000000001e+001	
  4.6375000000000000e+009	 -2.3584959999999999e+001	
  4.6384000000000000e+009	 -2.3619140000000002e+001	
  4.6393000000000000e+009	 -2.3619140000000002e+001	
  4.6402000000000000e+009	 -2.3636720000000000e+001	
  4.6411000000000000e+009	 -2.3638670000000001e+001	
  4.6420000000000000e+009	 -2.3627929999999999e+001	
  4.6429000000000000e+009	 -2.3599609999999998e+001	
  4.6438000000000000e+009	 -2.3644530000000000e+001	
  4.6447000000000000e+009	 -2.3620110000000000e+001	
  4.6456000000000000e+009	 -2.3619140000000002e+001	
  4.6465000000000000e+009	 -2.3669920000000001e+001	
  4.6474000000000000e+009	 -2.3549800000000001e+001	
  4.6483000000000000e+009	 -2.3535160000000001e+001	
  4.6492000000000000e+009	 -2.3555669999999999e+001	
  4.6501000000000000e+009	 -2.3467770000000002e+001	
  4.6510000000000000e+009	 -2.3503900000000002e+001	
  4.6519000000000000e+009	 -2.3411130000000000e+001	
  4.6528000000000000e+009	 -2.3321290000000001e+001	
  4.6537000000000000e+009	 -2.3358400000000000e+001	
  4.6546000000000000e+009	 -2.3243169999999999e+001	
  4.6555000000000000e+009	 -2.3237300000000001e+001	
  4.6564000000000000e+009	 -2.3298829999999999e+001	
  4.6573000000000000e+009	 -2.3163080000000001e+001	
  4.6582000000000000e+009	 -2.3148440000000001e+001	
  4.6591000000000000e+009	 -2.3082030000000000e+001	
  4.6600000000000000e+009	 -2.3102540000000001e+001	
  4.6609000000000000e+009	 -2.3094729999999998e+001	
  4.6618000000000000e+009	 -2.3064450000000001e+001	
  4.6627000000000000e+009	 -2.3066410000000001e+001	
  4.6636000000000000e+009	 -2.3012699999999999e+001	
  4.6645000000000000e+009	 -2.3088870000000000e+001	
  4.6654000000000000e+009	 -2.3040040000000001e+001	
  4.6663000000000000e+009	 -2.3069330000000001e+001	
  4.6672000000000000e+009	 -2.3078119999999998e+001	
  4.6681000000000000e+009	 -2.3080079999999999e+001	
  4.6690000000000000e+009	 -2.3108400000000000e+001	
  4.6699000000000000e+009	 -2.3074220000000000e+001	
  4.6708000000000000e+009	 -2.3072270000000000e+001	
  4.6717000000000000e+009	 -2.3104489999999998e+001	
  4.6726000000000000e+009	 -2.3062500000000000e+001	
  4.6735000000000000e+009	 -2.3080079999999999e+001	
  4.6744000000000000e+009	 -2.3068359999999998e+001	
  4.6753000000000000e+009	 -2.3069330000000001e+001	
  4.6762000000000000e+009	 -2.3046880000000002e+001	
  4.6771000000000000e+009	 -2.3015619999999998e+001	
  4.6780000000000000e+009	 -2.3002929999999999e+001	
  4.6789000000000000e+009	 -2.2994140000000002e+001	
  4.6798000000000000e+009	 -2.2879880000000000e+001	
  4.6807000000000000e+009	 -2.2886720000000000e+001	
  4.6816000000000000e+009	 -2.2784179999999999e+001	
  4.6825000000000000e+009	 -2.2791989999999998e+001	
  4.6834000000000000e+009	 -2.2686520000000002e+001	
  4.6843000000000000e+009	 -2.2654290000000000e+001	
  4.6852000000000000e+009	 -2.2556640000000002e+001	
  4.6861000000000000e+009	 -2.2411130000000000e+001	
  4.6870000000000000e+009	 -2.2337890000000002e+001	
  4.6879000000000000e+009	 -2.2227540000000001e+001	
  4.6888000000000000e+009	 -2.2063469999999999e+001	
  4.6897000000000000e+009	 -2.2060549999999999e+001	
  4.6906000000000000e+009	 -2.1883790000000001e+001	
  4.6915000000000000e+009	 -2.1779290000000000e+001	
  4.6924000000000000e+009	 -2.1600580000000001e+001	
  4.6933000000000000e+009	 -2.1537109999999998e+001	
  4.6942000000000000e+009	 -2.1434570000000001e+001	
  4.6951000000000000e+009	 -2.1348630000000000e+001	
  4.6960000000000000e+009	 -2.1244140000000002e+001	
  4.6969000000000000e+009	 -2.1073239999999998e+001	
  4.6978000000000000e+009	 -2.0930660000000000e+001	
  4.6987000000000000e+009	 -2.0871089999999999e+001	
  4.6996000000000000e+009	 -2.0771480000000000e+001	
  4.7005000000000000e+009	 -2.0693359999999998e+001	
  4.7014000000000000e+009	 -2.0625979999999998e+001	
  4.7023000000000000e+009	 -2.0506830000000001e+001	
  4.7032000000000000e+009	 -2.0479489999999998e+001	
  4.7041000000000000e+009	 -2.0439450000000001e+001	
  4.7050000000000000e+009	 -2.0408200000000001e+001	
  4.7059000000000000e+009	 -2.0369140000000002e+001	
  4.7068000000000000e+009	 -2.0341799999999999e+001	
  4.7077000000000000e+009	 -2.0342770000000002e+001	
  4.7086000000000000e+009	 -2.0338860000000000e+001	
  4.7095000000000000e+009	 -2.0322270000000000e+001	
  4.7104000000000000e+009	 -2.0242190000000001e+001	
  4.7113000000000000e+009	 -2.0233400000000000e+001	
  4.7122000000000000e+009	 -2.0412109999999998e+001	
  4.7131000000000000e+009	 -2.0354489999999998e+001	
  4.7140000000000000e+009	 -2.0426749999999998e+001	
  4.7149000000000000e+009	 -2.0497070000000001e+001	
  4.7158000000000000e+009	 -2.0584959999999999e+001	
  4.7167000000000000e+009	 -2.0672850000000000e+001	
  4.7176000000000000e+009	 -2.0612300000000001e+001	
  4.7185000000000000e+009	 -2.0755859999999998e+001	
  4.7194000000000000e+009	 -2.0773430000000001e+001	
  4.7203000000000000e+009	 -2.0903320000000001e+001	
  4.7212000000000000e+009	 -2.0964839999999999e+001	
  4.7221000000000000e+009	 -2.0935540000000000e+001	
  4.7230000000000000e+009	 -2.0993160000000000e+001	
  4.7239000000000000e+009	 -2.1099609999999998e+001	
  4.7248000000000000e+009	 -2.1136720000000000e+001	
  4.7257000000000000e+009	 -2.1222650000000002e+001	
  4.7266000000000000e+009	 -2.1195309999999999e+001	
  4.7275000000000000e+009	 -2.1255859999999998e+001	
  4.7284000000000000e+009	 -2.1239260000000002e+001	
  4.7293000000000000e+009	 -2.1276360000000000e+001	
  4.7302000000000000e+009	 -2.1285160000000001e+001	
  4.7311000000000000e+009	 -2.1281250000000000e+001	
  4.7320000000000000e+009	 -2.1285160000000001e+001	
  4.7329000000000000e+009	 -2.1289059999999999e+001	
  4.7338000000000000e+009	 -2.1259770000000000e+001	
  4.7347000000000000e+009	 -2.1213870000000000e+001	
  4.7356000000000000e+009	 -2.1221679999999999e+001	
  4.7365000000000000e+009	 -2.1155270000000002e+001	
  4.7374000000000000e+009	 -2.1104489999999998e+001	
  4.7383000000000000e+009	 -2.1037109999999998e+001	
  4.7392000000000000e+009	 -2.1001950000000001e+001	
  4.7401000000000000e+009	 -2.0883790000000001e+001	
  4.7410000000000000e+009	 -2.0846679999999999e+001	
  4.7419000000000000e+009	 -2.0725580000000001e+001	
  4.7428000000000000e+009	 -2.0625979999999998e+001	
  4.7437000000000000e+009	 -2.0519530000000000e+001	
  4.7446000000000000e+009	 -2.0402339999999999e+001	
  4.7455000000000000e+009	 -2.0330079999999999e+001	
  4.7464000000000000e+009	 -2.0283200000000001e+001	
  4.7473000000000000e+009	 -2.0097660000000001e+001	
  4.7482000000000000e+009	 -1.9979489999999998e+001	
  4.7491000000000000e+009	 -1.9792970000000000e+001	
  4.7500000000000000e+009	 -1.9694340000000000e+001	
  4.7509000000000000e+009	 -1.9532229999999998e+001	
  4.7518000000000000e+009	 -1.9370120000000000e+001	
  4.7527000000000000e+009	 -1.9229489999999998e+001	
  4.7536000000000000e+009	 -1.9103520000000000e+001	
  4.7545000000000000e+009	 -1.8981439999999999e+001	
  4.7554000000000000e+009	 -1.8872070000000001e+001	
  4.7563000000000000e+009	 -1.8609369999999998e+001	
  4.7572000000000000e+009	 -1.8522459999999999e+001	
  4.7581000000000000e+009	 -1.8365230000000000e+001	
  4.7590000000000000e+009	 -1.8214839999999999e+001	
  4.7599000000000000e+009	 -1.8065429999999999e+001	
  4.7608000000000000e+009	 -1.7979489999999998e+001	
  4.7617000000000000e+009	 -1.7881830000000001e+001	
  4.7626000000000000e+009	 -1.7742190000000001e+001	
  4.7635000000000000e+009	 -1.7641600000000000e+001	
  4.7644000000000000e+009	 -1.7571290000000001e+001	
  4.7653000000000000e+009	 -1.7490230000000000e+001	
  4.7662000000000000e+009	 -1.7446290000000001e+001	
  4.7671000000000000e+009	 -1.7367190000000001e+001	
  4.7680000000000000e+009	 -1.7334959999999999e+001	
  4.7689000000000000e+009	 -1.7326170000000001e+001	
  4.7698000000000000e+009	 -1.7298829999999999e+001	
  4.7707000000000000e+009	 -1.7292970000000000e+001	
  4.7716000000000000e+009	 -1.7329100000000000e+001	
  4.7725000000000000e+009	 -1.7336910000000000e+001	
  4.7734000000000000e+009	 -1.7367190000000001e+001	
  4.7743000000000000e+009	 -1.7378900000000002e+001	
  4.7752000000000000e+009	 -1.7508790000000001e+001	
  4.7761000000000000e+009	 -1.7520510000000002e+001	
  4.7770000000000000e+009	 -1.7515619999999998e+001	
  4.7779000000000000e+009	 -1.7610350000000000e+001	
  4.7788000000000000e+009	 -1.7753910000000001e+001	
  4.7797000000000000e+009	 -1.7744140000000002e+001	
  4.7806000000000000e+009	 -1.7742190000000001e+001	
  4.7815000000000000e+009	 -1.7900390000000002e+001	
  4.7824000000000000e+009	 -1.8005859999999998e+001	
  4.7833000000000000e+009	 -1.8022459999999999e+001	
  4.7842000000000000e+009	 -1.8083010000000002e+001	
  4.7851000000000000e+009	 -1.8178709999999999e+001	
  4.7860000000000000e+009	 -1.8106439999999999e+001	
  4.7869000000000000e+009	 -1.8214839999999999e+001	
  4.7878000000000000e+009	 -1.8215820000000001e+001	
  4.7887000000000000e+009	 -1.8273440000000001e+001	
  4.7896000000000000e+009	 -1.8254880000000000e+001	
  4.7905000000000000e+009	 -1.8258790000000001e+001	
  4.7914000000000000e+009	 -1.8237300000000001e+001	
  4.7923000000000000e+009	 -1.8210940000000001e+001	
  4.7932000000000000e+009	 -1.8166989999999998e+001	
  4.7941000000000000e+009	 -1.8087890000000002e+001	
  4.7950000000000000e+009	 -1.8078119999999998e+001	
  4.7959000000000000e+009	 -1.7976559999999999e+001	
  4.7968000000000000e+009	 -1.7898440000000001e+001	
  4.7977000000000000e+009	 -1.7780270000000002e+001	
  4.7986000000000000e+009	 -1.7667970000000000e+001	
  4.7995000000000000e+009	 -1.7534179999999999e+001	
  4.8004000000000000e+009	 -1.7420900000000000e+001	
  4.8013000000000000e+009	 -1.7311520000000002e+001	
  4.8022000000000000e+009	 -1.7114260000000002e+001	
  4.8031000000000000e+009	 -1.6969729999999998e+001	
  4.8040000000000000e+009	 -1.6817380000000000e+001	
  4.8049000000000000e+009	 -1.6698239999999998e+001	
  4.8058000000000000e+009	 -1.6466799999999999e+001	
  4.8067000000000000e+009	 -1.6336910000000000e+001	
  4.8076000000000000e+009	 -1.6133790000000001e+001	
  4.8085000000000000e+009	 -1.6012689999999999e+001	
  4.8094000000000000e+009	 -1.5832030000000000e+001	
  4.8103000000000000e+009	 -1.5636720000000000e+001	
  4.8112000000000000e+009	 -1.5476559999999999e+001	
  4.8121000000000000e+009	 -1.5336910000000000e+001	
  4.8130000000000000e+009	 -1.5134280000000000e+001	
  4.8139000000000000e+009	 -1.4992680000000000e+001	
  4.8148000000000000e+009	 -1.4854490000000000e+001	
  4.8157000000000000e+009	 -1.4749510000000001e+001	
  4.8166000000000000e+009	 -1.4551760000000000e+001	
  4.8175000000000000e+009	 -1.4408200000000001e+001	
  4.8184000000000000e+009	 -1.4300780000000000e+001	
  4.8193000000000000e+009	 -1.4170410000000000e+001	
  4.8202000000000000e+009	 -1.4114260000000000e+001	
  4.8211000000000000e+009	 -1.4031250000000000e+001	
  4.8220000000000000e+009	 -1.3949710000000000e+001	
  4.8229000000000000e+009	 -1.3854490000000000e+001	
  4.8238000000000000e+009	 -1.3770020000000001e+001	
  4.8247000000000000e+009	 -1.3719730000000000e+001	
  4.8256000000000000e+009	 -1.3592770000000000e+001	
  4.8265000000000000e+009	 -1.3579100000000000e+001	
  4.8274000000000000e+009	 -1.3477539999999999e+001	
  4.8283000000000000e+009	 -1.3411130000000000e+001	
  4.8292000000000000e+009	 -1.3349610000000000e+001	
  4.8301000000000000e+009	 -1.3303220000000000e+001	
  4.8310000000000000e+009	 -1.3252929999999999e+001	
  4.8319000000000000e+009	 -1.3153810000000000e+001	
  4.8328000000000000e+009	 -1.3060549999999999e+001	
  4.8337000000000000e+009	 -1.2990720000000000e+001	
  4.8346000000000000e+009	 -1.2952150000000000e+001	
  4.8355000000000000e+009	 -1.2783200000000001e+001	
  4.8364000000000000e+009	 -1.2708010000000000e+001	
  4.8373000000000000e+009	 -1.2641600000000000e+001	
  4.8382000000000000e+009	 -1.2558109999999999e+001	
  4.8391000000000000e+009	 -1.2376460000000000e+001	
  4.8400000000000000e+009	 -1.2363280000000000e+001	
  4.8409000000000000e+009	 -1.2233890000000001e+001	
  4.8418000000000000e+009	 -1.2120609999999999e+001	
  4.8427000000000000e+009	 -1.1990230000000000e+001	
  4.8436000000000000e+009	 -1.1907230000000000e+001	
  4.8445000000000000e+009	 -1.1791990000000000e+001	
  4.8454000000000000e+009	 -1.1610840000000000e+001	
  4.8463000000000000e+009	 -1.1553220000000000e+001	
  4.8472000000000000e+009	 -1.1329590000000000e+001	
  4.8481000000000000e+009	 -1.1289059999999999e+001	
  4.8490000000000000e+009	 -1.1118650000000001e+001	
  4.8499000000000000e+009	 -1.0997560000000000e+001	
  4.8508000000000000e+009	 -1.0866700000000000e+001	
  4.8517000000000000e+009	 -1.0733400000000000e+001	
  4.8526000000000000e+009	 -1.0601559999999999e+001	
  4.8535000000000000e+009	 -1.0464359999999999e+001	
  4.8544000000000000e+009	 -1.0331540000000000e+001	
  4.8553000000000000e+009	 -1.0208500000000001e+001	
  4.8562000000000000e+009	 -1.0126950000000001e+001	
  4.8571000000000000e+009	 -1.0011720000000000e+001	
  4.8580000000000000e+009	 -9.9003910000000008e+000	
  4.8589000000000000e+009	 -9.7807619999999993e+000	
  4.8598000000000000e+009	 -9.6674799999999994e+000	
  4.8607000000000000e+009	 -9.5415039999999998e+000	
  4.8616000000000000e+009	 -9.4614259999999994e+000	
  4.8625000000000000e+009	 -9.3867189999999994e+000	
  4.8634000000000000e+009	 -9.2929689999999994e+000	
  4.8643000000000000e+009	 -9.1562500000000000e+000	
  4.8652000000000000e+009	 -9.0083009999999994e+000	
  4.8661000000000000e+009	 -8.9580079999999995e+000	
  4.8670000000000000e+009	 -8.8422850000000004e+000	
  4.8679000000000000e+009	 -8.7338869999999993e+000	
  4.8688000000000000e+009	 -8.6362299999999994e+000	
  4.8697000000000000e+009	 -8.5322270000000007e+000	
  4.8706000000000000e+009	 -8.4272460000000002e+000	
  4.8715000000000000e+009	 -8.3544920000000005e+000	
  4.8724000000000000e+009	 -8.2661130000000007e+000	
  4.8733000000000000e+009	 -8.0864259999999994e+000	
  4.8742000000000000e+009	 -8.0278320000000001e+000	
  4.8751000000000000e+009	 -7.8793949999999997e+000	
  4.8760000000000000e+009	 -7.7512210000000001e+000	
  4.8769000000000000e+009	 -7.6447750000000001e+000	
  4.8778000000000000e+009	 -7.6091309999999996e+000	
  4.8787000000000000e+009	 -7.5239260000000003e+000	
  4.8796000000000000e+009	 -7.4611820000000000e+000	
  4.8805000000000000e+009	 -7.3894039999999999e+000	
  4.8814000000000000e+009	 -7.3381350000000003e+000	
  4.8823000000000000e+009	 -7.3186039999999997e+000	
  4.8832000000000000e+009	 -7.3073730000000001e+000	
  4.8841000000000000e+009	 -7.2617190000000003e+000	
  4.8850000000000000e+009	 -7.2744140000000002e+000	
  4.8859000000000000e+009	 -7.2590329999999996e+000	
  4.8868000000000000e+009	 -7.3100589999999999e+000	
  4.8877000000000000e+009	 -7.3591309999999996e+000	
  4.8886000000000000e+009	 -7.3757320000000002e+000	
  4.8895000000000000e+009	 -7.4499510000000004e+000	
  4.8904000000000000e+009	 -7.4460449999999998e+000	
  4.8913000000000000e+009	 -7.5004879999999998e+000	
  4.8922000000000000e+009	 -7.6147460000000002e+000	
  4.8931000000000000e+009	 -7.6198730000000001e+000	
  4.8940000000000000e+009	 -7.7075199999999997e+000	
  4.8949000000000000e+009	 -7.7963870000000002e+000	
  4.8958000000000000e+009	 -7.7939449999999999e+000	
  4.8967000000000000e+009	 -7.8999020000000000e+000	
  4.8976000000000000e+009	 -7.9729000000000001e+000	
  4.8985000000000000e+009	 -7.9418949999999997e+000	
  4.8994000000000000e+009	 -8.0288090000000008e+000	
  4.9003000000000000e+009	 -8.0532229999999991e+000	
  4.9012000000000000e+009	 -8.2119140000000002e+000	
  4.9021000000000000e+009	 -8.2915039999999998e+000	
  4.9030000000000000e+009	 -8.2656250000000000e+000	
  4.9039000000000000e+009	 -8.3095700000000008e+000	
  4.9048000000000000e+009	 -8.3691410000000008e+000	
  4.9057000000000000e+009	 -8.4179689999999994e+000	
  4.9066000000000000e+009	 -8.5087890000000002e+000	
  4.9075000000000000e+009	 -8.5561520000000009e+000	
  4.9084000000000000e+009	 -8.6323240000000006e+000	
  4.9093000000000000e+009	 -8.7055659999999992e+000	
  4.9102000000000000e+009	 -8.7846679999999999e+000	
  4.9111000000000000e+009	 -8.8730469999999997e+000	
  4.9120000000000000e+009	 -8.9868159999999992e+000	
  4.9129000000000000e+009	 -9.0927729999999993e+000	
  4.9138000000000000e+009	 -9.1708979999999993e+000	
  4.9147000000000000e+009	 -9.3095700000000008e+000	
  4.9156000000000000e+009	 -9.4233399999999996e+000	
  4.9165000000000000e+009	 -9.5976560000000006e+000	
  4.9174000000000000e+009	 -9.7080079999999995e+000	
  4.9183000000000000e+009	 -9.8735350000000004e+000	
  4.9192000000000000e+009	 -1.0060549999999999e+001	
  4.9201000000000000e+009	 -1.0250489999999999e+001	
  4.9210000000000000e+009	 -1.0437500000000000e+001	
  4.9219000000000000e+009	 -1.0668460000000000e+001	
  4.9228000000000000e+009	 -1.0812989999999999e+001	
  4.9237000000000000e+009	 -1.0927250000000001e+001	
  4.9246000000000000e+009	 -1.1236820000000000e+001	
  4.9255000000000000e+009	 -1.1478030000000000e+001	
  4.9264000000000000e+009	 -1.1679690000000001e+001	
  4.9273000000000000e+009	 -1.1942380000000000e+001	
  4.9282000000000000e+009	 -1.2118650000000001e+001	
  4.9291000000000000e+009	 -1.2378909999999999e+001	
  4.9300000000000000e+009	 -1.2594239999999999e+001	
  4.9309000000000000e+009	 -1.2801270000000001e+001	
  4.9318000000000000e+009	 -1.3036619999999999e+001	
  4.9327000000000000e+009	 -1.3262210000000000e+001	
  4.9336000000000000e+009	 -1.3473140000000001e+001	
  4.9345000000000000e+009	 -1.3684080000000000e+001	
  4.9354000000000000e+009	 -1.3892580000000001e+001	
  4.9363000000000000e+009	 -1.4098630000000000e+001	
  4.9372000000000000e+009	 -1.4301270000000001e+001	
  4.9381000000000000e+009	 -1.4493160000000000e+001	
  4.9390000000000000e+009	 -1.4672850000000000e+001	
  4.9399000000000000e+009	 -1.4849610000000000e+001	
  4.9408000000000000e+009	 -1.5041990000000000e+001	
  4.9417000000000000e+009	 -1.5181150000000001e+001	
  4.9426000000000000e+009	 -1.5354979999999999e+001	
  4.9435000000000000e+009	 -1.5463870000000000e+001	
  4.9444000000000000e+009	 -1.5628909999999999e+001	
  4.9453000000000000e+009	 -1.5766109999999999e+001	
  4.9462000000000000e+009	 -1.5828609999999999e+001	
  4.9471000000000000e+009	 -1.5951660000000000e+001	
  4.9480000000000000e+009	 -1.6056640000000002e+001	
  4.9489000000000000e+009	 -1.6139650000000000e+001	
  4.9498000000000000e+009	 -1.6254880000000000e+001	
  4.9507000000000000e+009	 -1.6374020000000002e+001	
  4.9516000000000000e+009	 -1.6340820000000001e+001	
  4.9525000000000000e+009	 -1.6402339999999999e+001	
  4.9534000000000000e+009	 -1.6473630000000000e+001	
  4.9543000000000000e+009	 -1.6546869999999998e+001	
  4.9552000000000000e+009	 -1.6520510000000002e+001	
  4.9561000000000000e+009	 -1.6586910000000000e+001	
  4.9570000000000000e+009	 -1.6578119999999998e+001	
  4.9579000000000000e+009	 -1.6514650000000000e+001	
  4.9588000000000000e+009	 -1.6482420000000001e+001	
  4.9597000000000000e+009	 -1.6568359999999998e+001	
  4.9606000000000000e+009	 -1.6559570000000001e+001	
  4.9615000000000000e+009	 -1.6556640000000002e+001	
  4.9624000000000000e+009	 -1.6462890000000002e+001	
  4.9633000000000000e+009	 -1.6427730000000000e+001	
  4.9642000000000000e+009	 -1.6420900000000000e+001	
  4.9651000000000000e+009	 -1.6409179999999999e+001	
  4.9660000000000000e+009	 -1.6365230000000000e+001	
  4.9669000000000000e+009	 -1.6355470000000000e+001	
  4.9678000000000000e+009	 -1.6309570000000001e+001	
  4.9687000000000000e+009	 -1.6290040000000001e+001	
  4.9696000000000000e+009	 -1.6260739999999998e+001	
  4.9705000000000000e+009	 -1.6254880000000000e+001	
  4.9714000000000000e+009	 -1.6245120000000000e+001	
  4.9723000000000000e+009	 -1.6242190000000001e+001	
  4.9732000000000000e+009	 -1.6310549999999999e+001	
  4.9741000000000000e+009	 -1.6311520000000002e+001	
  4.9750000000000000e+009	 -1.6371089999999999e+001	
  4.9759000000000000e+009	 -1.6423829999999999e+001	
  4.9768000000000000e+009	 -1.6500979999999998e+001	
  4.9777000000000000e+009	 -1.6543939999999999e+001	
  4.9786000000000000e+009	 -1.6641600000000000e+001	
  4.9795000000000000e+009	 -1.6787109999999998e+001	
  4.9804000000000000e+009	 -1.6891600000000000e+001	
  4.9813000000000000e+009	 -1.6942380000000000e+001	
  4.9822000000000000e+009	 -1.7143550000000001e+001	
  4.9831000000000000e+009	 -1.7274410000000000e+001	
  4.9840000000000000e+009	 -1.7432620000000000e+001	
  4.9849000000000000e+009	 -1.7583980000000000e+001	
  4.9858000000000000e+009	 -1.7718750000000000e+001	
  4.9867000000000000e+009	 -1.7903320000000001e+001	
  4.9876000000000000e+009	 -1.8078119999999998e+001	
  4.9885000000000000e+009	 -1.8209959999999999e+001	
  4.9894000000000000e+009	 -1.8467770000000002e+001	
  4.9903000000000000e+009	 -1.8588870000000000e+001	
  4.9912000000000000e+009	 -1.8823239999999998e+001	
  4.9921000000000000e+009	 -1.8989260000000002e+001	
  4.9930000000000000e+009	 -1.9095700000000001e+001	
  4.9939000000000000e+009	 -1.9289059999999999e+001	
  4.9948000000000000e+009	 -1.9427730000000000e+001	
  4.9957000000000000e+009	 -1.9541020000000000e+001	
  4.9966000000000000e+009	 -1.9686520000000002e+001	
  4.9975000000000000e+009	 -1.9857420000000001e+001	
  4.9984000000000000e+009	 -1.9977540000000001e+001	
  4.9993000000000000e+009	 -2.0077150000000000e+001	
  5.0002000000000000e+009	 -2.0192380000000000e+001	
  5.0011000000000000e+009	 -2.0265619999999998e+001	
  5.0020000000000000e+009	 -2.0347660000000001e+001	
  5.0029000000000000e+009	 -2.0439450000000001e+001	
  5.0038000000000000e+009	 -2.0482420000000001e+001	
  5.0047000000000000e+009	 -2.0559570000000001e+001	
  5.0056000000000000e+009	 -2.0603510000000000e+001	
  5.0065000000000000e+009	 -2.0663080000000001e+001	
  5.0074000000000000e+009	 -2.0749020000000002e+001	
  5.0083000000000000e+009	 -2.0753900000000002e+001	
  5.0092000000000000e+009	 -2.0703130000000002e+001	
  5.0101000000000000e+009	 -2.0756840000000000e+001	
  5.0110000000000000e+009	 -2.0793939999999999e+001	
  5.0119000000000000e+009	 -2.0766600000000000e+001	
  5.0128000000000000e+009	 -2.0769530000000000e+001	
  5.0137000000000000e+009	 -2.0826170000000001e+001	
  5.0146000000000000e+009	 -2.0717770000000002e+001	
  5.0155000000000000e+009	 -2.0803709999999999e+001	
  5.0164000000000000e+009	 -2.0742190000000001e+001	
  5.0173000000000000e+009	 -2.0745120000000000e+001	
  5.0182000000000000e+009	 -2.0753900000000002e+001	
  5.0191000000000000e+009	 -2.0744140000000002e+001	
  5.0200000000000000e+009	 -2.0745120000000000e+001	
  5.0209000000000000e+009	 -2.0766600000000000e+001	
  5.0218000000000000e+009	 -2.0692380000000000e+001	
  5.0227000000000000e+009	 -2.0730470000000000e+001	
  5.0236000000000000e+009	 -2.0729489999999998e+001	
  5.0245000000000000e+009	 -2.0754880000000000e+001	
  5.0254000000000000e+009	 -2.0750979999999998e+001	
  5.0263000000000000e+009	 -2.0786130000000000e+001	
  5.0272000000000000e+009	 -2.0779290000000000e+001	
  5.0281000000000000e+009	 -2.0741209999999999e+001	
  5.0290000000000000e+009	 -2.0771480000000000e+001	
  5.0299000000000000e+009	 -2.0750000000000000e+001	
  5.0308000000000000e+009	 -2.0780270000000002e+001	
  5.0317000000000000e+009	 -2.0772459999999999e+001	
  5.0326000000000000e+009	 -2.0785160000000001e+001	
  5.0335000000000000e+009	 -2.0831060000000001e+001	
  5.0344000000000000e+009	 -2.0813469999999999e+001	
  5.0353000000000000e+009	 -2.0817380000000000e+001	
  5.0362000000000000e+009	 -2.0850590000000000e+001	
  5.0371000000000000e+009	 -2.0840820000000001e+001	
  5.0380000000000000e+009	 -2.0796880000000002e+001	
  5.0389000000000000e+009	 -2.0870120000000000e+001	
  5.0398000000000000e+009	 -2.0873049999999999e+001	
  5.0407000000000000e+009	 -2.0870120000000000e+001	
  5.0416000000000000e+009	 -2.0827150000000000e+001	
  5.0425000000000000e+009	 -2.0866209999999999e+001	
  5.0434000000000000e+009	 -2.0893550000000001e+001	
  5.0443000000000000e+009	 -2.0903320000000001e+001	
  5.0452000000000000e+009	 -2.0895499999999998e+001	
  5.0461000000000000e+009	 -2.0926760000000002e+001	
  5.0470000000000000e+009	 -2.0833980000000000e+001	
  5.0479000000000000e+009	 -2.0915040000000001e+001	
  5.0488000000000000e+009	 -2.0977540000000001e+001	
  5.0497000000000000e+009	 -2.0986329999999999e+001	
  5.0506000000000000e+009	 -2.0948239999999998e+001	
  5.0515000000000000e+009	 -2.0961910000000000e+001	
  5.0524000000000000e+009	 -2.0969719999999999e+001	
  5.0533000000000000e+009	 -2.0990230000000000e+001	
  5.0542000000000000e+009	 -2.1040040000000001e+001	
  5.0551000000000000e+009	 -2.1097660000000001e+001	
  5.0560000000000000e+009	 -2.1130859999999998e+001	
  5.0569000000000000e+009	 -2.1194330000000001e+001	
  5.0578000000000000e+009	 -2.1219729999999998e+001	
  5.0587000000000000e+009	 -2.1303709999999999e+001	
  5.0596000000000000e+009	 -2.1371089999999999e+001	
  5.0605000000000000e+009	 -2.1441410000000001e+001	
  5.0614000000000000e+009	 -2.1509770000000000e+001	
  5.0623000000000000e+009	 -2.1618160000000000e+001	
  5.0632000000000000e+009	 -2.1723630000000000e+001	
  5.0641000000000000e+009	 -2.1805660000000000e+001	
  5.0650000000000000e+009	 -2.1913080000000001e+001	
  5.0659000000000000e+009	 -2.2010739999999998e+001	
  5.0668000000000000e+009	 -2.2123049999999999e+001	
  5.0677000000000000e+009	 -2.2268550000000001e+001	
  5.0686000000000000e+009	 -2.2386720000000000e+001	
  5.0695000000000000e+009	 -2.2501950000000001e+001	
  5.0704000000000000e+009	 -2.2645510000000002e+001	
  5.0713000000000000e+009	 -2.2750969999999999e+001	
  5.0722000000000000e+009	 -2.2797850000000000e+001	
  5.0731000000000000e+009	 -2.2948239999999998e+001	
  5.0740000000000000e+009	 -2.3057620000000000e+001	
  5.0749000000000000e+009	 -2.3145510000000002e+001	
  5.0758000000000000e+009	 -2.3273430000000001e+001	
  5.0767000000000000e+009	 -2.3279290000000000e+001	
  5.0776000000000000e+009	 -2.3381830000000001e+001	
  5.0785000000000000e+009	 -2.3398440000000001e+001	
  5.0794000000000000e+009	 -2.3565429999999999e+001	
  5.0803000000000000e+009	 -2.3624020000000002e+001	
  5.0812000000000000e+009	 -2.3668939999999999e+001	
  5.0821000000000000e+009	 -2.3769530000000000e+001	
  5.0830000000000000e+009	 -2.3761720000000000e+001	
  5.0839000000000000e+009	 -2.3827150000000000e+001	
  5.0848000000000000e+009	 -2.3847660000000001e+001	
  5.0857000000000000e+009	 -2.3957030000000000e+001	
  5.0866000000000000e+009	 -2.3930660000000000e+001	
  5.0875000000000000e+009	 -2.3951170000000001e+001	
  5.0884000000000000e+009	 -2.3921880000000002e+001	
  5.0893000000000000e+009	 -2.3946290000000001e+001	
  5.0902000000000000e+009	 -2.3863280000000000e+001	
  5.0911000000000000e+009	 -2.3887699999999999e+001	
  5.0920000000000000e+009	 -2.3869140000000002e+001	
  5.0929000000000000e+009	 -2.3838870000000000e+001	
  5.0938000000000000e+009	 -2.3782219999999999e+001	
  5.0947000000000000e+009	 -2.3737300000000001e+001	
  5.0956000000000000e+009	 -2.3648440000000001e+001	
  5.0965000000000000e+009	 -2.3603520000000000e+001	
  5.0974000000000000e+009	 -2.3517579999999999e+001	
  5.0983000000000000e+009	 -2.3466799999999999e+001	
  5.0992000000000000e+009	 -2.3371089999999999e+001	
  5.1001000000000000e+009	 -2.3239249999999998e+001	
  5.1010000000000000e+009	 -2.3134770000000000e+001	
  5.1019000000000000e+009	 -2.3005859999999998e+001	
  5.1028000000000000e+009	 -2.2878900000000002e+001	
  5.1037000000000000e+009	 -2.2773440000000001e+001	
  5.1046000000000000e+009	 -2.2702150000000000e+001	
  5.1055000000000000e+009	 -2.2579100000000000e+001	
  5.1064000000000000e+009	 -2.2509770000000000e+001	
  5.1073000000000000e+009	 -2.2376950000000001e+001	
  5.1082000000000000e+009	 -2.2258790000000001e+001	
  5.1091000000000000e+009	 -2.2201170000000001e+001	
  5.1100000000000000e+009	 -2.2108400000000000e+001	
  5.1109000000000000e+009	 -2.2011720000000000e+001	
  5.1118000000000000e+009	 -2.1929690000000001e+001	
  5.1127000000000000e+009	 -2.1928709999999999e+001	
  5.1136000000000000e+009	 -2.1936520000000002e+001	
  5.1145000000000000e+009	 -2.1766600000000000e+001	
  5.1154000000000000e+009	 -2.1794920000000001e+001	
  5.1163000000000000e+009	 -2.1805660000000000e+001	
  5.1172000000000000e+009	 -2.1790040000000001e+001	
  5.1181000000000000e+009	 -2.1909179999999999e+001	
  5.1190000000000000e+009	 -2.1878910000000001e+001	
  5.1199000000000000e+009	 -2.1906250000000000e+001	
  5.1208000000000000e+009	 -2.1991209999999999e+001	
  5.1217000000000000e+009	 -2.2037109999999998e+001	
  5.1226000000000000e+009	 -2.2139650000000000e+001	
  5.1235000000000000e+009	 -2.2241209999999999e+001	
  5.1244000000000000e+009	 -2.2300780000000000e+001	
  5.1253000000000000e+009	 -2.2449220000000000e+001	
  5.1262000000000000e+009	 -2.2563479999999998e+001	
  5.1271000000000000e+009	 -2.2685549999999999e+001	
  5.1280000000000000e+009	 -2.2822270000000000e+001	
  5.1289000000000000e+009	 -2.2976559999999999e+001	
  5.1298000000000000e+009	 -2.3080079999999999e+001	
  5.1307000000000000e+009	 -2.3206050000000001e+001	
  5.1316000000000000e+009	 -2.3383790000000001e+001	
  5.1325000000000000e+009	 -2.3519530000000000e+001	
  5.1334000000000000e+009	 -2.3639650000000000e+001	
  5.1343000000000000e+009	 -2.3779299999999999e+001	
  5.1352000000000000e+009	 -2.3907229999999998e+001	
  5.1361000000000000e+009	 -2.3976559999999999e+001	
  5.1370000000000000e+009	 -2.4128900000000002e+001	
  5.1379000000000000e+009	 -2.4201170000000001e+001	
  5.1388000000000000e+009	 -2.4281250000000000e+001	
  5.1397000000000000e+009	 -2.4379880000000000e+001	
  5.1406000000000000e+009	 -2.4433589999999999e+001	
  5.1415000000000000e+009	 -2.4580079999999999e+001	
  5.1424000000000000e+009	 -2.4619140000000002e+001	
  5.1433000000000000e+009	 -2.4702150000000000e+001	
  5.1442000000000000e+009	 -2.4726559999999999e+001	
  5.1451000000000000e+009	 -2.4727540000000001e+001	
  5.1460000000000000e+009	 -2.4761710000000001e+001	
  5.1469000000000000e+009	 -2.4787109999999998e+001	
  5.1478000000000000e+009	 -2.4808589999999999e+001	
  5.1487000000000000e+009	 -2.4815429999999999e+001	
  5.1496000000000000e+009	 -2.4761710000000001e+001	
  5.1505000000000000e+009	 -2.4682620000000000e+001	
  5.1514000000000000e+009	 -2.4712890000000002e+001	
  5.1523000000000000e+009	 -2.4583980000000000e+001	
  5.1532000000000000e+009	 -2.4562500000000000e+001	
  5.1541000000000000e+009	 -2.4506840000000000e+001	
  5.1550000000000000e+009	 -2.4436520000000002e+001	
  5.1559000000000000e+009	 -2.4336910000000000e+001	
  5.1568000000000000e+009	 -2.4241209999999999e+001	
  5.1577000000000000e+009	 -2.4119140000000002e+001	
  5.1586000000000000e+009	 -2.4027339999999999e+001	
  5.1595000000000000e+009	 -2.3949220000000000e+001	
  5.1604000000000000e+009	 -2.3839839999999999e+001	
  5.1613000000000000e+009	 -2.3721679999999999e+001	
  5.1622000000000000e+009	 -2.3668939999999999e+001	
  5.1631000000000000e+009	 -2.3566400000000002e+001	
  5.1640000000000000e+009	 -2.3458010000000002e+001	
  5.1649000000000000e+009	 -2.3339839999999999e+001	
  5.1658000000000000e+009	 -2.3282229999999998e+001	
  5.1667000000000000e+009	 -2.3235350000000000e+001	
  5.1676000000000000e+009	 -2.3141600000000000e+001	
  5.1685000000000000e+009	 -2.3104489999999998e+001	
  5.1694000000000000e+009	 -2.3107420000000001e+001	
  5.1703000000000000e+009	 -2.3077150000000000e+001	
  5.1712000000000000e+009	 -2.3056640000000002e+001	
  5.1721000000000000e+009	 -2.3154299999999999e+001	
  5.1730000000000000e+009	 -2.3127929999999999e+001	
  5.1739000000000000e+009	 -2.3180660000000000e+001	
  5.1748000000000000e+009	 -2.3278320000000001e+001	
  5.1757000000000000e+009	 -2.3250000000000000e+001	
  5.1766000000000000e+009	 -2.3417970000000000e+001	
  5.1775000000000000e+009	 -2.3491209999999999e+001	
  5.1784000000000000e+009	 -2.3507809999999999e+001	
  5.1793000000000000e+009	 -2.3639650000000000e+001	
  5.1802000000000000e+009	 -2.3750000000000000e+001	
  5.1811000000000000e+009	 -2.3892579999999999e+001	
  5.1820000000000000e+009	 -2.3981439999999999e+001	
  5.1829000000000000e+009	 -2.4132809999999999e+001	
  5.1838000000000000e+009	 -2.4269530000000000e+001	
  5.1847000000000000e+009	 -2.4401360000000000e+001	
  5.1856000000000000e+009	 -2.4551749999999998e+001	
  5.1865000000000000e+009	 -2.4637689999999999e+001	
  5.1874000000000000e+009	 -2.4803709999999999e+001	
  5.1883000000000000e+009	 -2.4956050000000001e+001	
  5.1892000000000000e+009	 -2.5062500000000000e+001	
  5.1901000000000000e+009	 -2.5194330000000001e+001	
  5.1910000000000000e+009	 -2.5326170000000001e+001	
  5.1919000000000000e+009	 -2.5461910000000000e+001	
  5.1928000000000000e+009	 -2.5540040000000001e+001	
  5.1937000000000000e+009	 -2.5655270000000002e+001	
  5.1946000000000000e+009	 -2.5766600000000000e+001	
  5.1955000000000000e+009	 -2.5840820000000001e+001	
  5.1964000000000000e+009	 -2.5968750000000000e+001	
  5.1973000000000000e+009	 -2.6054690000000001e+001	
  5.1982000000000000e+009	 -2.6074220000000000e+001	
  5.1991000000000000e+009	 -2.6210940000000001e+001	
  5.2000000000000000e+009	 -2.6232420000000001e+001	
