  4.5000000000000000e+009	 -2.3441410000000001e+001	
  4.5010000000000000e+009	 -2.3341790000000000e+001	
  4.5020000000000000e+009	 -2.3330079999999999e+001	
  4.5030000000000000e+009	 -2.3306640000000002e+001	
  4.5040000000000000e+009	 -2.3327150000000000e+001	
  4.5050000000000000e+009	 -2.3357420000000001e+001	
  4.5060000000000000e+009	 -2.3374020000000002e+001	
  4.5070000000000000e+009	 -2.3417970000000000e+001	
  4.5080000000000000e+009	 -2.3470700000000001e+001	
  4.5090000000000000e+009	 -2.3562500000000000e+001	
  4.5100000000000000e+009	 -2.3632809999999999e+001	
  4.5110000000000000e+009	 -2.3732420000000001e+001	
  4.5120000000000000e+009	 -2.3850580000000001e+001	
  4.5130000000000000e+009	 -2.3948239999999998e+001	
  4.5140000000000000e+009	 -2.4109369999999998e+001	
  4.5150000000000000e+009	 -2.4199220000000000e+001	
  4.5160000000000000e+009	 -2.4319330000000001e+001	
  4.5170000000000000e+009	 -2.4442380000000000e+001	
  4.5180000000000000e+009	 -2.4556640000000002e+001	
  4.5190000000000000e+009	 -2.4616209999999999e+001	
  4.5200000000000000e+009	 -2.4723630000000000e+001	
  4.5210000000000000e+009	 -2.4783200000000001e+001	
  4.5220000000000000e+009	 -2.4864249999999998e+001	
  4.5230000000000000e+009	 -2.4916989999999998e+001	
  4.5240000000000000e+009	 -2.5017579999999999e+001	
  4.5250000000000000e+009	 -2.4932610000000000e+001	
  4.5260000000000000e+009	 -2.4955079999999999e+001	
  4.5270000000000000e+009	 -2.4998040000000000e+001	
  4.5280000000000000e+009	 -2.4957030000000000e+001	
  4.5290000000000000e+009	 -2.4928709999999999e+001	
  4.5300000000000000e+009	 -2.4809570000000001e+001	
  4.5310000000000000e+009	 -2.4697270000000000e+001	
  4.5320000000000000e+009	 -2.4545900000000000e+001	
  4.5330000000000000e+009	 -2.4481439999999999e+001	
  4.5340000000000000e+009	 -2.4272459999999999e+001	
  4.5350000000000000e+009	 -2.4077150000000000e+001	
  4.5360000000000000e+009	 -2.3798829999999999e+001	
  4.5370000000000000e+009	 -2.3528320000000001e+001	
  4.5380000000000000e+009	 -2.3204100000000000e+001	
  4.5390000000000000e+009	 -2.2889650000000000e+001	
  4.5400000000000000e+009	 -2.2548829999999999e+001	
  4.5410000000000000e+009	 -2.2319340000000000e+001	
  4.5420000000000000e+009	 -2.2376950000000001e+001	
  4.5430000000000000e+009	 -2.3003910000000001e+001	
  4.5440000000000000e+009	 -2.4549800000000001e+001	
  4.5450000000000000e+009	 -2.6652339999999999e+001	
  4.5460000000000000e+009	 -2.8419920000000001e+001	
  4.5470000000000000e+009	 -2.9126950000000001e+001	
  4.5480000000000000e+009	 -2.8868160000000000e+001	
  4.5490000000000000e+009	 -2.8304690000000001e+001	
  4.5500000000000000e+009	 -2.7657219999999999e+001	
  4.5510000000000000e+009	 -2.7013670000000001e+001	
  4.5520000000000000e+009	 -2.6583980000000000e+001	
  4.5530000000000000e+009	 -2.6130859999999998e+001	
  4.5540000000000000e+009	 -2.5792970000000000e+001	
  4.5550000000000000e+009	 -2.5383790000000001e+001	
  4.5560000000000000e+009	 -2.5181640000000002e+001	
  4.5570000000000000e+009	 -2.4903320000000001e+001	
  4.5580000000000000e+009	 -2.4765630000000002e+001	
  4.5590000000000000e+009	 -2.4583980000000000e+001	
  4.5600000000000000e+009	 -2.4424800000000001e+001	
  4.5610000000000000e+009	 -2.4224609999999998e+001	
  4.5620000000000000e+009	 -2.4248049999999999e+001	
  4.5630000000000000e+009	 -2.4135739999999998e+001	
  4.5640000000000000e+009	 -2.4086910000000000e+001	
  4.5650000000000000e+009	 -2.4043939999999999e+001	
  4.5660000000000000e+009	 -2.4019530000000000e+001	
  4.5670000000000000e+009	 -2.4049800000000001e+001	
  4.5680000000000000e+009	 -2.4068359999999998e+001	
  4.5690000000000000e+009	 -2.4068359999999998e+001	
  4.5700000000000000e+009	 -2.4132809999999999e+001	
  4.5710000000000000e+009	 -2.4149410000000000e+001	
  4.5720000000000000e+009	 -2.4229489999999998e+001	
  4.5730000000000000e+009	 -2.4297850000000000e+001	
  4.5740000000000000e+009	 -2.4394530000000000e+001	
  4.5750000000000000e+009	 -2.4452150000000000e+001	
  4.5760000000000000e+009	 -2.4552730000000000e+001	
  4.5770000000000000e+009	 -2.4622070000000001e+001	
  4.5780000000000000e+009	 -2.4727540000000001e+001	
  4.5790000000000000e+009	 -2.4791010000000000e+001	
  4.5800000000000000e+009	 -2.4888670000000001e+001	
  4.5810000000000000e+009	 -2.4943359999999998e+001	
  4.5820000000000000e+009	 -2.5035150000000002e+001	
  4.5830000000000000e+009	 -2.5058589999999999e+001	
  4.5840000000000000e+009	 -2.5109369999999998e+001	
  4.5850000000000000e+009	 -2.5202150000000000e+001	
  4.5860000000000000e+009	 -2.5227540000000001e+001	
  4.5870000000000000e+009	 -2.5278320000000001e+001	
  4.5880000000000000e+009	 -2.5297850000000000e+001	
  4.5890000000000000e+009	 -2.5383790000000001e+001	
  4.5900000000000000e+009	 -2.5460930000000001e+001	
  4.5910000000000000e+009	 -2.5382809999999999e+001	
  4.5920000000000000e+009	 -2.5331050000000001e+001	
  4.5930000000000000e+009	 -2.5330079999999999e+001	
  4.5940000000000000e+009	 -2.5298819999999999e+001	
  4.5950000000000000e+009	 -2.5286130000000000e+001	
  4.5960000000000000e+009	 -2.5273440000000001e+001	
  4.5970000000000000e+009	 -2.5250000000000000e+001	
  4.5980000000000000e+009	 -2.5133790000000001e+001	
  4.5990000000000000e+009	 -2.5074210000000001e+001	
  4.6000000000000000e+009	 -2.4976559999999999e+001	
  4.6010000000000000e+009	 -2.4892579999999999e+001	
  4.6020000000000000e+009	 -2.4814450000000001e+001	
  4.6030000000000000e+009	 -2.4667970000000000e+001	
  4.6040000000000000e+009	 -2.4583980000000000e+001	
  4.6050000000000000e+009	 -2.4420900000000000e+001	
  4.6060000000000000e+009	 -2.4256830000000001e+001	
  4.6070000000000000e+009	 -2.4133790000000001e+001	
  4.6080000000000000e+009	 -2.3991209999999999e+001	
  4.6090000000000000e+009	 -2.3855470000000000e+001	
  4.6100000000000000e+009	 -2.3714839999999999e+001	
  4.6110000000000000e+009	 -2.3560549999999999e+001	
  4.6120000000000000e+009	 -2.3409179999999999e+001	
  4.6130000000000000e+009	 -2.3299800000000001e+001	
  4.6140000000000000e+009	 -2.3186520000000002e+001	
  4.6150000000000000e+009	 -2.3053709999999999e+001	
  4.6160000000000000e+009	 -2.2941400000000002e+001	
  4.6170000000000000e+009	 -2.2823239999999998e+001	
  4.6180000000000000e+009	 -2.2784179999999999e+001	
  4.6190000000000000e+009	 -2.2656250000000000e+001	
  4.6200000000000000e+009	 -2.2620120000000000e+001	
  4.6210000000000000e+009	 -2.2568359999999998e+001	
  4.6220000000000000e+009	 -2.2517579999999999e+001	
  4.6230000000000000e+009	 -2.2544920000000001e+001	
  4.6240000000000000e+009	 -2.2493160000000000e+001	
  4.6250000000000000e+009	 -2.2507809999999999e+001	
  4.6260000000000000e+009	 -2.2510739999999998e+001	
  4.6270000000000000e+009	 -2.2486329999999999e+001	
  4.6280000000000000e+009	 -2.2487300000000001e+001	
  4.6290000000000000e+009	 -2.2601559999999999e+001	
  4.6300000000000000e+009	 -2.2639650000000000e+001	
  4.6310000000000000e+009	 -2.2688469999999999e+001	
  4.6320000000000000e+009	 -2.2723630000000000e+001	
  4.6330000000000000e+009	 -2.2780270000000002e+001	
  4.6340000000000000e+009	 -2.2839839999999999e+001	
  4.6350000000000000e+009	 -2.2822270000000000e+001	
  4.6360000000000000e+009	 -2.2858400000000000e+001	
  4.6370000000000000e+009	 -2.2961910000000000e+001	
  4.6380000000000000e+009	 -2.2981439999999999e+001	
  4.6390000000000000e+009	 -2.3010739999999998e+001	
  4.6400000000000000e+009	 -2.3013670000000001e+001	
  4.6410000000000000e+009	 -2.3032229999999998e+001	
  4.6420000000000000e+009	 -2.3051760000000002e+001	
  4.6430000000000000e+009	 -2.3058589999999999e+001	
  4.6440000000000000e+009	 -2.3021480000000000e+001	
  4.6450000000000000e+009	 -2.3026370000000000e+001	
  4.6460000000000000e+009	 -2.3042970000000000e+001	
  4.6470000000000000e+009	 -2.2988280000000000e+001	
  4.6480000000000000e+009	 -2.2951170000000001e+001	
  4.6490000000000000e+009	 -2.2971679999999999e+001	
  4.6500000000000000e+009	 -2.2975580000000001e+001	
  4.6510000000000000e+009	 -2.2876950000000001e+001	
  4.6520000000000000e+009	 -2.2858400000000000e+001	
  4.6530000000000000e+009	 -2.2804680000000001e+001	
  4.6540000000000000e+009	 -2.2799800000000001e+001	
  4.6550000000000000e+009	 -2.2785150000000002e+001	
  4.6560000000000000e+009	 -2.2660160000000001e+001	
  4.6570000000000000e+009	 -2.2625979999999998e+001	
  4.6580000000000000e+009	 -2.2581050000000001e+001	
  4.6590000000000000e+009	 -2.2620120000000000e+001	
  4.6600000000000000e+009	 -2.2577150000000000e+001	
  4.6610000000000000e+009	 -2.2583990000000000e+001	
  4.6620000000000000e+009	 -2.2595700000000001e+001	
  4.6630000000000000e+009	 -2.2539059999999999e+001	
  4.6640000000000000e+009	 -2.2580079999999999e+001	
  4.6650000000000000e+009	 -2.2598630000000000e+001	
  4.6660000000000000e+009	 -2.2567380000000000e+001	
  4.6670000000000000e+009	 -2.2611329999999999e+001	
  4.6680000000000000e+009	 -2.2582030000000000e+001	
  4.6690000000000000e+009	 -2.2578130000000002e+001	
  4.6700000000000000e+009	 -2.2611329999999999e+001	
  4.6710000000000000e+009	 -2.2622070000000001e+001	
  4.6720000000000000e+009	 -2.2622070000000001e+001	
  4.6730000000000000e+009	 -2.2626950000000001e+001	
  4.6740000000000000e+009	 -2.2622070000000001e+001	
  4.6750000000000000e+009	 -2.2619140000000002e+001	
  4.6760000000000000e+009	 -2.2589839999999999e+001	
  4.6770000000000000e+009	 -2.2557620000000000e+001	
  4.6780000000000000e+009	 -2.2548829999999999e+001	
  4.6790000000000000e+009	 -2.2565429999999999e+001	
  4.6800000000000000e+009	 -2.2522459999999999e+001	
  4.6810000000000000e+009	 -2.2426760000000002e+001	
  4.6820000000000000e+009	 -2.2327150000000000e+001	
  4.6830000000000000e+009	 -2.2309570000000001e+001	
  4.6840000000000000e+009	 -2.2239260000000002e+001	
  4.6850000000000000e+009	 -2.2159179999999999e+001	
  4.6860000000000000e+009	 -2.1977540000000001e+001	
  4.6870000000000000e+009	 -2.1888670000000001e+001	
  4.6880000000000000e+009	 -2.1772459999999999e+001	
  4.6890000000000000e+009	 -2.1657219999999999e+001	
  4.6900000000000000e+009	 -2.1541010000000000e+001	
  4.6910000000000000e+009	 -2.1413080000000001e+001	
  4.6920000000000000e+009	 -2.1289059999999999e+001	
  4.6930000000000000e+009	 -2.1150390000000002e+001	
  4.6940000000000000e+009	 -2.0962890000000002e+001	
  4.6950000000000000e+009	 -2.0895499999999998e+001	
  4.6960000000000000e+009	 -2.0715820000000001e+001	
  4.6970000000000000e+009	 -2.0573239999999998e+001	
  4.6980000000000000e+009	 -2.0445309999999999e+001	
  4.6990000000000000e+009	 -2.0351559999999999e+001	
  4.7000000000000000e+009	 -2.0241209999999999e+001	
  4.7010000000000000e+009	 -2.0144530000000000e+001	
  4.7020000000000000e+009	 -2.0069340000000000e+001	
  4.7030000000000000e+009	 -2.0009770000000000e+001	
  4.7040000000000000e+009	 -1.9945309999999999e+001	
  4.7050000000000000e+009	 -1.9880859999999998e+001	
  4.7060000000000000e+009	 -1.9833980000000000e+001	
  4.7070000000000000e+009	 -1.9786130000000000e+001	
  4.7080000000000000e+009	 -1.9794920000000001e+001	
  4.7090000000000000e+009	 -1.9757809999999999e+001	
  4.7100000000000000e+009	 -1.9701170000000001e+001	
  4.7110000000000000e+009	 -1.9723630000000000e+001	
  4.7120000000000000e+009	 -1.9782229999999998e+001	
  4.7130000000000000e+009	 -1.9799800000000001e+001	
  4.7140000000000000e+009	 -1.9875000000000000e+001	
  4.7150000000000000e+009	 -1.9934570000000001e+001	
  4.7160000000000000e+009	 -1.9986329999999999e+001	
  4.7170000000000000e+009	 -2.0071290000000001e+001	
  4.7180000000000000e+009	 -2.0180660000000000e+001	
  4.7190000000000000e+009	 -2.0285150000000002e+001	
  4.7200000000000000e+009	 -2.0285150000000002e+001	
  4.7210000000000000e+009	 -2.0392579999999999e+001	
  4.7220000000000000e+009	 -2.0464839999999999e+001	
  4.7230000000000000e+009	 -2.0490230000000000e+001	
  4.7240000000000000e+009	 -2.0538090000000000e+001	
  4.7250000000000000e+009	 -2.0656250000000000e+001	
  4.7260000000000000e+009	 -2.0628910000000001e+001	
  4.7270000000000000e+009	 -2.0702150000000000e+001	
  4.7280000000000000e+009	 -2.0764650000000000e+001	
  4.7290000000000000e+009	 -2.0758790000000001e+001	
  4.7300000000000000e+009	 -2.0776370000000000e+001	
  4.7310000000000000e+009	 -2.0744140000000002e+001	
  4.7320000000000000e+009	 -2.0766600000000000e+001	
  4.7330000000000000e+009	 -2.0738280000000000e+001	
  4.7340000000000000e+009	 -2.0708990000000000e+001	
  4.7350000000000000e+009	 -2.0674810000000001e+001	
  4.7360000000000000e+009	 -2.0624020000000002e+001	
  4.7370000000000000e+009	 -2.0567380000000000e+001	
  4.7380000000000000e+009	 -2.0485350000000000e+001	
  4.7390000000000000e+009	 -2.0399410000000000e+001	
  4.7400000000000000e+009	 -2.0338860000000000e+001	
  4.7410000000000000e+009	 -2.0237300000000001e+001	
  4.7420000000000000e+009	 -2.0139650000000000e+001	
  4.7430000000000000e+009	 -2.0022459999999999e+001	
  4.7440000000000000e+009	 -1.9919920000000001e+001	
  4.7450000000000000e+009	 -1.9750000000000000e+001	
  4.7460000000000000e+009	 -1.9649410000000000e+001	
  4.7470000000000000e+009	 -1.9453130000000002e+001	
  4.7480000000000000e+009	 -1.9322260000000000e+001	
  4.7490000000000000e+009	 -1.9133790000000001e+001	
  4.7500000000000000e+009	 -1.8988280000000000e+001	
  4.7510000000000000e+009	 -1.8815429999999999e+001	
  4.7520000000000000e+009	 -1.8650390000000002e+001	
  4.7530000000000000e+009	 -1.8518550000000001e+001	
  4.7540000000000000e+009	 -1.8346679999999999e+001	
  4.7550000000000000e+009	 -1.8113280000000000e+001	
  4.7560000000000000e+009	 -1.7918939999999999e+001	
  4.7570000000000000e+009	 -1.7739260000000002e+001	
  4.7580000000000000e+009	 -1.7582030000000000e+001	
  4.7590000000000000e+009	 -1.7330079999999999e+001	
  4.7600000000000000e+009	 -1.7246089999999999e+001	
  4.7610000000000000e+009	 -1.7128910000000001e+001	
  4.7620000000000000e+009	 -1.6980470000000000e+001	
  4.7630000000000000e+009	 -1.6829100000000000e+001	
  4.7640000000000000e+009	 -1.6677730000000000e+001	
  4.7650000000000000e+009	 -1.6633790000000001e+001	
  4.7660000000000000e+009	 -1.6481439999999999e+001	
  4.7670000000000000e+009	 -1.6448239999999998e+001	
  4.7680000000000000e+009	 -1.6417970000000000e+001	
  4.7690000000000000e+009	 -1.6367190000000001e+001	
  4.7700000000000000e+009	 -1.6328130000000002e+001	
  4.7710000000000000e+009	 -1.6318359999999998e+001	
  4.7720000000000000e+009	 -1.6318359999999998e+001	
  4.7730000000000000e+009	 -1.6389650000000000e+001	
  4.7740000000000000e+009	 -1.6415040000000001e+001	
  4.7750000000000000e+009	 -1.6478510000000000e+001	
  4.7760000000000000e+009	 -1.6555660000000000e+001	
  4.7770000000000000e+009	 -1.6583980000000000e+001	
  4.7780000000000000e+009	 -1.6642579999999999e+001	
  4.7790000000000000e+009	 -1.6666010000000000e+001	
  4.7800000000000000e+009	 -1.6830079999999999e+001	
  4.7810000000000000e+009	 -1.6886720000000000e+001	
  4.7820000000000000e+009	 -1.6953130000000002e+001	
  4.7830000000000000e+009	 -1.7047850000000000e+001	
  4.7840000000000000e+009	 -1.7143550000000001e+001	
  4.7850000000000000e+009	 -1.7137689999999999e+001	
  4.7860000000000000e+009	 -1.7240230000000000e+001	
  4.7870000000000000e+009	 -1.7307620000000000e+001	
  4.7880000000000000e+009	 -1.7335940000000001e+001	
  4.7890000000000000e+009	 -1.7285160000000001e+001	
  4.7900000000000000e+009	 -1.7320309999999999e+001	
  4.7910000000000000e+009	 -1.7264650000000000e+001	
  4.7920000000000000e+009	 -1.7259760000000000e+001	
  4.7930000000000000e+009	 -1.7246089999999999e+001	
  4.7940000000000000e+009	 -1.7207030000000000e+001	
  4.7950000000000000e+009	 -1.7106439999999999e+001	
  4.7960000000000000e+009	 -1.7003910000000001e+001	
  4.7970000000000000e+009	 -1.6905270000000002e+001	
  4.7980000000000000e+009	 -1.6768550000000001e+001	
  4.7990000000000000e+009	 -1.6659179999999999e+001	
  4.8000000000000000e+009	 -1.6503910000000001e+001	
  4.8010000000000000e+009	 -1.6340820000000001e+001	
  4.8020000000000000e+009	 -1.6160150000000002e+001	
  4.8030000000000000e+009	 -1.5972659999999999e+001	
  4.8040000000000000e+009	 -1.5769040000000000e+001	
  4.8050000000000000e+009	 -1.5593260000000001e+001	
  4.8060000000000000e+009	 -1.5398440000000001e+001	
  4.8070000000000000e+009	 -1.5159179999999999e+001	
  4.8080000000000000e+009	 -1.4931640000000000e+001	
  4.8090000000000000e+009	 -1.4755369999999999e+001	
  4.8100000000000000e+009	 -1.4541990000000000e+001	
  4.8110000000000000e+009	 -1.4296390000000001e+001	
  4.8120000000000000e+009	 -1.4149410000000000e+001	
  4.8130000000000000e+009	 -1.3912599999999999e+001	
  4.8140000000000000e+009	 -1.3727539999999999e+001	
  4.8150000000000000e+009	 -1.3617190000000001e+001	
  4.8160000000000000e+009	 -1.3436520000000000e+001	
  4.8170000000000000e+009	 -1.3238280000000000e+001	
  4.8180000000000000e+009	 -1.3142580000000001e+001	
  4.8190000000000000e+009	 -1.3014650000000000e+001	
  4.8200000000000000e+009	 -1.2883789999999999e+001	
  4.8210000000000000e+009	 -1.2748049999999999e+001	
  4.8220000000000000e+009	 -1.2638669999999999e+001	
  4.8230000000000000e+009	 -1.2605960000000000e+001	
  4.8240000000000000e+009	 -1.2519530000000000e+001	
  4.8250000000000000e+009	 -1.2453130000000000e+001	
  4.8260000000000000e+009	 -1.2406739999999999e+001	
  4.8270000000000000e+009	 -1.2319820000000000e+001	
  4.8280000000000000e+009	 -1.2278320000000001e+001	
  4.8290000000000000e+009	 -1.2201169999999999e+001	
  4.8300000000000000e+009	 -1.2132320000000000e+001	
  4.8310000000000000e+009	 -1.2068849999999999e+001	
  4.8320000000000000e+009	 -1.2005860000000000e+001	
  4.8330000000000000e+009	 -1.1917479999999999e+001	
  4.8340000000000000e+009	 -1.1828609999999999e+001	
  4.8350000000000000e+009	 -1.1791990000000000e+001	
  4.8360000000000000e+009	 -1.1682620000000000e+001	
  4.8370000000000000e+009	 -1.1603520000000000e+001	
  4.8380000000000000e+009	 -1.1410640000000001e+001	
  4.8390000000000000e+009	 -1.1366210000000001e+001	
  4.8400000000000000e+009	 -1.1260740000000000e+001	
  4.8410000000000000e+009	 -1.1156250000000000e+001	
  4.8420000000000000e+009	 -1.1039059999999999e+001	
  4.8430000000000000e+009	 -1.0832520000000001e+001	
  4.8440000000000000e+009	 -1.0701169999999999e+001	
  4.8450000000000000e+009	 -1.0629390000000001e+001	
  4.8460000000000000e+009	 -1.0495609999999999e+001	
  4.8470000000000000e+009	 -1.0295410000000000e+001	
  4.8480000000000000e+009	 -1.0176760000000000e+001	
  4.8490000000000000e+009	 -1.0042970000000000e+001	
  4.8500000000000000e+009	 -9.9233399999999996e+000	
  4.8510000000000000e+009	 -9.7207030000000003e+000	
  4.8520000000000000e+009	 -9.6455079999999995e+000	
  4.8530000000000000e+009	 -9.5405270000000009e+000	
  4.8540000000000000e+009	 -9.3598630000000007e+000	
  4.8550000000000000e+009	 -9.2587890000000002e+000	
  4.8560000000000000e+009	 -9.1791990000000006e+000	
  4.8570000000000000e+009	 -9.0878910000000008e+000	
  4.8580000000000000e+009	 -9.0146479999999993e+000	
  4.8590000000000000e+009	 -8.9042969999999997e+000	
  4.8600000000000000e+009	 -8.8359380000000005e+000	
  4.8610000000000000e+009	 -8.7207030000000003e+000	
  4.8620000000000000e+009	 -8.6391600000000004e+000	
  4.8630000000000000e+009	 -8.5776369999999993e+000	
  4.8640000000000000e+009	 -8.5063479999999991e+000	
  4.8650000000000000e+009	 -8.4252929999999999e+000	
  4.8660000000000000e+009	 -8.3740229999999993e+000	
  4.8670000000000000e+009	 -8.2719729999999991e+000	
  4.8680000000000000e+009	 -8.1533200000000008e+000	
  4.8690000000000000e+009	 -8.1152339999999992e+000	
  4.8700000000000000e+009	 -7.9440920000000004e+000	
  4.8710000000000000e+009	 -7.8266600000000004e+000	
  4.8720000000000000e+009	 -7.7839359999999997e+000	
  4.8730000000000000e+009	 -7.6252440000000004e+000	
  4.8740000000000000e+009	 -7.4909670000000004e+000	
  4.8750000000000000e+009	 -7.4196780000000002e+000	
  4.8760000000000000e+009	 -7.3466800000000001e+000	
  4.8770000000000000e+009	 -7.2900390000000002e+000	
  4.8780000000000000e+009	 -7.1347659999999999e+000	
  4.8790000000000000e+009	 -7.0134280000000002e+000	
  4.8800000000000000e+009	 -6.9221190000000004e+000	
  4.8810000000000000e+009	 -6.8286129999999998e+000	
  4.8820000000000000e+009	 -6.7675780000000003e+000	
  4.8830000000000000e+009	 -6.7048340000000000e+000	
  4.8840000000000000e+009	 -6.6420899999999996e+000	
  4.8850000000000000e+009	 -6.6149899999999997e+000	
  4.8860000000000000e+009	 -6.5771480000000002e+000	
  4.8870000000000000e+009	 -6.5776370000000002e+000	
  4.8880000000000000e+009	 -6.5888669999999996e+000	
  4.8890000000000000e+009	 -6.6293949999999997e+000	
  4.8900000000000000e+009	 -6.5661620000000003e+000	
  4.8910000000000000e+009	 -6.6010739999999997e+000	
  4.8920000000000000e+009	 -6.6787109999999998e+000	
  4.8930000000000000e+009	 -6.6311039999999997e+000	
  4.8940000000000000e+009	 -6.7143550000000003e+000	
  4.8950000000000000e+009	 -6.7617190000000003e+000	
  4.8960000000000000e+009	 -6.7006839999999999e+000	
  4.8970000000000000e+009	 -6.7470699999999999e+000	
  4.8980000000000000e+009	 -6.8435059999999996e+000	
  4.8990000000000000e+009	 -6.8195800000000002e+000	
  4.9000000000000000e+009	 -6.8698730000000001e+000	
  4.9010000000000000e+009	 -6.8891600000000004e+000	
  4.9020000000000000e+009	 -6.9155270000000000e+000	
  4.9030000000000000e+009	 -6.9118649999999997e+000	
  4.9040000000000000e+009	 -6.9670410000000000e+000	
  4.9050000000000000e+009	 -6.9536129999999998e+000	
  4.9060000000000000e+009	 -6.9960940000000003e+000	
  4.9070000000000000e+009	 -7.0759280000000002e+000	
  4.9080000000000000e+009	 -7.0988769999999999e+000	
  4.9090000000000000e+009	 -7.1501460000000003e+000	
  4.9100000000000000e+009	 -7.2150879999999997e+000	
  4.9110000000000000e+009	 -7.2670899999999996e+000	
  4.9120000000000000e+009	 -7.3481449999999997e+000	
  4.9130000000000000e+009	 -7.4533690000000004e+000	
  4.9140000000000000e+009	 -7.5327149999999996e+000	
  4.9150000000000000e+009	 -7.6723629999999998e+000	
  4.9160000000000000e+009	 -7.8193359999999998e+000	
  4.9170000000000000e+009	 -7.9121090000000001e+000	
  4.9180000000000000e+009	 -8.0410160000000008e+000	
  4.9190000000000000e+009	 -8.2504880000000007e+000	
  4.9200000000000000e+009	 -8.3974609999999998e+000	
  4.9210000000000000e+009	 -8.5424799999999994e+000	
  4.9220000000000000e+009	 -8.7207030000000003e+000	
  4.9230000000000000e+009	 -8.9780270000000009e+000	
  4.9240000000000000e+009	 -9.1762700000000006e+000	
  4.9250000000000000e+009	 -9.4101560000000006e+000	
  4.9260000000000000e+009	 -9.5966799999999992e+000	
  4.9270000000000000e+009	 -9.9365229999999993e+000	
  4.9280000000000000e+009	 -1.0133789999999999e+001	
  4.9290000000000000e+009	 -1.0396480000000000e+001	
  4.9300000000000000e+009	 -1.0575200000000001e+001	
  4.9310000000000000e+009	 -1.0801270000000001e+001	
  4.9320000000000000e+009	 -1.1072270000000000e+001	
  4.9330000000000000e+009	 -1.1312500000000000e+001	
  4.9340000000000000e+009	 -1.1552250000000001e+001	
  4.9350000000000000e+009	 -1.1776859999999999e+001	
  4.9360000000000000e+009	 -1.2005860000000000e+001	
  4.9370000000000000e+009	 -1.2219730000000000e+001	
  4.9380000000000000e+009	 -1.2450680000000000e+001	
  4.9390000000000000e+009	 -1.2603030000000000e+001	
  4.9400000000000000e+009	 -1.2827640000000001e+001	
  4.9410000000000000e+009	 -1.3011229999999999e+001	
  4.9420000000000000e+009	 -1.3173340000000000e+001	
  4.9430000000000000e+009	 -1.3366210000000001e+001	
  4.9440000000000000e+009	 -1.3483400000000000e+001	
  4.9450000000000000e+009	 -1.3635740000000000e+001	
  4.9460000000000000e+009	 -1.3790530000000000e+001	
  4.9470000000000000e+009	 -1.3962400000000001e+001	
  4.9480000000000000e+009	 -1.4007320000000000e+001	
  4.9490000000000000e+009	 -1.4123540000000000e+001	
  4.9500000000000000e+009	 -1.4211430000000000e+001	
  4.9510000000000000e+009	 -1.4277830000000000e+001	
  4.9520000000000000e+009	 -1.4340820000000001e+001	
  4.9530000000000000e+009	 -1.4475590000000000e+001	
  4.9540000000000000e+009	 -1.4503909999999999e+001	
  4.9550000000000000e+009	 -1.4458010000000000e+001	
  4.9560000000000000e+009	 -1.4477050000000000e+001	
  4.9570000000000000e+009	 -1.4567869999999999e+001	
  4.9580000000000000e+009	 -1.4587890000000000e+001	
  4.9590000000000000e+009	 -1.4520020000000001e+001	
  4.9600000000000000e+009	 -1.4540039999999999e+001	
  4.9610000000000000e+009	 -1.4517580000000001e+001	
  4.9620000000000000e+009	 -1.4528320000000001e+001	
  4.9630000000000000e+009	 -1.4519530000000000e+001	
  4.9640000000000000e+009	 -1.4491210000000001e+001	
  4.9650000000000000e+009	 -1.4472170000000000e+001	
  4.9660000000000000e+009	 -1.4430180000000000e+001	
  4.9670000000000000e+009	 -1.4413570000000000e+001	
  4.9680000000000000e+009	 -1.4406250000000000e+001	
  4.9690000000000000e+009	 -1.4421390000000001e+001	
  4.9700000000000000e+009	 -1.4361820000000000e+001	
  4.9710000000000000e+009	 -1.4416990000000000e+001	
  4.9720000000000000e+009	 -1.4401370000000000e+001	
  4.9730000000000000e+009	 -1.4463380000000001e+001	
  4.9740000000000000e+009	 -1.4571780000000000e+001	
  4.9750000000000000e+009	 -1.4608400000000000e+001	
  4.9760000000000000e+009	 -1.4701169999999999e+001	
  4.9770000000000000e+009	 -1.4858400000000000e+001	
  4.9780000000000000e+009	 -1.4983890000000001e+001	
  4.9790000000000000e+009	 -1.5132809999999999e+001	
  4.9800000000000000e+009	 -1.5222659999999999e+001	
  4.9810000000000000e+009	 -1.5419919999999999e+001	
  4.9820000000000000e+009	 -1.5579590000000000e+001	
  4.9830000000000000e+009	 -1.5805180000000000e+001	
  4.9840000000000000e+009	 -1.5948729999999999e+001	
  4.9850000000000000e+009	 -1.6145510000000002e+001	
  4.9860000000000000e+009	 -1.6291989999999998e+001	
  4.9870000000000000e+009	 -1.6491209999999999e+001	
  4.9880000000000000e+009	 -1.6659179999999999e+001	
  4.9890000000000000e+009	 -1.6875000000000000e+001	
  4.9900000000000000e+009	 -1.7073239999999998e+001	
  4.9910000000000000e+009	 -1.7312500000000000e+001	
  4.9920000000000000e+009	 -1.7498040000000000e+001	
  4.9930000000000000e+009	 -1.7700199999999999e+001	
  4.9940000000000000e+009	 -1.7891600000000000e+001	
  4.9950000000000000e+009	 -1.8081050000000001e+001	
  4.9960000000000000e+009	 -1.8258790000000001e+001	
  4.9970000000000000e+009	 -1.8401370000000000e+001	
  4.9980000000000000e+009	 -1.8541989999999998e+001	
  4.9990000000000000e+009	 -1.8707030000000000e+001	
  5.0000000000000000e+009	 -1.8825189999999999e+001	
  5.0010000000000000e+009	 -1.9006830000000001e+001	
  5.0020000000000000e+009	 -1.9081050000000001e+001	
  5.0030000000000000e+009	 -1.9202150000000000e+001	
  5.0040000000000000e+009	 -1.9283200000000001e+001	
  5.0050000000000000e+009	 -1.9369140000000002e+001	
  5.0060000000000000e+009	 -1.9473630000000000e+001	
  5.0070000000000000e+009	 -1.9523440000000001e+001	
  5.0080000000000000e+009	 -1.9617190000000001e+001	
  5.0090000000000000e+009	 -1.9700189999999999e+001	
  5.0100000000000000e+009	 -1.9704100000000000e+001	
  5.0110000000000000e+009	 -1.9785160000000001e+001	
  5.0120000000000000e+009	 -1.9798829999999999e+001	
  5.0130000000000000e+009	 -1.9827150000000000e+001	
  5.0140000000000000e+009	 -1.9829100000000000e+001	
  5.0150000000000000e+009	 -1.9908200000000001e+001	
  5.0160000000000000e+009	 -1.9900390000000002e+001	
  5.0170000000000000e+009	 -1.9937500000000000e+001	
  5.0180000000000000e+009	 -1.9963870000000000e+001	
  5.0190000000000000e+009	 -1.9987300000000001e+001	
  5.0200000000000000e+009	 -1.9990230000000000e+001	
  5.0210000000000000e+009	 -2.0029299999999999e+001	
  5.0220000000000000e+009	 -2.0061520000000002e+001	
  5.0230000000000000e+009	 -2.0043949999999999e+001	
  5.0240000000000000e+009	 -2.0088870000000000e+001	
  5.0250000000000000e+009	 -2.0107420000000001e+001	
  5.0260000000000000e+009	 -2.0096679999999999e+001	
  5.0270000000000000e+009	 -2.0175780000000000e+001	
  5.0280000000000000e+009	 -2.0201170000000001e+001	
  5.0290000000000000e+009	 -2.0203119999999998e+001	
  5.0300000000000000e+009	 -2.0231439999999999e+001	
  5.0310000000000000e+009	 -2.0289059999999999e+001	
  5.0320000000000000e+009	 -2.0295900000000000e+001	
  5.0330000000000000e+009	 -2.0337890000000002e+001	
  5.0340000000000000e+009	 -2.0375979999999998e+001	
  5.0350000000000000e+009	 -2.0382809999999999e+001	
  5.0360000000000000e+009	 -2.0429690000000001e+001	
  5.0370000000000000e+009	 -2.0448239999999998e+001	
  5.0380000000000000e+009	 -2.0470700000000001e+001	
  5.0390000000000000e+009	 -2.0507809999999999e+001	
  5.0400000000000000e+009	 -2.0522459999999999e+001	
  5.0410000000000000e+009	 -2.0518560000000001e+001	
  5.0420000000000000e+009	 -2.0574220000000000e+001	
  5.0430000000000000e+009	 -2.0598630000000000e+001	
  5.0440000000000000e+009	 -2.0663080000000001e+001	
  5.0450000000000000e+009	 -2.0564450000000001e+001	
  5.0460000000000000e+009	 -2.0692380000000000e+001	
  5.0470000000000000e+009	 -2.0697260000000000e+001	
  5.0480000000000000e+009	 -2.0724609999999998e+001	
  5.0490000000000000e+009	 -2.0733400000000000e+001	
  5.0500000000000000e+009	 -2.0737300000000001e+001	
  5.0510000000000000e+009	 -2.0794920000000001e+001	
  5.0520000000000000e+009	 -2.0833980000000000e+001	
  5.0530000000000000e+009	 -2.0874020000000002e+001	
  5.0540000000000000e+009	 -2.0887689999999999e+001	
  5.0550000000000000e+009	 -2.0999020000000002e+001	
  5.0560000000000000e+009	 -2.1098630000000000e+001	
  5.0570000000000000e+009	 -2.1152339999999999e+001	
  5.0580000000000000e+009	 -2.1260739999999998e+001	
  5.0590000000000000e+009	 -2.1349609999999998e+001	
  5.0600000000000000e+009	 -2.1401370000000000e+001	
  5.0610000000000000e+009	 -2.1533200000000001e+001	
  5.0620000000000000e+009	 -2.1608400000000000e+001	
  5.0630000000000000e+009	 -2.1714839999999999e+001	
  5.0640000000000000e+009	 -2.1854489999999998e+001	
  5.0650000000000000e+009	 -2.2001950000000001e+001	
  5.0660000000000000e+009	 -2.2082030000000000e+001	
  5.0670000000000000e+009	 -2.2272459999999999e+001	
  5.0680000000000000e+009	 -2.2369140000000002e+001	
  5.0690000000000000e+009	 -2.2499020000000002e+001	
  5.0700000000000000e+009	 -2.2605470000000000e+001	
  5.0710000000000000e+009	 -2.2726559999999999e+001	
  5.0720000000000000e+009	 -2.2867190000000001e+001	
  5.0730000000000000e+009	 -2.2942380000000000e+001	
  5.0740000000000000e+009	 -2.3103510000000000e+001	
  5.0750000000000000e+009	 -2.3201170000000001e+001	
  5.0760000000000000e+009	 -2.3323239999999998e+001	
  5.0770000000000000e+009	 -2.3385739999999998e+001	
  5.0780000000000000e+009	 -2.3505859999999998e+001	
  5.0790000000000000e+009	 -2.3573239999999998e+001	
  5.0800000000000000e+009	 -2.3637699999999999e+001	
  5.0810000000000000e+009	 -2.3698239999999998e+001	
  5.0820000000000000e+009	 -2.3778320000000001e+001	
  5.0830000000000000e+009	 -2.3867190000000001e+001	
  5.0840000000000000e+009	 -2.3884760000000000e+001	
  5.0850000000000000e+009	 -2.3993160000000000e+001	
  5.0860000000000000e+009	 -2.4046869999999998e+001	
  5.0870000000000000e+009	 -2.4098630000000000e+001	
  5.0880000000000000e+009	 -2.4110350000000000e+001	
  5.0890000000000000e+009	 -2.4162109999999998e+001	
  5.0900000000000000e+009	 -2.4112300000000001e+001	
  5.0910000000000000e+009	 -2.4093750000000000e+001	
  5.0920000000000000e+009	 -2.4059570000000001e+001	
  5.0930000000000000e+009	 -2.4013670000000001e+001	
  5.0940000000000000e+009	 -2.4007809999999999e+001	
  5.0950000000000000e+009	 -2.3948239999999998e+001	
  5.0960000000000000e+009	 -2.3842770000000002e+001	
  5.0970000000000000e+009	 -2.3791010000000000e+001	
  5.0980000000000000e+009	 -2.3699220000000000e+001	
  5.0990000000000000e+009	 -2.3643560000000001e+001	
  5.1000000000000000e+009	 -2.3563479999999998e+001	
  5.1010000000000000e+009	 -2.3433589999999999e+001	
  5.1020000000000000e+009	 -2.3315429999999999e+001	
  5.1030000000000000e+009	 -2.3254880000000000e+001	
  5.1040000000000000e+009	 -2.3166010000000000e+001	
  5.1050000000000000e+009	 -2.3041989999999998e+001	
  5.1060000000000000e+009	 -2.2946290000000001e+001	
  5.1070000000000000e+009	 -2.2879880000000000e+001	
  5.1080000000000000e+009	 -2.2766600000000000e+001	
  5.1090000000000000e+009	 -2.2694330000000001e+001	
  5.1100000000000000e+009	 -2.2589839999999999e+001	
  5.1110000000000000e+009	 -2.2553709999999999e+001	
  5.1120000000000000e+009	 -2.2571290000000001e+001	
  5.1130000000000000e+009	 -2.2388670000000001e+001	
  5.1140000000000000e+009	 -2.2456050000000001e+001	
  5.1150000000000000e+009	 -2.2434570000000001e+001	
  5.1160000000000000e+009	 -2.2452150000000000e+001	
  5.1170000000000000e+009	 -2.2409179999999999e+001	
  5.1180000000000000e+009	 -2.2526360000000000e+001	
  5.1190000000000000e+009	 -2.2508790000000001e+001	
  5.1200000000000000e+009	 -2.2538080000000001e+001	
  5.1210000000000000e+009	 -2.2592770000000002e+001	
  5.1220000000000000e+009	 -2.2751950000000001e+001	
  5.1230000000000000e+009	 -2.2816410000000001e+001	
  5.1240000000000000e+009	 -2.2918939999999999e+001	
  5.1250000000000000e+009	 -2.3037109999999998e+001	
  5.1260000000000000e+009	 -2.3161130000000000e+001	
  5.1270000000000000e+009	 -2.3254880000000000e+001	
  5.1280000000000000e+009	 -2.3412109999999998e+001	
  5.1290000000000000e+009	 -2.3556640000000002e+001	
  5.1300000000000000e+009	 -2.3711919999999999e+001	
  5.1310000000000000e+009	 -2.3862300000000001e+001	
  5.1320000000000000e+009	 -2.4000969999999999e+001	
  5.1330000000000000e+009	 -2.4132809999999999e+001	
  5.1340000000000000e+009	 -2.4345700000000001e+001	
  5.1350000000000000e+009	 -2.4486329999999999e+001	
  5.1360000000000000e+009	 -2.4587890000000002e+001	
  5.1370000000000000e+009	 -2.4739260000000002e+001	
  5.1380000000000000e+009	 -2.4817380000000000e+001	
  5.1390000000000000e+009	 -2.4932610000000000e+001	
  5.1400000000000000e+009	 -2.5047850000000000e+001	
  5.1410000000000000e+009	 -2.5114249999999998e+001	
  5.1420000000000000e+009	 -2.5133790000000001e+001	
  5.1430000000000000e+009	 -2.5280270000000002e+001	
  5.1440000000000000e+009	 -2.5301760000000002e+001	
  5.1450000000000000e+009	 -2.5363280000000000e+001	
  5.1460000000000000e+009	 -2.5340820000000001e+001	
  5.1470000000000000e+009	 -2.5482420000000001e+001	
  5.1480000000000000e+009	 -2.5396480000000000e+001	
  5.1490000000000000e+009	 -2.5404299999999999e+001	
  5.1500000000000000e+009	 -2.5470700000000001e+001	
  5.1510000000000000e+009	 -2.5371089999999999e+001	
  5.1520000000000000e+009	 -2.5332030000000000e+001	
  5.1530000000000000e+009	 -2.5256830000000001e+001	
  5.1540000000000000e+009	 -2.5137689999999999e+001	
  5.1550000000000000e+009	 -2.5087890000000002e+001	
  5.1560000000000000e+009	 -2.4957999999999998e+001	
  5.1570000000000000e+009	 -2.4794920000000001e+001	
  5.1580000000000000e+009	 -2.4730470000000000e+001	
  5.1590000000000000e+009	 -2.4567380000000000e+001	
  5.1600000000000000e+009	 -2.4421869999999998e+001	
  5.1610000000000000e+009	 -2.4278320000000001e+001	
  5.1620000000000000e+009	 -2.4088860000000000e+001	
  5.1630000000000000e+009	 -2.3932610000000000e+001	
  5.1640000000000000e+009	 -2.3727540000000001e+001	
  5.1650000000000000e+009	 -2.3523440000000001e+001	
  5.1660000000000000e+009	 -2.3313469999999999e+001	
  5.1670000000000000e+009	 -2.3092770000000002e+001	
  5.1680000000000000e+009	 -2.2925780000000000e+001	
  5.1690000000000000e+009	 -2.2739260000000002e+001	
  5.1700000000000000e+009	 -2.2495120000000000e+001	
  5.1710000000000000e+009	 -2.2295900000000000e+001	
  5.1720000000000000e+009	 -2.2101559999999999e+001	
  5.1730000000000000e+009	 -2.1907219999999999e+001	
  5.1740000000000000e+009	 -2.1693359999999998e+001	
  5.1750000000000000e+009	 -2.1440429999999999e+001	
  5.1760000000000000e+009	 -2.1257809999999999e+001	
  5.1770000000000000e+009	 -2.1039059999999999e+001	
  5.1780000000000000e+009	 -2.0930660000000000e+001	
  5.1790000000000000e+009	 -2.0791989999999998e+001	
  5.1800000000000000e+009	 -2.1256830000000001e+001	
  5.1810000000000000e+009	 -2.2562500000000000e+001	
  5.1820000000000000e+009	 -2.4515619999999998e+001	
  5.1830000000000000e+009	 -2.5937500000000000e+001	
  5.1840000000000000e+009	 -2.6419920000000001e+001	
  5.1850000000000000e+009	 -2.6412109999999998e+001	
  5.1860000000000000e+009	 -2.6251950000000001e+001	
  5.1870000000000000e+009	 -2.6097660000000001e+001	
  5.1880000000000000e+009	 -2.5958980000000000e+001	
  5.1890000000000000e+009	 -2.5847650000000002e+001	
  5.1900000000000000e+009	 -2.5801749999999998e+001	
  5.1910000000000000e+009	 -2.5699210000000001e+001	
  5.1920000000000000e+009	 -2.5684570000000001e+001	
  5.1930000000000000e+009	 -2.5678709999999999e+001	
  5.1940000000000000e+009	 -2.5713860000000000e+001	
  5.1950000000000000e+009	 -2.5693359999999998e+001	
  5.1960000000000000e+009	 -2.5750979999999998e+001	
  5.1970000000000000e+009	 -2.5773430000000001e+001	
  5.1980000000000000e+009	 -2.5802730000000000e+001	
  5.1990000000000000e+009	 -2.5826170000000001e+001	
  5.2000000000000000e+009	 -2.5867190000000001e+001	
  5.2010000000000000e+009	 -2.5915040000000001e+001	
  5.2020000000000000e+009	 -2.5916989999999998e+001	
  5.2030000000000000e+009	 -2.6000979999999998e+001	
  5.2040000000000000e+009	 -2.5988280000000000e+001	
  5.2050000000000000e+009	 -2.6044920000000001e+001	
  5.2060000000000000e+009	 -2.6007809999999999e+001	
  5.2070000000000000e+009	 -2.6016600000000000e+001	
  5.2080000000000000e+009	 -2.6119140000000002e+001	
  5.2090000000000000e+009	 -2.6086910000000000e+001	
  5.2100000000000000e+009	 -2.6158200000000001e+001	
  5.2110000000000000e+009	 -2.6153320000000001e+001	
  5.2120000000000000e+009	 -2.6063479999999998e+001	
  5.2130000000000000e+009	 -2.6160150000000002e+001	
  5.2140000000000000e+009	 -2.6100580000000001e+001	
  5.2150000000000000e+009	 -2.6133790000000001e+001	
  5.2160000000000000e+009	 -2.6145510000000002e+001	
  5.2170000000000000e+009	 -2.6215820000000001e+001	
  5.2180000000000000e+009	 -2.6009760000000000e+001	
  5.2190000000000000e+009	 -2.6041989999999998e+001	
  5.2200000000000000e+009	 -2.6016600000000000e+001	
  5.2210000000000000e+009	 -2.5946290000000001e+001	
  5.2220000000000000e+009	 -2.5900390000000002e+001	
  5.2230000000000000e+009	 -2.5854489999999998e+001	
  5.2240000000000000e+009	 -2.5808589999999999e+001	
  5.2250000000000000e+009	 -2.5745120000000000e+001	
  5.2260000000000000e+009	 -2.5680660000000000e+001	
  5.2270000000000000e+009	 -2.5613280000000000e+001	
  5.2280000000000000e+009	 -2.5538080000000001e+001	
  5.2290000000000000e+009	 -2.5473630000000000e+001	
  5.2300000000000000e+009	 -2.5352540000000001e+001	
  5.2310000000000000e+009	 -2.5240230000000000e+001	
  5.2320000000000000e+009	 -2.5129880000000000e+001	
  5.2330000000000000e+009	 -2.5018550000000001e+001	
  5.2340000000000000e+009	 -2.4903320000000001e+001	
  5.2350000000000000e+009	 -2.4827150000000000e+001	
  5.2360000000000000e+009	 -2.4692380000000000e+001	
  5.2370000000000000e+009	 -2.4578119999999998e+001	
  5.2380000000000000e+009	 -2.4426760000000002e+001	
  5.2390000000000000e+009	 -2.4337890000000002e+001	
  5.2400000000000000e+009	 -2.4235350000000000e+001	
  5.2410000000000000e+009	 -2.4238280000000000e+001	
  5.2420000000000000e+009	 -2.4064450000000001e+001	
  5.2430000000000000e+009	 -2.3911130000000000e+001	
  5.2440000000000000e+009	 -2.3895510000000002e+001	
  5.2450000000000000e+009	 -2.3910160000000001e+001	
  5.2460000000000000e+009	 -2.3806640000000002e+001	
  5.2470000000000000e+009	 -2.3670900000000000e+001	
  5.2480000000000000e+009	 -2.3660150000000002e+001	
  5.2490000000000000e+009	 -2.3608400000000000e+001	
  5.2500000000000000e+009	 -2.3642579999999999e+001	
  5.2510000000000000e+009	 -2.3666989999999998e+001	
  5.2520000000000000e+009	 -2.3659179999999999e+001	
  5.2530000000000000e+009	 -2.3712890000000002e+001	
  5.2540000000000000e+009	 -2.3750979999999998e+001	
  5.2550000000000000e+009	 -2.3826170000000001e+001	
  5.2560000000000000e+009	 -2.3906250000000000e+001	
  5.2570000000000000e+009	 -2.3975590000000000e+001	
  5.2580000000000000e+009	 -2.4063469999999999e+001	
  5.2590000000000000e+009	 -2.4175780000000000e+001	
  5.2600000000000000e+009	 -2.4273430000000001e+001	
  5.2610000000000000e+009	 -2.4364260000000002e+001	
  5.2620000000000000e+009	 -2.4505859999999998e+001	
  5.2630000000000000e+009	 -2.4549800000000001e+001	
  5.2640000000000000e+009	 -2.4661130000000000e+001	
  5.2650000000000000e+009	 -2.4795890000000000e+001	
  5.2660000000000000e+009	 -2.4884760000000000e+001	
  5.2670000000000000e+009	 -2.4997070000000001e+001	
  5.2680000000000000e+009	 -2.5143550000000001e+001	
  5.2690000000000000e+009	 -2.5185549999999999e+001	
  5.2700000000000000e+009	 -2.5235350000000000e+001	
  5.2710000000000000e+009	 -2.5280270000000002e+001	
  5.2720000000000000e+009	 -2.5386710000000001e+001	
  5.2730000000000000e+009	 -2.5416010000000000e+001	
  5.2740000000000000e+009	 -2.5394530000000000e+001	
  5.2750000000000000e+009	 -2.5494140000000002e+001	
  5.2760000000000000e+009	 -2.5456050000000001e+001	
  5.2770000000000000e+009	 -2.5529290000000000e+001	
  5.2780000000000000e+009	 -2.5555660000000000e+001	
  5.2790000000000000e+009	 -2.5517579999999999e+001	
  5.2800000000000000e+009	 -2.5459959999999999e+001	
  5.2810000000000000e+009	 -2.5524410000000000e+001	
  5.2820000000000000e+009	 -2.5439450000000001e+001	
  5.2830000000000000e+009	 -2.5468750000000000e+001	
  5.2840000000000000e+009	 -2.5448239999999998e+001	
  5.2850000000000000e+009	 -2.5373040000000000e+001	
  5.2860000000000000e+009	 -2.5336910000000000e+001	
  5.2870000000000000e+009	 -2.5319330000000001e+001	
  5.2880000000000000e+009	 -2.5266600000000000e+001	
  5.2890000000000000e+009	 -2.5226559999999999e+001	
  5.2900000000000000e+009	 -2.5182610000000000e+001	
  5.2910000000000000e+009	 -2.5114249999999998e+001	
  5.2920000000000000e+009	 -2.5036130000000000e+001	
  5.2930000000000000e+009	 -2.5007809999999999e+001	
  5.2940000000000000e+009	 -2.4954100000000000e+001	
  5.2950000000000000e+009	 -2.4850580000000001e+001	
  5.2960000000000000e+009	 -2.4812500000000000e+001	
  5.2970000000000000e+009	 -2.4760739999999998e+001	
  5.2980000000000000e+009	 -2.4717770000000002e+001	
  5.2990000000000000e+009	 -2.4714839999999999e+001	
  5.3000000000000000e+009	 -2.4641600000000000e+001	
