  3.5000000000000000e+009	 -1.3990230000000000e+001	
  3.5021000000000000e+009	 -1.4428220000000000e+001	
  3.5042000000000000e+009	 -1.4966799999999999e+001	
  3.5063000000000000e+009	 -1.5622560000000000e+001	
  3.5084000000000000e+009	 -1.6223630000000000e+001	
  3.5105000000000000e+009	 -1.6804690000000001e+001	
  3.5126000000000000e+009	 -1.7320309999999999e+001	
  3.5147000000000000e+009	 -1.7749020000000002e+001	
  3.5168000000000000e+009	 -1.8207030000000000e+001	
  3.5189000000000000e+009	 -1.8588870000000000e+001	
  3.5210000000000000e+009	 -1.8875000000000000e+001	
  3.5231000000000000e+009	 -1.9205079999999999e+001	
  3.5252000000000000e+009	 -1.9441400000000002e+001	
  3.5273000000000000e+009	 -1.9774410000000000e+001	
  3.5294000000000000e+009	 -2.0041010000000000e+001	
  3.5315000000000000e+009	 -2.0313479999999998e+001	
  3.5336000000000000e+009	 -2.0629880000000000e+001	
  3.5357000000000000e+009	 -2.0931640000000002e+001	
  3.5378000000000000e+009	 -2.1250979999999998e+001	
  3.5399000000000000e+009	 -2.1542970000000000e+001	
  3.5420000000000000e+009	 -2.1966799999999999e+001	
  3.5441000000000000e+009	 -2.2337890000000002e+001	
  3.5462000000000000e+009	 -2.2704100000000000e+001	
  3.5483000000000000e+009	 -2.3047850000000000e+001	
  3.5504000000000000e+009	 -2.3529299999999999e+001	
  3.5525000000000000e+009	 -2.3915040000000001e+001	
  3.5546000000000000e+009	 -2.4332999999999998e+001	
  3.5567000000000000e+009	 -2.4611329999999999e+001	
  3.5588000000000000e+009	 -2.4960940000000001e+001	
  3.5609000000000000e+009	 -2.4924800000000001e+001	
  3.5630000000000000e+009	 -2.4788080000000001e+001	
  3.5651000000000000e+009	 -2.4918939999999999e+001	
  3.5672000000000000e+009	 -2.5064450000000001e+001	
  3.5693000000000000e+009	 -2.5196290000000001e+001	
  3.5714000000000000e+009	 -2.5236329999999999e+001	
  3.5735000000000000e+009	 -2.5218750000000000e+001	
  3.5756000000000000e+009	 -2.5186520000000002e+001	
  3.5777000000000000e+009	 -2.5076170000000001e+001	
  3.5798000000000000e+009	 -2.4928709999999999e+001	
  3.5819000000000000e+009	 -2.4721679999999999e+001	
  3.5840000000000000e+009	 -2.4547850000000000e+001	
  3.5861000000000000e+009	 -2.4388670000000001e+001	
  3.5882000000000000e+009	 -2.4216790000000000e+001	
  3.5903000000000000e+009	 -2.4017579999999999e+001	
  3.5924000000000000e+009	 -2.3941410000000001e+001	
  3.5945000000000000e+009	 -2.3844719999999999e+001	
  3.5966000000000000e+009	 -2.3879880000000000e+001	
  3.5987000000000000e+009	 -2.3907229999999998e+001	
  3.6008000000000000e+009	 -2.3956060000000001e+001	
  3.6029000000000000e+009	 -2.4086910000000000e+001	
  3.6050000000000000e+009	 -2.4200189999999999e+001	
  3.6071000000000000e+009	 -2.4338870000000000e+001	
  3.6092000000000000e+009	 -2.4551749999999998e+001	
  3.6113000000000000e+009	 -2.4691410000000001e+001	
  3.6134000000000000e+009	 -2.4765630000000002e+001	
  3.6155000000000000e+009	 -2.4971679999999999e+001	
  3.6176000000000000e+009	 -2.5090820000000001e+001	
  3.6197000000000000e+009	 -2.5133790000000001e+001	
  3.6218000000000000e+009	 -2.5149410000000000e+001	
  3.6239000000000000e+009	 -2.5246089999999999e+001	
  3.6260000000000000e+009	 -2.5199220000000000e+001	
  3.6281000000000000e+009	 -2.5157219999999999e+001	
  3.6302000000000000e+009	 -2.5114249999999998e+001	
  3.6323000000000000e+009	 -2.5026360000000000e+001	
  3.6344000000000000e+009	 -2.4955079999999999e+001	
  3.6365000000000000e+009	 -2.4816400000000002e+001	
  3.6386000000000000e+009	 -2.4685540000000000e+001	
  3.6407000000000000e+009	 -2.4600580000000001e+001	
  3.6428000000000000e+009	 -2.4352540000000001e+001	
  3.6449000000000000e+009	 -2.4278320000000001e+001	
  3.6470000000000000e+009	 -2.4055660000000000e+001	
  3.6491000000000000e+009	 -2.3875000000000000e+001	
  3.6512000000000000e+009	 -2.3710940000000001e+001	
  3.6533000000000000e+009	 -2.3419920000000001e+001	
  3.6554000000000000e+009	 -2.3131830000000001e+001	
  3.6575000000000000e+009	 -2.2850580000000001e+001	
  3.6596000000000000e+009	 -2.2591799999999999e+001	
  3.6617000000000000e+009	 -2.2348630000000000e+001	
  3.6638000000000000e+009	 -2.2112300000000001e+001	
  3.6659000000000000e+009	 -2.1889650000000000e+001	
  3.6680000000000000e+009	 -2.1734380000000002e+001	
  3.6701000000000000e+009	 -2.1583010000000002e+001	
  3.6722000000000000e+009	 -2.1493160000000000e+001	
  3.6743000000000000e+009	 -2.1449220000000000e+001	
  3.6764000000000000e+009	 -2.1343750000000000e+001	
  3.6785000000000000e+009	 -2.1375979999999998e+001	
  3.6806000000000000e+009	 -2.1438469999999999e+001	
  3.6827000000000000e+009	 -2.1398430000000001e+001	
  3.6848000000000000e+009	 -2.1509770000000000e+001	
  3.6869000000000000e+009	 -2.1488280000000000e+001	
  3.6890000000000000e+009	 -2.1482420000000001e+001	
  3.6911000000000000e+009	 -2.1430660000000000e+001	
  3.6932000000000000e+009	 -2.1353520000000000e+001	
  3.6953000000000000e+009	 -2.1263670000000001e+001	
  3.6974000000000000e+009	 -2.1127929999999999e+001	
  3.6995000000000000e+009	 -2.0984369999999998e+001	
  3.7016000000000000e+009	 -2.0797850000000000e+001	
  3.7037000000000000e+009	 -2.0584959999999999e+001	
  3.7058000000000000e+009	 -2.0300780000000000e+001	
  3.7079000000000000e+009	 -1.9963870000000000e+001	
  3.7100000000000000e+009	 -1.9670900000000000e+001	
  3.7121000000000000e+009	 -1.9223630000000000e+001	
  3.7142000000000000e+009	 -1.8907229999999998e+001	
  3.7163000000000000e+009	 -1.8471679999999999e+001	
  3.7184000000000000e+009	 -1.8083010000000002e+001	
  3.7205000000000000e+009	 -1.7640619999999998e+001	
  3.7226000000000000e+009	 -1.7302730000000000e+001	
  3.7247000000000000e+009	 -1.6970700000000001e+001	
  3.7268000000000000e+009	 -1.6549800000000001e+001	
  3.7289000000000000e+009	 -1.6189450000000001e+001	
  3.7310000000000000e+009	 -1.5721190000000000e+001	
  3.7331000000000000e+009	 -1.5339359999999999e+001	
  3.7352000000000000e+009	 -1.4974119999999999e+001	
  3.7373000000000000e+009	 -1.4512210000000000e+001	
  3.7394000000000000e+009	 -1.4234859999999999e+001	
  3.7415000000000000e+009	 -1.3946780000000000e+001	
  3.7436000000000000e+009	 -1.3790530000000000e+001	
  3.7457000000000000e+009	 -1.3667479999999999e+001	
  3.7478000000000000e+009	 -1.3582520000000001e+001	
  3.7499000000000000e+009	 -1.3505369999999999e+001	
  3.7520000000000000e+009	 -1.3474119999999999e+001	
  3.7541000000000000e+009	 -1.3454590000000000e+001	
  3.7562000000000000e+009	 -1.3386229999999999e+001	
  3.7583000000000000e+009	 -1.3355960000000000e+001	
  3.7604000000000000e+009	 -1.3296880000000000e+001	
  3.7625000000000000e+009	 -1.3173830000000001e+001	
  3.7646000000000000e+009	 -1.3087400000000001e+001	
  3.7667000000000000e+009	 -1.3041020000000000e+001	
  3.7688000000000000e+009	 -1.2938480000000000e+001	
  3.7709000000000000e+009	 -1.2879390000000001e+001	
  3.7730000000000000e+009	 -1.2755369999999999e+001	
  3.7751000000000000e+009	 -1.2653320000000001e+001	
  3.7772000000000000e+009	 -1.2572749999999999e+001	
  3.7793000000000000e+009	 -1.2477539999999999e+001	
  3.7814000000000000e+009	 -1.2422850000000000e+001	
  3.7835000000000000e+009	 -1.2343260000000001e+001	
  3.7856000000000000e+009	 -1.2295900000000000e+001	
  3.7877000000000000e+009	 -1.2219730000000000e+001	
  3.7898000000000000e+009	 -1.2219730000000000e+001	
  3.7919000000000000e+009	 -1.2153320000000001e+001	
  3.7940000000000000e+009	 -1.2104490000000000e+001	
  3.7961000000000000e+009	 -1.2147460000000001e+001	
  3.7982000000000000e+009	 -1.2180660000000000e+001	
  3.8003000000000000e+009	 -1.2184080000000000e+001	
  3.8024000000000000e+009	 -1.2301760000000000e+001	
  3.8045000000000000e+009	 -1.2450200000000001e+001	
  3.8066000000000000e+009	 -1.2600590000000000e+001	
  3.8087000000000000e+009	 -1.2747560000000000e+001	
  3.8108000000000000e+009	 -1.2916020000000000e+001	
  3.8129000000000000e+009	 -1.3082030000000000e+001	
  3.8150000000000000e+009	 -1.3283690000000000e+001	
  3.8171000000000000e+009	 -1.3469730000000000e+001	
  3.8192000000000000e+009	 -1.3651370000000000e+001	
  3.8213000000000000e+009	 -1.3823729999999999e+001	
  3.8234000000000000e+009	 -1.3984380000000000e+001	
  3.8255000000000000e+009	 -1.4134770000000000e+001	
  3.8276000000000000e+009	 -1.4315429999999999e+001	
  3.8297000000000000e+009	 -1.4464840000000001e+001	
  3.8318000000000000e+009	 -1.4571289999999999e+001	
  3.8339000000000000e+009	 -1.4700680000000000e+001	
  3.8360000000000000e+009	 -1.4811520000000000e+001	
  3.8381000000000000e+009	 -1.4899900000000001e+001	
  3.8402000000000000e+009	 -1.5002929999999999e+001	
  3.8423000000000000e+009	 -1.5053220000000000e+001	
  3.8444000000000000e+009	 -1.5191409999999999e+001	
  3.8465000000000000e+009	 -1.5257809999999999e+001	
  3.8486000000000000e+009	 -1.5375000000000000e+001	
  3.8507000000000000e+009	 -1.5309080000000000e+001	
  3.8528000000000000e+009	 -1.5336910000000000e+001	
  3.8549000000000000e+009	 -1.5337400000000001e+001	
  3.8570000000000000e+009	 -1.5327640000000001e+001	
  3.8591000000000000e+009	 -1.5271480000000000e+001	
  3.8612000000000000e+009	 -1.5220210000000000e+001	
  3.8633000000000000e+009	 -1.5196289999999999e+001	
  3.8654000000000000e+009	 -1.5171880000000000e+001	
  3.8675000000000000e+009	 -1.5160159999999999e+001	
  3.8696000000000000e+009	 -1.5177730000000000e+001	
  3.8717000000000000e+009	 -1.5192869999999999e+001	
  3.8738000000000000e+009	 -1.5378420000000000e+001	
  3.8759000000000000e+009	 -1.5509280000000000e+001	
  3.8780000000000000e+009	 -1.5623540000000000e+001	
  3.8801000000000000e+009	 -1.5879390000000001e+001	
  3.8822000000000000e+009	 -1.6105470000000000e+001	
  3.8843000000000000e+009	 -1.6399410000000000e+001	
  3.8864000000000000e+009	 -1.6674800000000001e+001	
  3.8885000000000000e+009	 -1.6949220000000000e+001	
  3.8906000000000000e+009	 -1.7216799999999999e+001	
  3.8927000000000000e+009	 -1.7505859999999998e+001	
  3.8948000000000000e+009	 -1.7739260000000002e+001	
  3.8969000000000000e+009	 -1.7971679999999999e+001	
  3.8990000000000000e+009	 -1.8146480000000000e+001	
  3.9011000000000000e+009	 -1.8267579999999999e+001	
  3.9032000000000000e+009	 -1.8444340000000000e+001	
  3.9053000000000000e+009	 -1.8476559999999999e+001	
  3.9074000000000000e+009	 -1.8556640000000002e+001	
  3.9095000000000000e+009	 -1.8663080000000001e+001	
  3.9116000000000000e+009	 -1.8630859999999998e+001	
  3.9137000000000000e+009	 -1.8633790000000001e+001	
  3.9158000000000000e+009	 -1.8637699999999999e+001	
  3.9179000000000000e+009	 -1.8586910000000000e+001	
  3.9200000000000000e+009	 -1.8562500000000000e+001	
  3.9221000000000000e+009	 -1.8563479999999998e+001	
  3.9242000000000000e+009	 -1.8508790000000001e+001	
  3.9263000000000000e+009	 -1.8448239999999998e+001	
  3.9284000000000000e+009	 -1.8393550000000001e+001	
  3.9305000000000000e+009	 -1.8251950000000001e+001	
  3.9326000000000000e+009	 -1.8118160000000000e+001	
  3.9347000000000000e+009	 -1.8020510000000002e+001	
  3.9368000000000000e+009	 -1.7880859999999998e+001	
  3.9389000000000000e+009	 -1.7813479999999998e+001	
  3.9410000000000000e+009	 -1.7660160000000001e+001	
  3.9431000000000000e+009	 -1.7543949999999999e+001	
  3.9452000000000000e+009	 -1.7541989999999998e+001	
  3.9473000000000000e+009	 -1.7419920000000001e+001	
  3.9494000000000000e+009	 -1.7468750000000000e+001	
  3.9515000000000000e+009	 -1.7506840000000000e+001	
  3.9536000000000000e+009	 -1.7656250000000000e+001	
  3.9557000000000000e+009	 -1.7824220000000000e+001	
  3.9578000000000000e+009	 -1.7994140000000002e+001	
  3.9599000000000000e+009	 -1.8250979999999998e+001	
  3.9620000000000000e+009	 -1.8448239999999998e+001	
  3.9641000000000000e+009	 -1.8691410000000001e+001	
  3.9662000000000000e+009	 -1.8868160000000000e+001	
  3.9683000000000000e+009	 -1.9033200000000001e+001	
  3.9704000000000000e+009	 -1.9188479999999998e+001	
  3.9725000000000000e+009	 -1.9264650000000000e+001	
  3.9746000000000000e+009	 -1.9292970000000000e+001	
  3.9767000000000000e+009	 -1.9270510000000002e+001	
  3.9788000000000000e+009	 -1.9192380000000000e+001	
  3.9809000000000000e+009	 -1.9085940000000001e+001	
  3.9830000000000000e+009	 -1.8893550000000001e+001	
  3.9851000000000000e+009	 -1.8652339999999999e+001	
  3.9872000000000000e+009	 -1.8424800000000001e+001	
  3.9893000000000000e+009	 -1.8096679999999999e+001	
  3.9914000000000000e+009	 -1.7777339999999999e+001	
  3.9935000000000000e+009	 -1.7462890000000002e+001	
  3.9956000000000000e+009	 -1.7125000000000000e+001	
  3.9977000000000000e+009	 -1.6883790000000001e+001	
  3.9998000000000000e+009	 -1.6541989999999998e+001	
  4.0019000000000000e+009	 -1.6279299999999999e+001	
  4.0040000000000000e+009	 -1.6108400000000000e+001	
  4.0061000000000000e+009	 -1.5925290000000000e+001	
  4.0082000000000000e+009	 -1.5796390000000001e+001	
  4.0103000000000000e+009	 -1.5757809999999999e+001	
  4.0124000000000000e+009	 -1.5701169999999999e+001	
  4.0145000000000000e+009	 -1.5736820000000000e+001	
  4.0166000000000000e+009	 -1.5756349999999999e+001	
  4.0187000000000000e+009	 -1.5829590000000000e+001	
  4.0208000000000000e+009	 -1.5899900000000001e+001	
  4.0229000000000000e+009	 -1.5961910000000000e+001	
  4.0250000000000000e+009	 -1.6001950000000001e+001	
  4.0271000000000000e+009	 -1.6015630000000002e+001	
  4.0292000000000000e+009	 -1.6030270000000002e+001	
  4.0313000000000000e+009	 -1.6031250000000000e+001	
  4.0334000000000000e+009	 -1.5981450000000001e+001	
  4.0355000000000000e+009	 -1.5880369999999999e+001	
  4.0376000000000000e+009	 -1.5767090000000000e+001	
  4.0397000000000000e+009	 -1.5541020000000000e+001	
  4.0418000000000000e+009	 -1.5335450000000000e+001	
  4.0439000000000000e+009	 -1.5082520000000001e+001	
  4.0460000000000000e+009	 -1.4787110000000000e+001	
  4.0481000000000000e+009	 -1.4510249999999999e+001	
  4.0502000000000000e+009	 -1.4115720000000000e+001	
  4.0523000000000000e+009	 -1.3763669999999999e+001	
  4.0544000000000000e+009	 -1.3353030000000000e+001	
  4.0565000000000000e+009	 -1.3000980000000000e+001	
  4.0586000000000000e+009	 -1.2646480000000000e+001	
  4.0607000000000000e+009	 -1.2331540000000000e+001	
  4.0628000000000000e+009	 -1.1964840000000001e+001	
  4.0649000000000000e+009	 -1.1636229999999999e+001	
  4.0670000000000000e+009	 -1.1412599999999999e+001	
  4.0691000000000000e+009	 -1.1141600000000000e+001	
  4.0712000000000000e+009	 -1.0874020000000000e+001	
  4.0733000000000000e+009	 -1.0649410000000000e+001	
  4.0754000000000000e+009	 -1.0486330000000001e+001	
  4.0775000000000000e+009	 -1.0298830000000001e+001	
  4.0796000000000000e+009	 -1.0089359999999999e+001	
  4.0817000000000000e+009	 -9.9384770000000007e+000	
  4.0838000000000000e+009	 -9.7138670000000005e+000	
  4.0859000000000000e+009	 -9.5820310000000006e+000	
  4.0880000000000000e+009	 -9.4130859999999998e+000	
  4.0901000000000000e+009	 -9.2866210000000002e+000	
  4.0922000000000000e+009	 -9.1679689999999994e+000	
  4.0943000000000000e+009	 -9.1069340000000008e+000	
  4.0964000000000000e+009	 -9.1064450000000008e+000	
  4.0985000000000000e+009	 -9.0766600000000004e+000	
  4.1006000000000000e+009	 -9.0810549999999992e+000	
  4.1027000000000000e+009	 -9.2216799999999992e+000	
  4.1048000000000000e+009	 -9.3022460000000002e+000	
  4.1069000000000000e+009	 -9.4873049999999992e+000	
  4.1090000000000000e+009	 -9.7172850000000004e+000	
  4.1111000000000000e+009	 -1.0001950000000001e+001	
  4.1132000000000000e+009	 -1.0312989999999999e+001	
  4.1153000000000000e+009	 -1.0670410000000000e+001	
  4.1174000000000000e+009	 -1.1083980000000000e+001	
  4.1195000000000000e+009	 -1.1467770000000000e+001	
  4.1216000000000000e+009	 -1.1889160000000000e+001	
  4.1237000000000000e+009	 -1.2320309999999999e+001	
  4.1258000000000000e+009	 -1.2750980000000000e+001	
  4.1279000000000000e+009	 -1.3102050000000000e+001	
  4.1300000000000000e+009	 -1.3490720000000000e+001	
  4.1321000000000000e+009	 -1.3743160000000000e+001	
  4.1342000000000000e+009	 -1.4003420000000000e+001	
  4.1363000000000000e+009	 -1.4224610000000000e+001	
  4.1384000000000000e+009	 -1.4337400000000001e+001	
  4.1405000000000000e+009	 -1.4499510000000001e+001	
  4.1426000000000000e+009	 -1.4656250000000000e+001	
  4.1447000000000000e+009	 -1.4709960000000001e+001	
  4.1468000000000000e+009	 -1.4851070000000000e+001	
  4.1489000000000000e+009	 -1.4968260000000001e+001	
  4.1510000000000000e+009	 -1.5178710000000001e+001	
  4.1531000000000000e+009	 -1.5408690000000000e+001	
  4.1552000000000000e+009	 -1.5690429999999999e+001	
  4.1573000000000000e+009	 -1.6029299999999999e+001	
  4.1594000000000000e+009	 -1.6475580000000001e+001	
  4.1615000000000000e+009	 -1.6930660000000000e+001	
  4.1636000000000000e+009	 -1.7438479999999998e+001	
  4.1657000000000000e+009	 -1.7959959999999999e+001	
  4.1678000000000000e+009	 -1.8495120000000000e+001	
  4.1699000000000000e+009	 -1.8958010000000002e+001	
  4.1720000000000000e+009	 -1.9518550000000001e+001	
  4.1741000000000000e+009	 -1.9866209999999999e+001	
  4.1762000000000000e+009	 -2.0198239999999998e+001	
  4.1783000000000000e+009	 -2.0593750000000000e+001	
  4.1804000000000000e+009	 -2.0786130000000000e+001	
  4.1825000000000000e+009	 -2.0953130000000002e+001	
  4.1846000000000000e+009	 -2.0955079999999999e+001	
  4.1867000000000000e+009	 -2.0919920000000001e+001	
  4.1888000000000000e+009	 -2.0849609999999998e+001	
  4.1909000000000000e+009	 -2.0772459999999999e+001	
  4.1930000000000000e+009	 -2.0751950000000001e+001	
  4.1951000000000000e+009	 -2.0680660000000000e+001	
  4.1972000000000000e+009	 -2.0639650000000000e+001	
  4.1993000000000000e+009	 -2.0515619999999998e+001	
  4.2014000000000000e+009	 -2.0429690000000001e+001	
  4.2035000000000000e+009	 -2.0334959999999999e+001	
  4.2056000000000000e+009	 -2.0143550000000001e+001	
  4.2077000000000000e+009	 -1.9899410000000000e+001	
  4.2098000000000000e+009	 -1.9734369999999998e+001	
  4.2119000000000000e+009	 -1.9411130000000000e+001	
  4.2140000000000000e+009	 -1.9173829999999999e+001	
  4.2161000000000000e+009	 -1.8969729999999998e+001	
  4.2182000000000000e+009	 -1.8698239999999998e+001	
  4.2203000000000000e+009	 -1.8541010000000000e+001	
  4.2224000000000000e+009	 -1.8501950000000001e+001	
  4.2245000000000000e+009	 -1.8511720000000000e+001	
  4.2266000000000000e+009	 -1.8642579999999999e+001	
  4.2287000000000000e+009	 -1.8877929999999999e+001	
  4.2308000000000000e+009	 -1.9169920000000001e+001	
  4.2329000000000000e+009	 -1.9553709999999999e+001	
  4.2350000000000000e+009	 -1.9996089999999999e+001	
  4.2371000000000000e+009	 -2.0383790000000001e+001	
  4.2392000000000000e+009	 -2.0782229999999998e+001	
  4.2413000000000000e+009	 -2.1232420000000001e+001	
  4.2434000000000000e+009	 -2.1541989999999998e+001	
  4.2455000000000000e+009	 -2.1899410000000000e+001	
  4.2476000000000000e+009	 -2.2188479999999998e+001	
  4.2497000000000000e+009	 -2.2357420000000001e+001	
  4.2518000000000000e+009	 -2.2552730000000000e+001	
  4.2539000000000000e+009	 -2.2683589999999999e+001	
  4.2560000000000000e+009	 -2.2770499999999998e+001	
  4.2581000000000000e+009	 -2.2835940000000001e+001	
  4.2602000000000000e+009	 -2.2899410000000000e+001	
  4.2623000000000000e+009	 -2.3025390000000002e+001	
  4.2644000000000000e+009	 -2.3052740000000000e+001	
  4.2665000000000000e+009	 -2.3021480000000000e+001	
  4.2686000000000000e+009	 -2.3115230000000000e+001	
  4.2707000000000000e+009	 -2.3270510000000002e+001	
  4.2728000000000000e+009	 -2.3226559999999999e+001	
  4.2749000000000000e+009	 -2.3389650000000000e+001	
  4.2770000000000000e+009	 -2.3399419999999999e+001	
  4.2791000000000000e+009	 -2.3419920000000001e+001	
  4.2812000000000000e+009	 -2.3408200000000001e+001	
  4.2833000000000000e+009	 -2.3397459999999999e+001	
  4.2854000000000000e+009	 -2.3386720000000000e+001	
  4.2875000000000000e+009	 -2.3293939999999999e+001	
  4.2896000000000000e+009	 -2.3208990000000000e+001	
  4.2917000000000000e+009	 -2.3064450000000001e+001	
  4.2938000000000000e+009	 -2.2974609999999998e+001	
  4.2959000000000000e+009	 -2.2833980000000000e+001	
  4.2980000000000000e+009	 -2.2700199999999999e+001	
  4.3001000000000000e+009	 -2.2692380000000000e+001	
  4.3022000000000000e+009	 -2.2597660000000001e+001	
  4.3043000000000000e+009	 -2.2598630000000000e+001	
  4.3064000000000000e+009	 -2.2662109999999998e+001	
  4.3085000000000000e+009	 -2.2837890000000002e+001	
  4.3106000000000000e+009	 -2.2957030000000000e+001	
  4.3127000000000000e+009	 -2.3164059999999999e+001	
  4.3148000000000000e+009	 -2.3413090000000000e+001	
  4.3169000000000000e+009	 -2.3694330000000001e+001	
  4.3190000000000000e+009	 -2.3946290000000001e+001	
  4.3211000000000000e+009	 -2.4168939999999999e+001	
  4.3232000000000000e+009	 -2.4339839999999999e+001	
  4.3253000000000000e+009	 -2.4502929999999999e+001	
  4.3274000000000000e+009	 -2.4579100000000000e+001	
  4.3295000000000000e+009	 -2.4609380000000002e+001	
  4.3316000000000000e+009	 -2.4666010000000000e+001	
  4.3337000000000000e+009	 -2.4566400000000002e+001	
  4.3358000000000000e+009	 -2.4410150000000002e+001	
  4.3379000000000000e+009	 -2.4177730000000000e+001	
  4.3400000000000000e+009	 -2.4028320000000001e+001	
  4.3421000000000000e+009	 -2.3742180000000001e+001	
  4.3442000000000000e+009	 -2.3487310000000001e+001	
  4.3463000000000000e+009	 -2.3203130000000002e+001	
  4.3484000000000000e+009	 -2.2960930000000001e+001	
  4.3505000000000000e+009	 -2.2747070000000001e+001	
  4.3526000000000000e+009	 -2.2578130000000002e+001	
  4.3547000000000000e+009	 -2.2504880000000000e+001	
  4.3568000000000000e+009	 -2.2447270000000000e+001	
  4.3589000000000000e+009	 -2.2572260000000000e+001	
  4.3610000000000000e+009	 -2.2686520000000002e+001	
  4.3631000000000000e+009	 -2.2789059999999999e+001	
  4.3652000000000000e+009	 -2.3033200000000001e+001	
  4.3673000000000000e+009	 -2.3343750000000000e+001	
  4.3694000000000000e+009	 -2.3566400000000002e+001	
  4.3715000000000000e+009	 -2.3916020000000000e+001	
  4.3736000000000000e+009	 -2.4185540000000000e+001	
  4.3757000000000000e+009	 -2.4420900000000000e+001	
  4.3778000000000000e+009	 -2.4708980000000000e+001	
  4.3799000000000000e+009	 -2.4970700000000001e+001	
  4.3820000000000000e+009	 -2.5181640000000002e+001	
  4.3841000000000000e+009	 -2.5318359999999998e+001	
  4.3862000000000000e+009	 -2.5482420000000001e+001	
  4.3883000000000000e+009	 -2.5598630000000000e+001	
  4.3904000000000000e+009	 -2.5650390000000002e+001	
  4.3925000000000000e+009	 -2.5686520000000002e+001	
  4.3946000000000000e+009	 -2.5707030000000000e+001	
  4.3967000000000000e+009	 -2.5713860000000000e+001	
  4.3988000000000000e+009	 -2.5508790000000001e+001	
  4.4009000000000000e+009	 -2.5371089999999999e+001	
  4.4030000000000000e+009	 -2.5280270000000002e+001	
  4.4051000000000000e+009	 -2.5065429999999999e+001	
  4.4072000000000000e+009	 -2.4823239999999998e+001	
  4.4093000000000000e+009	 -2.4616209999999999e+001	
  4.4114000000000000e+009	 -2.4375969999999999e+001	
  4.4135000000000000e+009	 -2.4179690000000001e+001	
  4.4156000000000000e+009	 -2.3984380000000002e+001	
  4.4177000000000000e+009	 -2.3860350000000000e+001	
  4.4198000000000000e+009	 -2.3784179999999999e+001	
  4.4219000000000000e+009	 -2.3796869999999998e+001	
  4.4240000000000000e+009	 -2.3849609999999998e+001	
  4.4261000000000000e+009	 -2.3939450000000001e+001	
  4.4282000000000000e+009	 -2.4185540000000000e+001	
  4.4303000000000000e+009	 -2.4344729999999998e+001	
  4.4324000000000000e+009	 -2.4557610000000000e+001	
  4.4345000000000000e+009	 -2.4788080000000001e+001	
  4.4366000000000000e+009	 -2.5061520000000002e+001	
  4.4387000000000000e+009	 -2.5225580000000001e+001	
  4.4408000000000000e+009	 -2.5419920000000001e+001	
  4.4429000000000000e+009	 -2.5594729999999998e+001	
  4.4450000000000000e+009	 -2.5687500000000000e+001	
  4.4471000000000000e+009	 -2.5736329999999999e+001	
  4.4492000000000000e+009	 -2.5758790000000001e+001	
  4.4513000000000000e+009	 -2.5727540000000001e+001	
  4.4534000000000000e+009	 -2.5693359999999998e+001	
  4.4555000000000000e+009	 -2.5632809999999999e+001	
  4.4576000000000000e+009	 -2.5513670000000001e+001	
  4.4597000000000000e+009	 -2.5462890000000002e+001	
  4.4618000000000000e+009	 -2.5364260000000002e+001	
  4.4639000000000000e+009	 -2.5364260000000002e+001	
  4.4660000000000000e+009	 -2.5275390000000002e+001	
  4.4681000000000000e+009	 -2.5219729999999998e+001	
  4.4702000000000000e+009	 -2.5267579999999999e+001	
  4.4723000000000000e+009	 -2.5225580000000001e+001	
  4.4744000000000000e+009	 -2.5280270000000002e+001	
  4.4765000000000000e+009	 -2.5283200000000001e+001	
  4.4786000000000000e+009	 -2.5309570000000001e+001	
  4.4807000000000000e+009	 -2.5266600000000000e+001	
  4.4828000000000000e+009	 -2.5204100000000000e+001	
  4.4849000000000000e+009	 -2.5085940000000001e+001	
  4.4870000000000000e+009	 -2.4970700000000001e+001	
  4.4891000000000000e+009	 -2.4755859999999998e+001	
  4.4912000000000000e+009	 -2.4594729999999998e+001	
  4.4933000000000000e+009	 -2.4328119999999998e+001	
  4.4954000000000000e+009	 -2.4213870000000000e+001	
  4.4975000000000000e+009	 -2.4015619999999998e+001	
  4.4996000000000000e+009	 -2.3868169999999999e+001	
  4.5017000000000000e+009	 -2.3794920000000001e+001	
  4.5038000000000000e+009	 -2.3809570000000001e+001	
  4.5059000000000000e+009	 -2.3774410000000000e+001	
  4.5080000000000000e+009	 -2.3875979999999998e+001	
  4.5101000000000000e+009	 -2.4068359999999998e+001	
  4.5122000000000000e+009	 -2.4236329999999999e+001	
  4.5143000000000000e+009	 -2.4515619999999998e+001	
  4.5164000000000000e+009	 -2.4716799999999999e+001	
  4.5185000000000000e+009	 -2.4871089999999999e+001	
  4.5206000000000000e+009	 -2.5078130000000002e+001	
  4.5227000000000000e+009	 -2.5172850000000000e+001	
  4.5248000000000000e+009	 -2.5268550000000001e+001	
  4.5269000000000000e+009	 -2.5066400000000002e+001	
  4.5290000000000000e+009	 -2.4956050000000001e+001	
  4.5311000000000000e+009	 -2.4596679999999999e+001	
  4.5332000000000000e+009	 -2.4202150000000000e+001	
  4.5353000000000000e+009	 -2.3628910000000001e+001	
  4.5374000000000000e+009	 -2.2819330000000001e+001	
  4.5395000000000000e+009	 -2.2434570000000001e+001	
  4.5416000000000000e+009	 -2.4488280000000000e+001	
  4.5437000000000000e+009	 -2.9136710000000001e+001	
  4.5458000000000000e+009	 -3.0654299999999999e+001	
  4.5479000000000000e+009	 -2.9446290000000001e+001	
  4.5500000000000000e+009	 -2.8166010000000000e+001	
  4.5521000000000000e+009	 -2.7221679999999999e+001	
  4.5542000000000000e+009	 -2.6410160000000001e+001	
  4.5563000000000000e+009	 -2.5992180000000001e+001	
  4.5584000000000000e+009	 -2.5516600000000000e+001	
  4.5605000000000000e+009	 -2.5264640000000000e+001	
  4.5626000000000000e+009	 -2.5105470000000000e+001	
  4.5647000000000000e+009	 -2.5018550000000001e+001	
  4.5668000000000000e+009	 -2.4928709999999999e+001	
  4.5689000000000000e+009	 -2.5032219999999999e+001	
  4.5710000000000000e+009	 -2.5127929999999999e+001	
  4.5731000000000000e+009	 -2.5270499999999998e+001	
  4.5752000000000000e+009	 -2.5398440000000001e+001	
  4.5773000000000000e+009	 -2.5576170000000001e+001	
  4.5794000000000000e+009	 -2.5723630000000000e+001	
  4.5815000000000000e+009	 -2.5868160000000000e+001	
  4.5836000000000000e+009	 -2.5957999999999998e+001	
  4.5857000000000000e+009	 -2.6090820000000001e+001	
  4.5878000000000000e+009	 -2.6264650000000000e+001	
  4.5899000000000000e+009	 -2.6190429999999999e+001	
  4.5920000000000000e+009	 -2.6287109999999998e+001	
  4.5941000000000000e+009	 -2.6302730000000000e+001	
  4.5962000000000000e+009	 -2.6185549999999999e+001	
  4.5983000000000000e+009	 -2.6058589999999999e+001	
  4.6004000000000000e+009	 -2.5808589999999999e+001	
  4.6025000000000000e+009	 -2.5542960000000001e+001	
  4.6046000000000000e+009	 -2.5269530000000000e+001	
  4.6067000000000000e+009	 -2.4984369999999998e+001	
  4.6088000000000000e+009	 -2.4669920000000001e+001	
  4.6109000000000000e+009	 -2.4350590000000000e+001	
  4.6130000000000000e+009	 -2.4059570000000001e+001	
  4.6151000000000000e+009	 -2.3821290000000001e+001	
  4.6172000000000000e+009	 -2.3575199999999999e+001	
  4.6193000000000000e+009	 -2.3371089999999999e+001	
  4.6214000000000000e+009	 -2.3296880000000002e+001	
  4.6235000000000000e+009	 -2.3216799999999999e+001	
  4.6256000000000000e+009	 -2.3213870000000000e+001	
  4.6277000000000000e+009	 -2.3315429999999999e+001	
  4.6298000000000000e+009	 -2.3327150000000000e+001	
  4.6319000000000000e+009	 -2.3425780000000000e+001	
  4.6340000000000000e+009	 -2.3519530000000000e+001	
  4.6361000000000000e+009	 -2.3616209999999999e+001	
  4.6382000000000000e+009	 -2.3665040000000001e+001	
  4.6403000000000000e+009	 -2.3722650000000002e+001	
  4.6424000000000000e+009	 -2.3739260000000002e+001	
  4.6445000000000000e+009	 -2.3705079999999999e+001	
  4.6466000000000000e+009	 -2.3657229999999998e+001	
  4.6487000000000000e+009	 -2.3610350000000000e+001	
  4.6508000000000000e+009	 -2.3578119999999998e+001	
  4.6529000000000000e+009	 -2.3438479999999998e+001	
  4.6550000000000000e+009	 -2.3404299999999999e+001	
  4.6571000000000000e+009	 -2.3215820000000001e+001	
  4.6592000000000000e+009	 -2.3195309999999999e+001	
  4.6613000000000000e+009	 -2.3107420000000001e+001	
  4.6634000000000000e+009	 -2.3207030000000000e+001	
  4.6655000000000000e+009	 -2.3161130000000000e+001	
  4.6676000000000000e+009	 -2.3139650000000000e+001	
  4.6697000000000000e+009	 -2.3181640000000002e+001	
  4.6718000000000000e+009	 -2.3186520000000002e+001	
  4.6739000000000000e+009	 -2.3207030000000000e+001	
  4.6760000000000000e+009	 -2.3168949999999999e+001	
  4.6781000000000000e+009	 -2.3082030000000000e+001	
  4.6802000000000000e+009	 -2.3002929999999999e+001	
  4.6823000000000000e+009	 -2.2805660000000000e+001	
  4.6844000000000000e+009	 -2.2747070000000001e+001	
  4.6865000000000000e+009	 -2.2497070000000001e+001	
  4.6886000000000000e+009	 -2.2234369999999998e+001	
  4.6907000000000000e+009	 -2.1928709999999999e+001	
  4.6928000000000000e+009	 -2.1704100000000000e+001	
  4.6949000000000000e+009	 -2.1425780000000000e+001	
  4.6970000000000000e+009	 -2.1100580000000001e+001	
  4.6991000000000000e+009	 -2.0845700000000001e+001	
  4.7012000000000000e+009	 -2.0666989999999998e+001	
  4.7033000000000000e+009	 -2.0521480000000000e+001	
  4.7054000000000000e+009	 -2.0373040000000000e+001	
  4.7075000000000000e+009	 -2.0337890000000002e+001	
  4.7096000000000000e+009	 -2.0369140000000002e+001	
  4.7117000000000000e+009	 -2.0262689999999999e+001	
  4.7138000000000000e+009	 -2.0397459999999999e+001	
  4.7159000000000000e+009	 -2.0541010000000000e+001	
  4.7180000000000000e+009	 -2.0657219999999999e+001	
  4.7201000000000000e+009	 -2.0862300000000001e+001	
  4.7222000000000000e+009	 -2.0863280000000000e+001	
  4.7243000000000000e+009	 -2.1038080000000001e+001	
  4.7264000000000000e+009	 -2.1146480000000000e+001	
  4.7285000000000000e+009	 -2.1162109999999998e+001	
  4.7306000000000000e+009	 -2.1234369999999998e+001	
  4.7327000000000000e+009	 -2.1181640000000002e+001	
  4.7348000000000000e+009	 -2.1110350000000000e+001	
  4.7369000000000000e+009	 -2.1005859999999998e+001	
  4.7390000000000000e+009	 -2.0859380000000002e+001	
  4.7411000000000000e+009	 -2.0640630000000002e+001	
  4.7432000000000000e+009	 -2.0388670000000001e+001	
  4.7453000000000000e+009	 -2.0218750000000000e+001	
  4.7474000000000000e+009	 -1.9813479999999998e+001	
  4.7495000000000000e+009	 -1.9482420000000001e+001	
  4.7516000000000000e+009	 -1.9136720000000000e+001	
  4.7537000000000000e+009	 -1.8830079999999999e+001	
  4.7558000000000000e+009	 -1.8351559999999999e+001	
  4.7579000000000000e+009	 -1.8041989999999998e+001	
  4.7600000000000000e+009	 -1.7719729999999998e+001	
  4.7621000000000000e+009	 -1.7412109999999998e+001	
  4.7642000000000000e+009	 -1.7148440000000001e+001	
  4.7663000000000000e+009	 -1.6976559999999999e+001	
  4.7684000000000000e+009	 -1.6862300000000001e+001	
  4.7705000000000000e+009	 -1.6852540000000001e+001	
  4.7726000000000000e+009	 -1.6841799999999999e+001	
  4.7747000000000000e+009	 -1.6962890000000002e+001	
  4.7768000000000000e+009	 -1.7080079999999999e+001	
  4.7789000000000000e+009	 -1.7263670000000001e+001	
  4.7810000000000000e+009	 -1.7375969999999999e+001	
  4.7831000000000000e+009	 -1.7583980000000000e+001	
  4.7852000000000000e+009	 -1.7711910000000000e+001	
  4.7873000000000000e+009	 -1.7776370000000000e+001	
  4.7894000000000000e+009	 -1.7773440000000001e+001	
  4.7915000000000000e+009	 -1.7745120000000000e+001	
  4.7936000000000000e+009	 -1.7637689999999999e+001	
  4.7957000000000000e+009	 -1.7457030000000000e+001	
  4.7978000000000000e+009	 -1.7231449999999999e+001	
  4.7999000000000000e+009	 -1.6923829999999999e+001	
  4.8020000000000000e+009	 -1.6573239999999998e+001	
  4.8041000000000000e+009	 -1.6212890000000002e+001	
  4.8062000000000000e+009	 -1.5803220000000000e+001	
  4.8083000000000000e+009	 -1.5319820000000000e+001	
  4.8104000000000000e+009	 -1.4876950000000001e+001	
  4.8125000000000000e+009	 -1.4520020000000001e+001	
  4.8146000000000000e+009	 -1.4119630000000001e+001	
  4.8167000000000000e+009	 -1.3860840000000000e+001	
  4.8188000000000000e+009	 -1.3600099999999999e+001	
  4.8209000000000000e+009	 -1.3337890000000000e+001	
  4.8230000000000000e+009	 -1.3177250000000001e+001	
  4.8251000000000000e+009	 -1.2990720000000000e+001	
  4.8272000000000000e+009	 -1.2817869999999999e+001	
  4.8293000000000000e+009	 -1.2674799999999999e+001	
  4.8314000000000000e+009	 -1.2540039999999999e+001	
  4.8335000000000000e+009	 -1.2390630000000000e+001	
  4.8356000000000000e+009	 -1.2184080000000000e+001	
  4.8377000000000000e+009	 -1.1969730000000000e+001	
  4.8398000000000000e+009	 -1.1707030000000000e+001	
  4.8419000000000000e+009	 -1.1476070000000000e+001	
  4.8440000000000000e+009	 -1.1219239999999999e+001	
  4.8461000000000000e+009	 -1.0943360000000000e+001	
  4.8482000000000000e+009	 -1.0600590000000000e+001	
  4.8503000000000000e+009	 -1.0322749999999999e+001	
  4.8524000000000000e+009	 -1.0083500000000001e+001	
  4.8545000000000000e+009	 -9.8061520000000009e+000	
  4.8566000000000000e+009	 -9.5361329999999995e+000	
  4.8587000000000000e+009	 -9.2895509999999994e+000	
  4.8608000000000000e+009	 -9.1162109999999998e+000	
  4.8629000000000000e+009	 -8.9077149999999996e+000	
  4.8650000000000000e+009	 -8.6582030000000003e+000	
  4.8671000000000000e+009	 -8.4604490000000006e+000	
  4.8692000000000000e+009	 -8.2329100000000004e+000	
  4.8713000000000000e+009	 -7.9992679999999998e+000	
  4.8734000000000000e+009	 -7.6811520000000000e+000	
  4.8755000000000000e+009	 -7.4812010000000004e+000	
  4.8776000000000000e+009	 -7.2690429999999999e+000	
  4.8797000000000000e+009	 -7.0471190000000004e+000	
  4.8818000000000000e+009	 -6.8581539999999999e+000	
  4.8839000000000000e+009	 -6.7883300000000002e+000	
  4.8860000000000000e+009	 -6.7727050000000002e+000	
  4.8881000000000000e+009	 -6.7666019999999998e+000	
  4.8902000000000000e+009	 -6.8830570000000000e+000	
  4.8923000000000000e+009	 -6.9560550000000001e+000	
  4.8944000000000000e+009	 -7.0666500000000001e+000	
  4.8965000000000000e+009	 -7.2189940000000004e+000	
  4.8986000000000000e+009	 -7.2844239999999996e+000	
  4.9007000000000000e+009	 -7.3913570000000002e+000	
  4.9028000000000000e+009	 -7.5351559999999997e+000	
  4.9049000000000000e+009	 -7.6604000000000001e+000	
  4.9070000000000000e+009	 -7.8051760000000003e+000	
  4.9091000000000000e+009	 -7.9667969999999997e+000	
  4.9112000000000000e+009	 -8.1889649999999996e+000	
  4.9133000000000000e+009	 -8.4311520000000009e+000	
  4.9154000000000000e+009	 -8.7128910000000008e+000	
  4.9175000000000000e+009	 -9.0449219999999997e+000	
  4.9196000000000000e+009	 -9.4702149999999996e+000	
  4.9217000000000000e+009	 -9.9702149999999996e+000	
  4.9238000000000000e+009	 -1.0486330000000001e+001	
  4.9259000000000000e+009	 -1.0965820000000001e+001	
  4.9280000000000000e+009	 -1.1497560000000000e+001	
  4.9301000000000000e+009	 -1.2035640000000001e+001	
  4.9322000000000000e+009	 -1.2565429999999999e+001	
  4.9343000000000000e+009	 -1.3075680000000000e+001	
  4.9364000000000000e+009	 -1.3591799999999999e+001	
  4.9385000000000000e+009	 -1.4020510000000000e+001	
  4.9406000000000000e+009	 -1.4482910000000000e+001	
  4.9427000000000000e+009	 -1.4853520000000000e+001	
  4.9448000000000000e+009	 -1.5179200000000000e+001	
  4.9469000000000000e+009	 -1.5472170000000000e+001	
  4.9490000000000000e+009	 -1.5762210000000000e+001	
  4.9511000000000000e+009	 -1.5972170000000000e+001	
  4.9532000000000000e+009	 -1.6063479999999998e+001	
  4.9553000000000000e+009	 -1.6122070000000001e+001	
  4.9574000000000000e+009	 -1.6248040000000000e+001	
  4.9595000000000000e+009	 -1.6229489999999998e+001	
  4.9616000000000000e+009	 -1.6173829999999999e+001	
  4.9637000000000000e+009	 -1.6157229999999998e+001	
  4.9658000000000000e+009	 -1.6106439999999999e+001	
  4.9679000000000000e+009	 -1.6043939999999999e+001	
  4.9700000000000000e+009	 -1.6042970000000000e+001	
  4.9721000000000000e+009	 -1.6056640000000002e+001	
  4.9742000000000000e+009	 -1.6110350000000000e+001	
  4.9763000000000000e+009	 -1.6243160000000000e+001	
  4.9784000000000000e+009	 -1.6413090000000000e+001	
  4.9805000000000000e+009	 -1.6736329999999999e+001	
  4.9826000000000000e+009	 -1.7013670000000001e+001	
  4.9847000000000000e+009	 -1.7332030000000000e+001	
  4.9868000000000000e+009	 -1.7757809999999999e+001	
  4.9889000000000000e+009	 -1.8156250000000000e+001	
  4.9910000000000000e+009	 -1.8511720000000000e+001	
  4.9931000000000000e+009	 -1.8906250000000000e+001	
  4.9952000000000000e+009	 -1.9305660000000000e+001	
  4.9973000000000000e+009	 -1.9607420000000001e+001	
  4.9994000000000000e+009	 -1.9867190000000001e+001	
  5.0015000000000000e+009	 -2.0112300000000001e+001	
  5.0036000000000000e+009	 -2.0282229999999998e+001	
  5.0057000000000000e+009	 -2.0387689999999999e+001	
  5.0078000000000000e+009	 -2.0531250000000000e+001	
  5.0099000000000000e+009	 -2.0546880000000002e+001	
  5.0120000000000000e+009	 -2.0593750000000000e+001	
  5.0141000000000000e+009	 -2.0627929999999999e+001	
  5.0162000000000000e+009	 -2.0650390000000002e+001	
  5.0183000000000000e+009	 -2.0536130000000000e+001	
  5.0204000000000000e+009	 -2.0516600000000000e+001	
  5.0225000000000000e+009	 -2.0542970000000000e+001	
  5.0246000000000000e+009	 -2.0501950000000001e+001	
  5.0267000000000000e+009	 -2.0492190000000001e+001	
  5.0288000000000000e+009	 -2.0568359999999998e+001	
  5.0309000000000000e+009	 -2.0575189999999999e+001	
  5.0330000000000000e+009	 -2.0612300000000001e+001	
  5.0351000000000000e+009	 -2.0619140000000002e+001	
  5.0372000000000000e+009	 -2.0636720000000000e+001	
  5.0393000000000000e+009	 -2.0678709999999999e+001	
  5.0414000000000000e+009	 -2.0666989999999998e+001	
  5.0435000000000000e+009	 -2.0633790000000001e+001	
  5.0456000000000000e+009	 -2.0721679999999999e+001	
  5.0477000000000000e+009	 -2.0741209999999999e+001	
  5.0498000000000000e+009	 -2.0695309999999999e+001	
  5.0519000000000000e+009	 -2.0778320000000001e+001	
  5.0540000000000000e+009	 -2.0947270000000000e+001	
  5.0561000000000000e+009	 -2.0886720000000000e+001	
  5.0582000000000000e+009	 -2.1041020000000000e+001	
  5.0603000000000000e+009	 -2.1158200000000001e+001	
  5.0624000000000000e+009	 -2.1394530000000000e+001	
  5.0645000000000000e+009	 -2.1627929999999999e+001	
  5.0666000000000000e+009	 -2.1879880000000000e+001	
  5.0687000000000000e+009	 -2.2147459999999999e+001	
  5.0708000000000000e+009	 -2.2439450000000001e+001	
  5.0729000000000000e+009	 -2.2644530000000000e+001	
  5.0750000000000000e+009	 -2.2981439999999999e+001	
  5.0771000000000000e+009	 -2.3146480000000000e+001	
  5.0792000000000000e+009	 -2.3296880000000002e+001	
  5.0813000000000000e+009	 -2.3468750000000000e+001	
  5.0834000000000000e+009	 -2.3607420000000001e+001	
  5.0855000000000000e+009	 -2.3647459999999999e+001	
  5.0876000000000000e+009	 -2.3616209999999999e+001	
  5.0897000000000000e+009	 -2.3677740000000000e+001	
  5.0918000000000000e+009	 -2.3619140000000002e+001	
  5.0939000000000000e+009	 -2.3510739999999998e+001	
  5.0960000000000000e+009	 -2.3402339999999999e+001	
  5.0981000000000000e+009	 -2.3182620000000000e+001	
  5.1002000000000000e+009	 -2.2946290000000001e+001	
  5.1023000000000000e+009	 -2.2674800000000001e+001	
  5.1044000000000000e+009	 -2.2416010000000000e+001	
  5.1065000000000000e+009	 -2.2213860000000000e+001	
  5.1086000000000000e+009	 -2.1956050000000001e+001	
  5.1107000000000000e+009	 -2.1764650000000000e+001	
  5.1128000000000000e+009	 -2.1713870000000000e+001	
  5.1149000000000000e+009	 -2.1582030000000000e+001	
  5.1170000000000000e+009	 -2.1634760000000000e+001	
  5.1191000000000000e+009	 -2.1698239999999998e+001	
  5.1212000000000000e+009	 -2.1836919999999999e+001	
  5.1233000000000000e+009	 -2.2050780000000000e+001	
  5.1254000000000000e+009	 -2.2281250000000000e+001	
  5.1275000000000000e+009	 -2.2591799999999999e+001	
  5.1296000000000000e+009	 -2.2901370000000000e+001	
  5.1317000000000000e+009	 -2.3227540000000001e+001	
  5.1338000000000000e+009	 -2.3609380000000002e+001	
  5.1359000000000000e+009	 -2.3873049999999999e+001	
  5.1380000000000000e+009	 -2.4190429999999999e+001	
  5.1401000000000000e+009	 -2.4384770000000000e+001	
  5.1422000000000000e+009	 -2.4489249999999998e+001	
  5.1443000000000000e+009	 -2.4730470000000000e+001	
  5.1464000000000000e+009	 -2.4843750000000000e+001	
  5.1485000000000000e+009	 -2.4800780000000000e+001	
  5.1506000000000000e+009	 -2.4735350000000000e+001	
  5.1527000000000000e+009	 -2.4584959999999999e+001	
  5.1548000000000000e+009	 -2.4429680000000001e+001	
  5.1569000000000000e+009	 -2.4184570000000001e+001	
  5.1590000000000000e+009	 -2.3965820000000001e+001	
  5.1611000000000000e+009	 -2.3665040000000001e+001	
  5.1632000000000000e+009	 -2.3367190000000001e+001	
  5.1653000000000000e+009	 -2.3066410000000001e+001	
  5.1674000000000000e+009	 -2.2791989999999998e+001	
  5.1695000000000000e+009	 -2.2563479999999998e+001	
  5.1716000000000000e+009	 -2.2345700000000001e+001	
  5.1737000000000000e+009	 -2.2250979999999998e+001	
  5.1758000000000000e+009	 -2.2253900000000002e+001	
  5.1779000000000000e+009	 -2.2261720000000000e+001	
  5.1800000000000000e+009	 -2.2508790000000001e+001	
