  4.5000000000000000e+009	 -2.4576170000000001e+001	
  4.5013000000000000e+009	 -2.4534179999999999e+001	
  4.5026000000000000e+009	 -2.4408200000000001e+001	
  4.5039000000000000e+009	 -2.4416989999999998e+001	
  4.5052000000000000e+009	 -2.4377929999999999e+001	
  4.5065000000000000e+009	 -2.4392579999999999e+001	
  4.5078000000000000e+009	 -2.4433589999999999e+001	
  4.5091000000000000e+009	 -2.4522459999999999e+001	
  4.5104000000000000e+009	 -2.4600580000000001e+001	
  4.5117000000000000e+009	 -2.4670900000000000e+001	
  4.5130000000000000e+009	 -2.4760739999999998e+001	
  4.5143000000000000e+009	 -2.4843750000000000e+001	
  4.5156000000000000e+009	 -2.4931640000000002e+001	
  4.5169000000000000e+009	 -2.4987300000000001e+001	
  4.5182000000000000e+009	 -2.5066400000000002e+001	
  4.5195000000000000e+009	 -2.5076170000000001e+001	
  4.5208000000000000e+009	 -2.5038080000000001e+001	
  4.5221000000000000e+009	 -2.5038080000000001e+001	
  4.5234000000000000e+009	 -2.5011720000000000e+001	
  4.5247000000000000e+009	 -2.4821290000000001e+001	
  4.5260000000000000e+009	 -2.4715820000000001e+001	
  4.5273000000000000e+009	 -2.4476559999999999e+001	
  4.5286000000000000e+009	 -2.4329100000000000e+001	
  4.5299000000000000e+009	 -2.4191400000000002e+001	
  4.5312000000000000e+009	 -2.4308589999999999e+001	
  4.5325000000000000e+009	 -2.4995120000000000e+001	
  4.5338000000000000e+009	 -2.6531250000000000e+001	
  4.5351000000000000e+009	 -2.8731439999999999e+001	
  4.5364000000000000e+009	 -3.0795900000000000e+001	
  4.5377000000000000e+009	 -3.1824220000000000e+001	
  4.5390000000000000e+009	 -3.1791010000000000e+001	
  4.5403000000000000e+009	 -3.1242180000000001e+001	
  4.5416000000000000e+009	 -3.0541010000000000e+001	
  4.5429000000000000e+009	 -2.9852540000000001e+001	
  4.5442000000000000e+009	 -2.9291989999999998e+001	
  4.5455000000000000e+009	 -2.8718750000000000e+001	
  4.5468000000000000e+009	 -2.8211910000000000e+001	
  4.5481000000000000e+009	 -2.7751950000000001e+001	
  4.5494000000000000e+009	 -2.7359369999999998e+001	
  4.5507000000000000e+009	 -2.7017569999999999e+001	
  4.5520000000000000e+009	 -2.6706050000000001e+001	
  4.5533000000000000e+009	 -2.6367190000000001e+001	
  4.5546000000000000e+009	 -2.6143550000000001e+001	
  4.5559000000000000e+009	 -2.5918939999999999e+001	
  4.5572000000000000e+009	 -2.5713860000000000e+001	
  4.5585000000000000e+009	 -2.5558589999999999e+001	
  4.5598000000000000e+009	 -2.5449220000000000e+001	
  4.5611000000000000e+009	 -2.5402339999999999e+001	
  4.5624000000000000e+009	 -2.5339839999999999e+001	
  4.5637000000000000e+009	 -2.5266600000000000e+001	
  4.5650000000000000e+009	 -2.5303709999999999e+001	
  4.5663000000000000e+009	 -2.5280270000000002e+001	
  4.5676000000000000e+009	 -2.5315429999999999e+001	
  4.5689000000000000e+009	 -2.5369140000000002e+001	
  4.5702000000000000e+009	 -2.5442380000000000e+001	
  4.5715000000000000e+009	 -2.5481439999999999e+001	
  4.5728000000000000e+009	 -2.5579100000000000e+001	
  4.5741000000000000e+009	 -2.5710940000000001e+001	
  4.5754000000000000e+009	 -2.5815429999999999e+001	
  4.5767000000000000e+009	 -2.5935540000000000e+001	
  4.5780000000000000e+009	 -2.6005859999999998e+001	
  4.5793000000000000e+009	 -2.6135739999999998e+001	
  4.5806000000000000e+009	 -2.6255859999999998e+001	
  4.5819000000000000e+009	 -2.6337890000000002e+001	
  4.5832000000000000e+009	 -2.6468750000000000e+001	
  4.5845000000000000e+009	 -2.6557620000000000e+001	
  4.5858000000000000e+009	 -2.6673829999999999e+001	
  4.5871000000000000e+009	 -2.6659179999999999e+001	
  4.5884000000000000e+009	 -2.6684570000000001e+001	
  4.5897000000000000e+009	 -2.6793939999999999e+001	
  4.5910000000000000e+009	 -2.6746089999999999e+001	
  4.5923000000000000e+009	 -2.6691400000000002e+001	
  4.5936000000000000e+009	 -2.6704100000000000e+001	
  4.5949000000000000e+009	 -2.6579100000000000e+001	
  4.5962000000000000e+009	 -2.6516600000000000e+001	
  4.5975000000000000e+009	 -2.6455079999999999e+001	
  4.5988000000000000e+009	 -2.6383790000000001e+001	
  4.6001000000000000e+009	 -2.6256830000000001e+001	
  4.6014000000000000e+009	 -2.6137699999999999e+001	
  4.6027000000000000e+009	 -2.5951170000000001e+001	
  4.6040000000000000e+009	 -2.5804690000000001e+001	
  4.6053000000000000e+009	 -2.5623040000000000e+001	
  4.6066000000000000e+009	 -2.5462890000000002e+001	
  4.6079000000000000e+009	 -2.5282229999999998e+001	
  4.6092000000000000e+009	 -2.5092770000000002e+001	
  4.6105000000000000e+009	 -2.4950189999999999e+001	
  4.6118000000000000e+009	 -2.4741209999999999e+001	
  4.6131000000000000e+009	 -2.4565429999999999e+001	
  4.6144000000000000e+009	 -2.4425780000000000e+001	
  4.6157000000000000e+009	 -2.4275390000000002e+001	
  4.6170000000000000e+009	 -2.4183589999999999e+001	
  4.6183000000000000e+009	 -2.4056640000000002e+001	
  4.6196000000000000e+009	 -2.3958010000000002e+001	
  4.6209000000000000e+009	 -2.3886720000000000e+001	
  4.6222000000000000e+009	 -2.3860350000000000e+001	
  4.6235000000000000e+009	 -2.3818359999999998e+001	
  4.6248000000000000e+009	 -2.3797850000000000e+001	
  4.6261000000000000e+009	 -2.3929690000000001e+001	
  4.6274000000000000e+009	 -2.3926760000000002e+001	
  4.6287000000000000e+009	 -2.3820309999999999e+001	
  4.6300000000000000e+009	 -2.3937500000000000e+001	
  4.6313000000000000e+009	 -2.3979489999999998e+001	
  4.6326000000000000e+009	 -2.4044920000000001e+001	
  4.6339000000000000e+009	 -2.4088860000000000e+001	
  4.6352000000000000e+009	 -2.4145510000000002e+001	
  4.6365000000000000e+009	 -2.4176749999999998e+001	
  4.6378000000000000e+009	 -2.4230470000000000e+001	
  4.6391000000000000e+009	 -2.4297850000000000e+001	
  4.6404000000000000e+009	 -2.4270510000000002e+001	
  4.6417000000000000e+009	 -2.4277339999999999e+001	
  4.6430000000000000e+009	 -2.4296880000000002e+001	
  4.6443000000000000e+009	 -2.4259760000000000e+001	
  4.6456000000000000e+009	 -2.4305660000000000e+001	
  4.6469000000000000e+009	 -2.4295900000000000e+001	
  4.6482000000000000e+009	 -2.4242190000000001e+001	
  4.6495000000000000e+009	 -2.4194340000000000e+001	
  4.6508000000000000e+009	 -2.4145510000000002e+001	
  4.6521000000000000e+009	 -2.4119140000000002e+001	
  4.6534000000000000e+009	 -2.4027339999999999e+001	
  4.6547000000000000e+009	 -2.3979489999999998e+001	
  4.6560000000000000e+009	 -2.4011720000000000e+001	
  4.6573000000000000e+009	 -2.3903320000000001e+001	
  4.6586000000000000e+009	 -2.3848630000000000e+001	
  4.6599000000000000e+009	 -2.3860350000000000e+001	
  4.6612000000000000e+009	 -2.3811520000000002e+001	
  4.6625000000000000e+009	 -2.3785160000000001e+001	
  4.6638000000000000e+009	 -2.3809570000000001e+001	
  4.6651000000000000e+009	 -2.3796869999999998e+001	
  4.6664000000000000e+009	 -2.3774410000000000e+001	
  4.6677000000000000e+009	 -2.3812500000000000e+001	
  4.6690000000000000e+009	 -2.3801760000000002e+001	
  4.6703000000000000e+009	 -2.3824220000000000e+001	
  4.6716000000000000e+009	 -2.3801760000000002e+001	
  4.6729000000000000e+009	 -2.3782219999999999e+001	
  4.6742000000000000e+009	 -2.3736329999999999e+001	
  4.6755000000000000e+009	 -2.3744140000000002e+001	
  4.6768000000000000e+009	 -2.3733400000000000e+001	
  4.6781000000000000e+009	 -2.3782219999999999e+001	
  4.6794000000000000e+009	 -2.3706050000000001e+001	
  4.6807000000000000e+009	 -2.3638670000000001e+001	
  4.6820000000000000e+009	 -2.3643560000000001e+001	
  4.6833000000000000e+009	 -2.3500000000000000e+001	
  4.6846000000000000e+009	 -2.3393550000000001e+001	
  4.6859000000000000e+009	 -2.3259760000000000e+001	
  4.6872000000000000e+009	 -2.3039059999999999e+001	
  4.6885000000000000e+009	 -2.2897459999999999e+001	
  4.6898000000000000e+009	 -2.2693359999999998e+001	
  4.6911000000000000e+009	 -2.2562500000000000e+001	
  4.6924000000000000e+009	 -2.2375969999999999e+001	
  4.6937000000000000e+009	 -2.2278320000000001e+001	
  4.6950000000000000e+009	 -2.2162109999999998e+001	
  4.6963000000000000e+009	 -2.1958010000000002e+001	
  4.6976000000000000e+009	 -2.1820309999999999e+001	
  4.6989000000000000e+009	 -2.1753910000000001e+001	
  4.7002000000000000e+009	 -2.1668939999999999e+001	
  4.7015000000000000e+009	 -2.1496089999999999e+001	
  4.7028000000000000e+009	 -2.1360350000000000e+001	
  4.7041000000000000e+009	 -2.1272459999999999e+001	
  4.7054000000000000e+009	 -2.1162109999999998e+001	
  4.7067000000000000e+009	 -2.1122070000000001e+001	
  4.7080000000000000e+009	 -2.1137699999999999e+001	
  4.7093000000000000e+009	 -2.1180660000000000e+001	
  4.7106000000000000e+009	 -2.1134760000000000e+001	
  4.7119000000000000e+009	 -2.1233400000000000e+001	
  4.7132000000000000e+009	 -2.1237300000000001e+001	
  4.7145000000000000e+009	 -2.1359369999999998e+001	
  4.7158000000000000e+009	 -2.1338870000000000e+001	
  4.7171000000000000e+009	 -2.1380859999999998e+001	
  4.7184000000000000e+009	 -2.1546869999999998e+001	
  4.7197000000000000e+009	 -2.1630859999999998e+001	
  4.7210000000000000e+009	 -2.1674800000000001e+001	
  4.7223000000000000e+009	 -2.1767579999999999e+001	
  4.7236000000000000e+009	 -2.1916010000000000e+001	
  4.7249000000000000e+009	 -2.1980470000000000e+001	
  4.7262000000000000e+009	 -2.2048829999999999e+001	
  4.7275000000000000e+009	 -2.2051760000000002e+001	
  4.7288000000000000e+009	 -2.2079100000000000e+001	
  4.7301000000000000e+009	 -2.2048829999999999e+001	
  4.7314000000000000e+009	 -2.2042970000000000e+001	
  4.7327000000000000e+009	 -2.1986329999999999e+001	
  4.7340000000000000e+009	 -2.1962890000000002e+001	
  4.7353000000000000e+009	 -2.1958990000000000e+001	
  4.7366000000000000e+009	 -2.1896480000000000e+001	
  4.7379000000000000e+009	 -2.1851559999999999e+001	
  4.7392000000000000e+009	 -2.1812500000000000e+001	
  4.7405000000000000e+009	 -2.1693359999999998e+001	
  4.7418000000000000e+009	 -2.1616209999999999e+001	
  4.7431000000000000e+009	 -2.1391600000000000e+001	
  4.7444000000000000e+009	 -2.1251950000000001e+001	
  4.7457000000000000e+009	 -2.1043939999999999e+001	
  4.7470000000000000e+009	 -2.0883790000000001e+001	
  4.7483000000000000e+009	 -2.0618160000000000e+001	
  4.7496000000000000e+009	 -2.0461910000000000e+001	
  4.7509000000000000e+009	 -2.0319330000000001e+001	
  4.7522000000000000e+009	 -2.0119140000000002e+001	
  4.7535000000000000e+009	 -1.9952150000000000e+001	
  4.7548000000000000e+009	 -1.9788080000000001e+001	
  4.7561000000000000e+009	 -1.9654299999999999e+001	
  4.7574000000000000e+009	 -1.9299800000000001e+001	
  4.7587000000000000e+009	 -1.9152339999999999e+001	
  4.7600000000000000e+009	 -1.8890619999999998e+001	
  4.7613000000000000e+009	 -1.8679690000000001e+001	
  4.7626000000000000e+009	 -1.8527339999999999e+001	
  4.7639000000000000e+009	 -1.8369140000000002e+001	
  4.7652000000000000e+009	 -1.8335940000000001e+001	
  4.7665000000000000e+009	 -1.8257809999999999e+001	
  4.7678000000000000e+009	 -1.8209959999999999e+001	
  4.7691000000000000e+009	 -1.8191400000000002e+001	
  4.7704000000000000e+009	 -1.8215820000000001e+001	
  4.7717000000000000e+009	 -1.8166020000000000e+001	
  4.7730000000000000e+009	 -1.8164059999999999e+001	
  4.7743000000000000e+009	 -1.8218750000000000e+001	
  4.7756000000000000e+009	 -1.8223630000000000e+001	
  4.7769000000000000e+009	 -1.8229489999999998e+001	
  4.7782000000000000e+009	 -1.8379880000000000e+001	
  4.7795000000000000e+009	 -1.8431640000000002e+001	
  4.7808000000000000e+009	 -1.8561520000000002e+001	
  4.7821000000000000e+009	 -1.8556640000000002e+001	
  4.7834000000000000e+009	 -1.8740230000000000e+001	
  4.7847000000000000e+009	 -1.8836910000000000e+001	
  4.7860000000000000e+009	 -1.8863280000000000e+001	
  4.7873000000000000e+009	 -1.8852540000000001e+001	
  4.7886000000000000e+009	 -1.8866209999999999e+001	
  4.7899000000000000e+009	 -1.8912109999999998e+001	
  4.7912000000000000e+009	 -1.8843750000000000e+001	
  4.7925000000000000e+009	 -1.8780270000000002e+001	
  4.7938000000000000e+009	 -1.8706050000000001e+001	
  4.7951000000000000e+009	 -1.8646480000000000e+001	
  4.7964000000000000e+009	 -1.8518550000000001e+001	
  4.7977000000000000e+009	 -1.8426760000000002e+001	
  4.7990000000000000e+009	 -1.8271480000000000e+001	
  4.8003000000000000e+009	 -1.8108400000000000e+001	
  4.8016000000000000e+009	 -1.7943359999999998e+001	
  4.8029000000000000e+009	 -1.7672850000000000e+001	
  4.8042000000000000e+009	 -1.7451170000000001e+001	
  4.8055000000000000e+009	 -1.7170900000000000e+001	
  4.8068000000000000e+009	 -1.6924800000000001e+001	
  4.8081000000000000e+009	 -1.6604489999999998e+001	
  4.8094000000000000e+009	 -1.6379880000000000e+001	
  4.8107000000000000e+009	 -1.6156250000000000e+001	
  4.8120000000000000e+009	 -1.5889650000000000e+001	
  4.8133000000000000e+009	 -1.5728030000000000e+001	
  4.8146000000000000e+009	 -1.5483400000000000e+001	
  4.8159000000000000e+009	 -1.5295900000000000e+001	
  4.8172000000000000e+009	 -1.5093260000000001e+001	
  4.8185000000000000e+009	 -1.4844730000000000e+001	
  4.8198000000000000e+009	 -1.4671390000000001e+001	
  4.8211000000000000e+009	 -1.4511720000000000e+001	
  4.8224000000000000e+009	 -1.4404299999999999e+001	
  4.8237000000000000e+009	 -1.4222170000000000e+001	
  4.8250000000000000e+009	 -1.4169919999999999e+001	
  4.8263000000000000e+009	 -1.4004390000000001e+001	
  4.8276000000000000e+009	 -1.3883789999999999e+001	
  4.8289000000000000e+009	 -1.3776370000000000e+001	
  4.8302000000000000e+009	 -1.3685060000000000e+001	
  4.8315000000000000e+009	 -1.3522460000000001e+001	
  4.8328000000000000e+009	 -1.3395020000000001e+001	
  4.8341000000000000e+009	 -1.3296390000000001e+001	
  4.8354000000000000e+009	 -1.3157710000000000e+001	
  4.8367000000000000e+009	 -1.2985840000000000e+001	
  4.8380000000000000e+009	 -1.2880369999999999e+001	
  4.8393000000000000e+009	 -1.2701169999999999e+001	
  4.8406000000000000e+009	 -1.2497070000000001e+001	
  4.8419000000000000e+009	 -1.2368160000000000e+001	
  4.8432000000000000e+009	 -1.2172359999999999e+001	
  4.8445000000000000e+009	 -1.1948240000000000e+001	
  4.8458000000000000e+009	 -1.1810549999999999e+001	
  4.8471000000000000e+009	 -1.1602050000000000e+001	
  4.8484000000000000e+009	 -1.1357910000000000e+001	
  4.8497000000000000e+009	 -1.1158690000000000e+001	
  4.8510000000000000e+009	 -1.0966310000000000e+001	
  4.8523000000000000e+009	 -1.0733400000000000e+001	
  4.8536000000000000e+009	 -1.0533690000000000e+001	
  4.8549000000000000e+009	 -1.0313960000000000e+001	
  4.8562000000000000e+009	 -1.0158690000000000e+001	
  4.8575000000000000e+009	 -9.9702149999999996e+000	
  4.8588000000000000e+009	 -9.7758789999999998e+000	
  4.8601000000000000e+009	 -9.5917969999999997e+000	
  4.8614000000000000e+009	 -9.4047850000000004e+000	
  4.8627000000000000e+009	 -9.2724609999999998e+000	
  4.8640000000000000e+009	 -9.0771479999999993e+000	
  4.8653000000000000e+009	 -8.8901369999999993e+000	
  4.8666000000000000e+009	 -8.7470700000000008e+000	
  4.8679000000000000e+009	 -8.6064450000000008e+000	
  4.8692000000000000e+009	 -8.4204100000000004e+000	
  4.8705000000000000e+009	 -8.2045899999999996e+000	
  4.8718000000000000e+009	 -8.0312500000000000e+000	
  4.8731000000000000e+009	 -7.9265140000000001e+000	
  4.8744000000000000e+009	 -7.7629390000000003e+000	
  4.8757000000000000e+009	 -7.6044919999999996e+000	
  4.8770000000000000e+009	 -7.4692379999999998e+000	
  4.8783000000000000e+009	 -7.4006350000000003e+000	
  4.8796000000000000e+009	 -7.2863769999999999e+000	
  4.8809000000000000e+009	 -7.2861330000000004e+000	
  4.8822000000000000e+009	 -7.2453609999999999e+000	
  4.8835000000000000e+009	 -7.2446289999999998e+000	
  4.8848000000000000e+009	 -7.3078609999999999e+000	
  4.8861000000000000e+009	 -7.3935550000000001e+000	
  4.8874000000000000e+009	 -7.4794919999999996e+000	
  4.8887000000000000e+009	 -7.5815429999999999e+000	
  4.8900000000000000e+009	 -7.7202149999999996e+000	
  4.8913000000000000e+009	 -7.7739260000000003e+000	
  4.8926000000000000e+009	 -7.9853519999999998e+000	
  4.8939000000000000e+009	 -8.1049799999999994e+000	
  4.8952000000000000e+009	 -8.2705079999999995e+000	
  4.8965000000000000e+009	 -8.3374020000000009e+000	
  4.8978000000000000e+009	 -8.4072270000000007e+000	
  4.8991000000000000e+009	 -8.5361329999999995e+000	
  4.9004000000000000e+009	 -8.6118159999999992e+000	
  4.9017000000000000e+009	 -8.7172850000000004e+000	
  4.9030000000000000e+009	 -8.7841799999999992e+000	
  4.9043000000000000e+009	 -8.8393549999999994e+000	
  4.9056000000000000e+009	 -8.9541020000000007e+000	
  4.9069000000000000e+009	 -9.0615229999999993e+000	
  4.9082000000000000e+009	 -9.1264649999999996e+000	
  4.9095000000000000e+009	 -9.2578130000000005e+000	
  4.9108000000000000e+009	 -9.3701170000000005e+000	
  4.9121000000000000e+009	 -9.5068359999999998e+000	
  4.9134000000000000e+009	 -9.6577149999999996e+000	
  4.9147000000000000e+009	 -9.8315429999999999e+000	
  4.9160000000000000e+009	 -9.9721679999999999e+000	
  4.9173000000000000e+009	 -1.0220700000000001e+001	
  4.9186000000000000e+009	 -1.0452150000000000e+001	
  4.9199000000000000e+009	 -1.0804200000000000e+001	
  4.9212000000000000e+009	 -1.1030270000000000e+001	
  4.9225000000000000e+009	 -1.1226070000000000e+001	
  4.9238000000000000e+009	 -1.1563480000000000e+001	
  4.9251000000000000e+009	 -1.1856450000000001e+001	
  4.9264000000000000e+009	 -1.2157710000000000e+001	
  4.9277000000000000e+009	 -1.2459960000000001e+001	
  4.9290000000000000e+009	 -1.2823240000000000e+001	
  4.9303000000000000e+009	 -1.3180180000000000e+001	
  4.9316000000000000e+009	 -1.3409179999999999e+001	
  4.9329000000000000e+009	 -1.3729979999999999e+001	
  4.9342000000000000e+009	 -1.4047850000000000e+001	
  4.9355000000000000e+009	 -1.4349610000000000e+001	
  4.9368000000000000e+009	 -1.4623540000000000e+001	
  4.9381000000000000e+009	 -1.4892580000000001e+001	
  4.9394000000000000e+009	 -1.5119140000000000e+001	
  4.9407000000000000e+009	 -1.5377929999999999e+001	
  4.9420000000000000e+009	 -1.5560060000000000e+001	
  4.9433000000000000e+009	 -1.5769530000000000e+001	
  4.9446000000000000e+009	 -1.5958500000000001e+001	
  4.9459000000000000e+009	 -1.6097660000000001e+001	
  4.9472000000000000e+009	 -1.6277339999999999e+001	
  4.9485000000000000e+009	 -1.6396480000000000e+001	
  4.9498000000000000e+009	 -1.6458980000000000e+001	
  4.9511000000000000e+009	 -1.6541989999999998e+001	
  4.9524000000000000e+009	 -1.6625000000000000e+001	
  4.9537000000000000e+009	 -1.6666989999999998e+001	
  4.9550000000000000e+009	 -1.6672850000000000e+001	
  4.9563000000000000e+009	 -1.6724609999999998e+001	
  4.9576000000000000e+009	 -1.6690429999999999e+001	
  4.9589000000000000e+009	 -1.6609369999999998e+001	
  4.9602000000000000e+009	 -1.6599609999999998e+001	
  4.9615000000000000e+009	 -1.6603520000000000e+001	
  4.9628000000000000e+009	 -1.6539059999999999e+001	
  4.9641000000000000e+009	 -1.6502929999999999e+001	
  4.9654000000000000e+009	 -1.6391600000000000e+001	
  4.9667000000000000e+009	 -1.6345700000000001e+001	
  4.9680000000000000e+009	 -1.6315429999999999e+001	
  4.9693000000000000e+009	 -1.6241209999999999e+001	
  4.9706000000000000e+009	 -1.6247070000000001e+001	
  4.9719000000000000e+009	 -1.6241209999999999e+001	
  4.9732000000000000e+009	 -1.6217770000000002e+001	
  4.9745000000000000e+009	 -1.6240230000000000e+001	
  4.9758000000000000e+009	 -1.6330079999999999e+001	
  4.9771000000000000e+009	 -1.6387689999999999e+001	
  4.9784000000000000e+009	 -1.6530270000000002e+001	
  4.9797000000000000e+009	 -1.6639650000000000e+001	
  4.9810000000000000e+009	 -1.6853510000000000e+001	
  4.9823000000000000e+009	 -1.7047850000000000e+001	
  4.9836000000000000e+009	 -1.7241209999999999e+001	
  4.9849000000000000e+009	 -1.7444330000000001e+001	
  4.9862000000000000e+009	 -1.7668939999999999e+001	
  4.9875000000000000e+009	 -1.7836910000000000e+001	
  4.9888000000000000e+009	 -1.8146480000000000e+001	
  4.9901000000000000e+009	 -1.8399410000000000e+001	
  4.9914000000000000e+009	 -1.8591790000000000e+001	
  4.9927000000000000e+009	 -1.8798829999999999e+001	
  4.9940000000000000e+009	 -1.9086910000000000e+001	
  4.9953000000000000e+009	 -1.9244140000000002e+001	
  4.9966000000000000e+009	 -1.9470700000000001e+001	
  4.9979000000000000e+009	 -1.9622070000000001e+001	
  4.9992000000000000e+009	 -1.9781250000000000e+001	
  5.0005000000000000e+009	 -1.9943359999999998e+001	
  5.0018000000000000e+009	 -2.0029299999999999e+001	
  5.0031000000000000e+009	 -2.0148430000000001e+001	
  5.0044000000000000e+009	 -2.0235350000000000e+001	
  5.0057000000000000e+009	 -2.0271480000000000e+001	
  5.0070000000000000e+009	 -2.0334959999999999e+001	
  5.0083000000000000e+009	 -2.0365230000000000e+001	
  5.0096000000000000e+009	 -2.0379880000000000e+001	
  5.0109000000000000e+009	 -2.0388670000000001e+001	
  5.0122000000000000e+009	 -2.0398440000000001e+001	
  5.0135000000000000e+009	 -2.0405270000000002e+001	
  5.0148000000000000e+009	 -2.0294920000000001e+001	
  5.0161000000000000e+009	 -2.0396490000000000e+001	
  5.0174000000000000e+009	 -2.0316410000000001e+001	
  5.0187000000000000e+009	 -2.0262689999999999e+001	
  5.0200000000000000e+009	 -2.0276370000000000e+001	
  5.0213000000000000e+009	 -2.0169920000000001e+001	
  5.0226000000000000e+009	 -2.0251950000000001e+001	
  5.0239000000000000e+009	 -2.0268550000000001e+001	
  5.0252000000000000e+009	 -2.0222650000000002e+001	
  5.0265000000000000e+009	 -2.0254880000000000e+001	
  5.0278000000000000e+009	 -2.0245120000000000e+001	
  5.0291000000000000e+009	 -2.0245120000000000e+001	
  5.0304000000000000e+009	 -2.0248049999999999e+001	
  5.0317000000000000e+009	 -2.0289059999999999e+001	
  5.0330000000000000e+009	 -2.0305660000000000e+001	
  5.0343000000000000e+009	 -2.0318359999999998e+001	
  5.0356000000000000e+009	 -2.0348630000000000e+001	
  5.0369000000000000e+009	 -2.0314450000000001e+001	
  5.0382000000000000e+009	 -2.0355470000000000e+001	
  5.0395000000000000e+009	 -2.0339839999999999e+001	
  5.0408000000000000e+009	 -2.0301760000000002e+001	
  5.0421000000000000e+009	 -2.0343750000000000e+001	
  5.0434000000000000e+009	 -2.0349609999999998e+001	
  5.0447000000000000e+009	 -2.0357420000000001e+001	
  5.0460000000000000e+009	 -2.0325189999999999e+001	
  5.0473000000000000e+009	 -2.0424800000000001e+001	
  5.0486000000000000e+009	 -2.0442380000000000e+001	
  5.0499000000000000e+009	 -2.0362310000000001e+001	
  5.0512000000000000e+009	 -2.0406250000000000e+001	
  5.0525000000000000e+009	 -2.0388670000000001e+001	
  5.0538000000000000e+009	 -2.0455079999999999e+001	
  5.0551000000000000e+009	 -2.0472660000000001e+001	
  5.0564000000000000e+009	 -2.0583980000000000e+001	
  5.0577000000000000e+009	 -2.0646480000000000e+001	
  5.0590000000000000e+009	 -2.0776370000000000e+001	
  5.0603000000000000e+009	 -2.0884770000000000e+001	
  5.0616000000000000e+009	 -2.1006840000000000e+001	
  5.0629000000000000e+009	 -2.1126950000000001e+001	
  5.0642000000000000e+009	 -2.1276360000000000e+001	
  5.0655000000000000e+009	 -2.1427730000000000e+001	
  5.0668000000000000e+009	 -2.1587890000000002e+001	
  5.0681000000000000e+009	 -2.1824220000000000e+001	
  5.0694000000000000e+009	 -2.1935540000000000e+001	
  5.0707000000000000e+009	 -2.2091790000000000e+001	
  5.0720000000000000e+009	 -2.2241209999999999e+001	
  5.0733000000000000e+009	 -2.2437500000000000e+001	
  5.0746000000000000e+009	 -2.2612300000000001e+001	
  5.0759000000000000e+009	 -2.2734380000000002e+001	
  5.0772000000000000e+009	 -2.2771480000000000e+001	
  5.0785000000000000e+009	 -2.2981439999999999e+001	
  5.0798000000000000e+009	 -2.3100590000000000e+001	
  5.0811000000000000e+009	 -2.3152339999999999e+001	
  5.0824000000000000e+009	 -2.3193359999999998e+001	
  5.0837000000000000e+009	 -2.3258790000000001e+001	
  5.0850000000000000e+009	 -2.3352540000000001e+001	
  5.0863000000000000e+009	 -2.3310549999999999e+001	
  5.0876000000000000e+009	 -2.3253900000000002e+001	
  5.0889000000000000e+009	 -2.3246089999999999e+001	
  5.0902000000000000e+009	 -2.3239249999999998e+001	
  5.0915000000000000e+009	 -2.3104489999999998e+001	
  5.0928000000000000e+009	 -2.3065429999999999e+001	
  5.0941000000000000e+009	 -2.2964839999999999e+001	
  5.0954000000000000e+009	 -2.2832030000000000e+001	
  5.0967000000000000e+009	 -2.2684570000000001e+001	
  5.0980000000000000e+009	 -2.2554690000000001e+001	
  5.0993000000000000e+009	 -2.2408200000000001e+001	
  5.1006000000000000e+009	 -2.2249020000000002e+001	
  5.1019000000000000e+009	 -2.2147459999999999e+001	
  5.1032000000000000e+009	 -2.1998049999999999e+001	
  5.1045000000000000e+009	 -2.1806640000000002e+001	
  5.1058000000000000e+009	 -2.1668939999999999e+001	
  5.1071000000000000e+009	 -2.1551760000000002e+001	
  5.1084000000000000e+009	 -2.1497070000000001e+001	
  5.1097000000000000e+009	 -2.1270510000000002e+001	
  5.1110000000000000e+009	 -2.1157229999999998e+001	
  5.1123000000000000e+009	 -2.1154290000000000e+001	
  5.1136000000000000e+009	 -2.1091790000000000e+001	
  5.1149000000000000e+009	 -2.1034179999999999e+001	
  5.1162000000000000e+009	 -2.1060549999999999e+001	
  5.1175000000000000e+009	 -2.1113280000000000e+001	
  5.1188000000000000e+009	 -2.1160150000000002e+001	
  5.1201000000000000e+009	 -2.1277339999999999e+001	
  5.1214000000000000e+009	 -2.1370120000000000e+001	
  5.1227000000000000e+009	 -2.1500969999999999e+001	
  5.1240000000000000e+009	 -2.1653320000000001e+001	
  5.1253000000000000e+009	 -2.1829100000000000e+001	
  5.1266000000000000e+009	 -2.1993169999999999e+001	
  5.1279000000000000e+009	 -2.2209959999999999e+001	
  5.1292000000000000e+009	 -2.2423829999999999e+001	
  5.1305000000000000e+009	 -2.2640619999999998e+001	
  5.1318000000000000e+009	 -2.2846679999999999e+001	
  5.1331000000000000e+009	 -2.3079100000000000e+001	
  5.1344000000000000e+009	 -2.3269530000000000e+001	
  5.1357000000000000e+009	 -2.3450189999999999e+001	
  5.1370000000000000e+009	 -2.3655270000000002e+001	
  5.1383000000000000e+009	 -2.3778320000000001e+001	
  5.1396000000000000e+009	 -2.3917970000000000e+001	
  5.1409000000000000e+009	 -2.4055660000000000e+001	
  5.1422000000000000e+009	 -2.4183589999999999e+001	
  5.1435000000000000e+009	 -2.4274410000000000e+001	
  5.1448000000000000e+009	 -2.4339839999999999e+001	
  5.1461000000000000e+009	 -2.4376950000000001e+001	
  5.1474000000000000e+009	 -2.4360350000000000e+001	
  5.1487000000000000e+009	 -2.4411130000000000e+001	
  5.1500000000000000e+009	 -2.4364260000000002e+001	
  5.1513000000000000e+009	 -2.4363280000000000e+001	
  5.1526000000000000e+009	 -2.4245110000000000e+001	
  5.1539000000000000e+009	 -2.4213870000000000e+001	
  5.1552000000000000e+009	 -2.4066410000000001e+001	
  5.1565000000000000e+009	 -2.3896480000000000e+001	
  5.1578000000000000e+009	 -2.3777339999999999e+001	
  5.1591000000000000e+009	 -2.3596679999999999e+001	
  5.1604000000000000e+009	 -2.3416989999999998e+001	
  5.1617000000000000e+009	 -2.3250000000000000e+001	
  5.1630000000000000e+009	 -2.3025390000000002e+001	
  5.1643000000000000e+009	 -2.2873040000000000e+001	
  5.1656000000000000e+009	 -2.2652339999999999e+001	
  5.1669000000000000e+009	 -2.2471679999999999e+001	
  5.1682000000000000e+009	 -2.2294920000000001e+001	
  5.1695000000000000e+009	 -2.2133790000000001e+001	
  5.1708000000000000e+009	 -2.1914059999999999e+001	
  5.1721000000000000e+009	 -2.1871089999999999e+001	
  5.1734000000000000e+009	 -2.1767579999999999e+001	
  5.1747000000000000e+009	 -2.1690429999999999e+001	
  5.1760000000000000e+009	 -2.1609369999999998e+001	
  5.1773000000000000e+009	 -2.1557620000000000e+001	
  5.1786000000000000e+009	 -2.1623040000000000e+001	
  5.1799000000000000e+009	 -2.1617190000000001e+001	
  5.1812000000000000e+009	 -2.1699220000000000e+001	
  5.1825000000000000e+009	 -2.1798829999999999e+001	
  5.1838000000000000e+009	 -2.1961910000000000e+001	
  5.1851000000000000e+009	 -2.1948239999999998e+001	
  5.1864000000000000e+009	 -2.2125000000000000e+001	
  5.1877000000000000e+009	 -2.2278320000000001e+001	
  5.1890000000000000e+009	 -2.2408200000000001e+001	
  5.1903000000000000e+009	 -2.2584959999999999e+001	
  5.1916000000000000e+009	 -2.2753910000000001e+001	
  5.1929000000000000e+009	 -2.2913080000000001e+001	
  5.1942000000000000e+009	 -2.3057620000000000e+001	
  5.1955000000000000e+009	 -2.3216799999999999e+001	
  5.1968000000000000e+009	 -2.3353510000000000e+001	
  5.1981000000000000e+009	 -2.3438479999999998e+001	
  5.1994000000000000e+009	 -2.3612300000000001e+001	
  5.2007000000000000e+009	 -2.3730470000000000e+001	
  5.2020000000000000e+009	 -2.3818359999999998e+001	
  5.2033000000000000e+009	 -2.3850580000000001e+001	
  5.2046000000000000e+009	 -2.4112300000000001e+001	
  5.2059000000000000e+009	 -2.4041010000000000e+001	
  5.2072000000000000e+009	 -2.4202150000000000e+001	
  5.2085000000000000e+009	 -2.4223630000000000e+001	
  5.2098000000000000e+009	 -2.4324220000000000e+001	
  5.2111000000000000e+009	 -2.4409179999999999e+001	
  5.2124000000000000e+009	 -2.4357420000000001e+001	
  5.2137000000000000e+009	 -2.4515619999999998e+001	
  5.2150000000000000e+009	 -2.4524410000000000e+001	
  5.2163000000000000e+009	 -2.4519530000000000e+001	
  5.2176000000000000e+009	 -2.4555660000000000e+001	
  5.2189000000000000e+009	 -2.4571290000000001e+001	
  5.2202000000000000e+009	 -2.4564450000000001e+001	
  5.2215000000000000e+009	 -2.4527339999999999e+001	
  5.2228000000000000e+009	 -2.4536130000000000e+001	
  5.2241000000000000e+009	 -2.4477540000000001e+001	
  5.2254000000000000e+009	 -2.4424800000000001e+001	
  5.2267000000000000e+009	 -2.4334959999999999e+001	
  5.2280000000000000e+009	 -2.4208980000000000e+001	
  5.2293000000000000e+009	 -2.4161130000000000e+001	
  5.2306000000000000e+009	 -2.4132809999999999e+001	
  5.2319000000000000e+009	 -2.3980470000000000e+001	
  5.2332000000000000e+009	 -2.3874020000000002e+001	
  5.2345000000000000e+009	 -2.3782219999999999e+001	
  5.2358000000000000e+009	 -2.3645510000000002e+001	
  5.2371000000000000e+009	 -2.3518550000000001e+001	
  5.2384000000000000e+009	 -2.3401370000000000e+001	
  5.2397000000000000e+009	 -2.3298829999999999e+001	
  5.2410000000000000e+009	 -2.3239249999999998e+001	
  5.2423000000000000e+009	 -2.3052740000000000e+001	
  5.2436000000000000e+009	 -2.3021480000000000e+001	
  5.2449000000000000e+009	 -2.2981439999999999e+001	
  5.2462000000000000e+009	 -2.2898440000000001e+001	
  5.2475000000000000e+009	 -2.2878900000000002e+001	
  5.2488000000000000e+009	 -2.2856449999999999e+001	
  5.2501000000000000e+009	 -2.2853510000000000e+001	
  5.2514000000000000e+009	 -2.2917970000000000e+001	
  5.2527000000000000e+009	 -2.2976559999999999e+001	
  5.2540000000000000e+009	 -2.3034179999999999e+001	
  5.2553000000000000e+009	 -2.3133790000000001e+001	
  5.2566000000000000e+009	 -2.3281250000000000e+001	
  5.2579000000000000e+009	 -2.3377929999999999e+001	
  5.2592000000000000e+009	 -2.3549800000000001e+001	
  5.2605000000000000e+009	 -2.3656250000000000e+001	
  5.2618000000000000e+009	 -2.3818359999999998e+001	
  5.2631000000000000e+009	 -2.3881840000000000e+001	
  5.2644000000000000e+009	 -2.4095700000000001e+001	
  5.2657000000000000e+009	 -2.4173829999999999e+001	
  5.2670000000000000e+009	 -2.4363280000000000e+001	
  5.2683000000000000e+009	 -2.4425780000000000e+001	
  5.2696000000000000e+009	 -2.4558589999999999e+001	
  5.2709000000000000e+009	 -2.4678709999999999e+001	
  5.2722000000000000e+009	 -2.4727540000000001e+001	
  5.2735000000000000e+009	 -2.4816400000000002e+001	
  5.2748000000000000e+009	 -2.4814450000000001e+001	
  5.2761000000000000e+009	 -2.4854489999999998e+001	
  5.2774000000000000e+009	 -2.4967770000000002e+001	
  5.2787000000000000e+009	 -2.4885739999999998e+001	
  5.2800000000000000e+009	 -2.4850580000000001e+001	
  5.2813000000000000e+009	 -2.4837890000000002e+001	
  5.2826000000000000e+009	 -2.4784179999999999e+001	
  5.2839000000000000e+009	 -2.4794920000000001e+001	
  5.2852000000000000e+009	 -2.4694330000000001e+001	
  5.2865000000000000e+009	 -2.4654290000000000e+001	
  5.2878000000000000e+009	 -2.4570309999999999e+001	
  5.2891000000000000e+009	 -2.4515619999999998e+001	
  5.2904000000000000e+009	 -2.4472660000000001e+001	
  5.2917000000000000e+009	 -2.4344729999999998e+001	
  5.2930000000000000e+009	 -2.4296880000000002e+001	
  5.2943000000000000e+009	 -2.4199220000000000e+001	
  5.2956000000000000e+009	 -2.4107420000000001e+001	
  5.2969000000000000e+009	 -2.4081050000000001e+001	
  5.2982000000000000e+009	 -2.4010739999999998e+001	
  5.2995000000000000e+009	 -2.3954100000000000e+001	
  5.3008000000000000e+009	 -2.3859369999999998e+001	
  5.3021000000000000e+009	 -2.3771480000000000e+001	
  5.3034000000000000e+009	 -2.3653320000000001e+001	
  5.3047000000000000e+009	 -2.3558589999999999e+001	
  5.3060000000000000e+009	 -2.3483400000000000e+001	
  5.3073000000000000e+009	 -2.3387689999999999e+001	
  5.3086000000000000e+009	 -2.3286130000000000e+001	
  5.3099000000000000e+009	 -2.3136720000000000e+001	
  5.3112000000000000e+009	 -2.3051760000000002e+001	
  5.3125000000000000e+009	 -2.2875979999999998e+001	
  5.3138000000000000e+009	 -2.2810540000000000e+001	
  5.3151000000000000e+009	 -2.2655270000000002e+001	
  5.3164000000000000e+009	 -2.2561520000000002e+001	
  5.3177000000000000e+009	 -2.2469729999999998e+001	
  5.3190000000000000e+009	 -2.2307620000000000e+001	
  5.3203000000000000e+009	 -2.2244140000000002e+001	
  5.3216000000000000e+009	 -2.2152339999999999e+001	
  5.3229000000000000e+009	 -2.2078119999999998e+001	
  5.3242000000000000e+009	 -2.2068359999999998e+001	
  5.3255000000000000e+009	 -2.2098630000000000e+001	
  5.3268000000000000e+009	 -2.2045900000000000e+001	
  5.3281000000000000e+009	 -2.2123049999999999e+001	
  5.3294000000000000e+009	 -2.2150390000000002e+001	
  5.3307000000000000e+009	 -2.2265630000000002e+001	
  5.3320000000000000e+009	 -2.2369140000000002e+001	
  5.3333000000000000e+009	 -2.2528320000000001e+001	
  5.3346000000000000e+009	 -2.2628900000000002e+001	
  5.3359000000000000e+009	 -2.2795900000000000e+001	
  5.3372000000000000e+009	 -2.2970700000000001e+001	
  5.3385000000000000e+009	 -2.3080079999999999e+001	
  5.3398000000000000e+009	 -2.3297850000000000e+001	
  5.3411000000000000e+009	 -2.3496089999999999e+001	
  5.3424000000000000e+009	 -2.3655270000000002e+001	
  5.3437000000000000e+009	 -2.3750000000000000e+001	
  5.3450000000000000e+009	 -2.3867190000000001e+001	
  5.3463000000000000e+009	 -2.4036130000000000e+001	
  5.3476000000000000e+009	 -2.4114260000000002e+001	
  5.3489000000000000e+009	 -2.4144530000000000e+001	
  5.3502000000000000e+009	 -2.4176749999999998e+001	
  5.3515000000000000e+009	 -2.4199220000000000e+001	
  5.3528000000000000e+009	 -2.4195309999999999e+001	
  5.3541000000000000e+009	 -2.4142579999999999e+001	
  5.3554000000000000e+009	 -2.4060540000000000e+001	
  5.3567000000000000e+009	 -2.3986329999999999e+001	
  5.3580000000000000e+009	 -2.3828130000000002e+001	
  5.3593000000000000e+009	 -2.3708980000000000e+001	
  5.3606000000000000e+009	 -2.3501950000000001e+001	
  5.3619000000000000e+009	 -2.3290040000000001e+001	
  5.3632000000000000e+009	 -2.3090820000000001e+001	
  5.3645000000000000e+009	 -2.2857420000000001e+001	
  5.3658000000000000e+009	 -2.2645510000000002e+001	
  5.3671000000000000e+009	 -2.2258790000000001e+001	
  5.3684000000000000e+009	 -2.2128910000000001e+001	
  5.3697000000000000e+009	 -2.1827150000000000e+001	
  5.3710000000000000e+009	 -2.1543949999999999e+001	
  5.3723000000000000e+009	 -2.1315429999999999e+001	
  5.3736000000000000e+009	 -2.1059570000000001e+001	
  5.3749000000000000e+009	 -2.0850590000000000e+001	
  5.3762000000000000e+009	 -2.0620120000000000e+001	
  5.3775000000000000e+009	 -2.0480470000000000e+001	
  5.3788000000000000e+009	 -2.0375979999999998e+001	
  5.3801000000000000e+009	 -2.0254880000000000e+001	
  5.3814000000000000e+009	 -2.0167970000000000e+001	
  5.3827000000000000e+009	 -2.0132809999999999e+001	
  5.3840000000000000e+009	 -2.0111329999999999e+001	
  5.3853000000000000e+009	 -2.0091799999999999e+001	
  5.3866000000000000e+009	 -2.0120120000000000e+001	
  5.3879000000000000e+009	 -2.0170900000000000e+001	
  5.3892000000000000e+009	 -2.0209959999999999e+001	
  5.3905000000000000e+009	 -2.0315429999999999e+001	
  5.3918000000000000e+009	 -2.0435549999999999e+001	
  5.3931000000000000e+009	 -2.0445309999999999e+001	
  5.3944000000000000e+009	 -2.0542970000000000e+001	
  5.3957000000000000e+009	 -2.0631830000000001e+001	
  5.3970000000000000e+009	 -2.0799800000000001e+001	
  5.3983000000000000e+009	 -2.0842770000000002e+001	
  5.3996000000000000e+009	 -2.0897459999999999e+001	
  5.4009000000000000e+009	 -2.0986329999999999e+001	
  5.4022000000000000e+009	 -2.0990230000000000e+001	
  5.4035000000000000e+009	 -2.1101559999999999e+001	
  5.4048000000000000e+009	 -2.1222650000000002e+001	
  5.4061000000000000e+009	 -2.1102540000000001e+001	
  5.4074000000000000e+009	 -2.1098630000000000e+001	
  5.4087000000000000e+009	 -2.1123049999999999e+001	
  5.4100000000000000e+009	 -2.1044920000000001e+001	
  5.4113000000000000e+009	 -2.1116209999999999e+001	
  5.4126000000000000e+009	 -2.1074220000000000e+001	
  5.4139000000000000e+009	 -2.1041989999999998e+001	
  5.4152000000000000e+009	 -2.0989260000000002e+001	
  5.4165000000000000e+009	 -2.0936520000000002e+001	
  5.4178000000000000e+009	 -2.0836910000000000e+001	
  5.4191000000000000e+009	 -2.0797850000000000e+001	
  5.4204000000000000e+009	 -2.0703130000000002e+001	
  5.4217000000000000e+009	 -2.0594729999999998e+001	
  5.4230000000000000e+009	 -2.0523440000000001e+001	
  5.4243000000000000e+009	 -2.0398440000000001e+001	
  5.4256000000000000e+009	 -2.0294920000000001e+001	
  5.4269000000000000e+009	 -2.0196290000000001e+001	
  5.4282000000000000e+009	 -2.0082030000000000e+001	
  5.4295000000000000e+009	 -1.9974609999999998e+001	
  5.4308000000000000e+009	 -1.9821290000000001e+001	
  5.4321000000000000e+009	 -1.9685540000000000e+001	
  5.4334000000000000e+009	 -1.9694340000000000e+001	
  5.4347000000000000e+009	 -1.9460940000000001e+001	
  5.4360000000000000e+009	 -1.9291010000000000e+001	
  5.4373000000000000e+009	 -1.9178709999999999e+001	
  5.4386000000000000e+009	 -1.9017579999999999e+001	
  5.4399000000000000e+009	 -1.8898440000000001e+001	
  5.4412000000000000e+009	 -1.8728510000000000e+001	
  5.4425000000000000e+009	 -1.8598630000000000e+001	
  5.4438000000000000e+009	 -1.8504880000000000e+001	
  5.4451000000000000e+009	 -1.8379880000000000e+001	
  5.4464000000000000e+009	 -1.8285160000000001e+001	
  5.4477000000000000e+009	 -1.8170900000000000e+001	
  5.4490000000000000e+009	 -1.8081050000000001e+001	
  5.4503000000000000e+009	 -1.8010739999999998e+001	
  5.4516000000000000e+009	 -1.7943359999999998e+001	
  5.4529000000000000e+009	 -1.7887689999999999e+001	
  5.4542000000000000e+009	 -1.7811520000000002e+001	
  5.4555000000000000e+009	 -1.7797850000000000e+001	
  5.4568000000000000e+009	 -1.7807620000000000e+001	
  5.4581000000000000e+009	 -1.7686520000000002e+001	
  5.4594000000000000e+009	 -1.7680660000000000e+001	
  5.4607000000000000e+009	 -1.7683589999999999e+001	
  5.4620000000000000e+009	 -1.7676760000000002e+001	
  5.4633000000000000e+009	 -1.7684570000000001e+001	
  5.4646000000000000e+009	 -1.7751950000000001e+001	
  5.4659000000000000e+009	 -1.7768550000000001e+001	
  5.4672000000000000e+009	 -1.7718750000000000e+001	
  5.4685000000000000e+009	 -1.7777339999999999e+001	
  5.4698000000000000e+009	 -1.7822270000000000e+001	
  5.4711000000000000e+009	 -1.7815429999999999e+001	
  5.4724000000000000e+009	 -1.7795900000000000e+001	
  5.4737000000000000e+009	 -1.7815429999999999e+001	
  5.4750000000000000e+009	 -1.7850580000000001e+001	
  5.4763000000000000e+009	 -1.7860350000000000e+001	
  5.4776000000000000e+009	 -1.7849609999999998e+001	
  5.4789000000000000e+009	 -1.7893550000000001e+001	
  5.4802000000000000e+009	 -1.7901370000000000e+001	
  5.4815000000000000e+009	 -1.7896480000000000e+001	
  5.4828000000000000e+009	 -1.7927730000000000e+001	
  5.4841000000000000e+009	 -1.7973630000000000e+001	
  5.4854000000000000e+009	 -1.7963870000000000e+001	
  5.4867000000000000e+009	 -1.8008790000000001e+001	
  5.4880000000000000e+009	 -1.8031250000000000e+001	
  5.4893000000000000e+009	 -1.8072260000000000e+001	
  5.4906000000000000e+009	 -1.7994140000000002e+001	
  5.4919000000000000e+009	 -1.8075189999999999e+001	
  5.4932000000000000e+009	 -1.8111329999999999e+001	
  5.4945000000000000e+009	 -1.8139650000000000e+001	
  5.4958000000000000e+009	 -1.8135739999999998e+001	
  5.4971000000000000e+009	 -1.8190429999999999e+001	
  5.4984000000000000e+009	 -1.8137689999999999e+001	
  5.4997000000000000e+009	 -1.8207030000000000e+001	
  5.5010000000000000e+009	 -1.8169920000000001e+001	
  5.5023000000000000e+009	 -1.8130859999999998e+001	
  5.5036000000000000e+009	 -1.8065429999999999e+001	
  5.5049000000000000e+009	 -1.8029299999999999e+001	
  5.5062000000000000e+009	 -1.7972660000000001e+001	
  5.5075000000000000e+009	 -1.7914059999999999e+001	
  5.5088000000000000e+009	 -1.7847650000000002e+001	
  5.5101000000000000e+009	 -1.7756830000000001e+001	
  5.5114000000000000e+009	 -1.7667970000000000e+001	
  5.5127000000000000e+009	 -1.7528320000000001e+001	
  5.5140000000000000e+009	 -1.7386720000000000e+001	
  5.5153000000000000e+009	 -1.7303709999999999e+001	
  5.5166000000000000e+009	 -1.7116209999999999e+001	
  5.5179000000000000e+009	 -1.6983400000000000e+001	
  5.5192000000000000e+009	 -1.6807620000000000e+001	
  5.5205000000000000e+009	 -1.6777339999999999e+001	
  5.5218000000000000e+009	 -1.6722660000000001e+001	
  5.5231000000000000e+009	 -1.6539059999999999e+001	
  5.5244000000000000e+009	 -1.6480470000000000e+001	
  5.5257000000000000e+009	 -1.6405270000000002e+001	
  5.5270000000000000e+009	 -1.6367190000000001e+001	
  5.5283000000000000e+009	 -1.6337890000000002e+001	
  5.5296000000000000e+009	 -1.6333010000000002e+001	
  5.5309000000000000e+009	 -1.6362300000000001e+001	
  5.5322000000000000e+009	 -1.6403320000000001e+001	
  5.5335000000000000e+009	 -1.6527339999999999e+001	
  5.5348000000000000e+009	 -1.6649410000000000e+001	
  5.5361000000000000e+009	 -1.6817380000000000e+001	
  5.5374000000000000e+009	 -1.6965820000000001e+001	
  5.5387000000000000e+009	 -1.7181640000000002e+001	
  5.5400000000000000e+009	 -1.7390619999999998e+001	
