  4.4800000000000000e+009	 -2.6226559999999999e+001	
  4.4809000000000000e+009	 -2.6191410000000001e+001	
  4.4818000000000000e+009	 -2.6134760000000000e+001	
  4.4827000000000000e+009	 -2.6087890000000002e+001	
  4.4836000000000000e+009	 -2.6047850000000000e+001	
  4.4845000000000000e+009	 -2.5998040000000000e+001	
  4.4854000000000000e+009	 -2.5959959999999999e+001	
  4.4863000000000000e+009	 -2.5897459999999999e+001	
  4.4872000000000000e+009	 -2.5802730000000000e+001	
  4.4881000000000000e+009	 -2.5716799999999999e+001	
  4.4890000000000000e+009	 -2.5644530000000000e+001	
  4.4899000000000000e+009	 -2.5557610000000000e+001	
  4.4908000000000000e+009	 -2.5521480000000000e+001	
  4.4917000000000000e+009	 -2.5428709999999999e+001	
  4.4926000000000000e+009	 -2.5332999999999998e+001	
  4.4935000000000000e+009	 -2.5247070000000001e+001	
  4.4944000000000000e+009	 -2.5129880000000000e+001	
  4.4953000000000000e+009	 -2.5053709999999999e+001	
  4.4962000000000000e+009	 -2.4960940000000001e+001	
  4.4971000000000000e+009	 -2.4854489999999998e+001	
  4.4980000000000000e+009	 -2.4772459999999999e+001	
  4.4989000000000000e+009	 -2.4763670000000001e+001	
  4.4998000000000000e+009	 -2.4686520000000002e+001	
  4.5007000000000000e+009	 -2.4642579999999999e+001	
  4.5016000000000000e+009	 -2.4580079999999999e+001	
  4.5025000000000000e+009	 -2.4543939999999999e+001	
  4.5034000000000000e+009	 -2.4529290000000000e+001	
  4.5043000000000000e+009	 -2.4494140000000002e+001	
  4.5052000000000000e+009	 -2.4529290000000000e+001	
  4.5061000000000000e+009	 -2.4574220000000000e+001	
  4.5070000000000000e+009	 -2.4553709999999999e+001	
  4.5079000000000000e+009	 -2.4621089999999999e+001	
  4.5088000000000000e+009	 -2.4694330000000001e+001	
  4.5097000000000000e+009	 -2.4714839999999999e+001	
  4.5106000000000000e+009	 -2.4794920000000001e+001	
  4.5115000000000000e+009	 -2.4875969999999999e+001	
  4.5124000000000000e+009	 -2.4944330000000001e+001	
  4.5133000000000000e+009	 -2.5030270000000002e+001	
  4.5142000000000000e+009	 -2.5107420000000001e+001	
  4.5151000000000000e+009	 -2.5167970000000000e+001	
  4.5160000000000000e+009	 -2.5259760000000000e+001	
  4.5169000000000000e+009	 -2.5300780000000000e+001	
  4.5178000000000000e+009	 -2.5405270000000002e+001	
  4.5187000000000000e+009	 -2.5457030000000000e+001	
  4.5196000000000000e+009	 -2.5505859999999998e+001	
  4.5205000000000000e+009	 -2.5483400000000000e+001	
  4.5214000000000000e+009	 -2.5549800000000001e+001	
  4.5223000000000000e+009	 -2.5557610000000000e+001	
  4.5232000000000000e+009	 -2.5606439999999999e+001	
  4.5241000000000000e+009	 -2.5589839999999999e+001	
  4.5250000000000000e+009	 -2.5571290000000001e+001	
  4.5259000000000000e+009	 -2.5426749999999998e+001	
  4.5268000000000000e+009	 -2.5354489999999998e+001	
  4.5277000000000000e+009	 -2.5326170000000001e+001	
  4.5286000000000000e+009	 -2.5214839999999999e+001	
  4.5295000000000000e+009	 -2.5111329999999999e+001	
  4.5304000000000000e+009	 -2.4985350000000000e+001	
  4.5313000000000000e+009	 -2.4877929999999999e+001	
  4.5322000000000000e+009	 -2.4767579999999999e+001	
  4.5331000000000000e+009	 -2.4795890000000000e+001	
  4.5340000000000000e+009	 -2.4881830000000001e+001	
  4.5349000000000000e+009	 -2.5143550000000001e+001	
  4.5358000000000000e+009	 -2.5654299999999999e+001	
  4.5367000000000000e+009	 -2.6461910000000000e+001	
  4.5376000000000000e+009	 -2.7376950000000001e+001	
  4.5385000000000000e+009	 -2.8394530000000000e+001	
  4.5394000000000000e+009	 -2.9232420000000001e+001	
  4.5403000000000000e+009	 -2.9821290000000001e+001	
  4.5412000000000000e+009	 -3.0105470000000000e+001	
  4.5421000000000000e+009	 -3.0095700000000001e+001	
  4.5430000000000000e+009	 -2.9898430000000001e+001	
  4.5439000000000000e+009	 -2.9625000000000000e+001	
  4.5448000000000000e+009	 -2.9306640000000002e+001	
  4.5457000000000000e+009	 -2.8978510000000000e+001	
  4.5466000000000000e+009	 -2.8610350000000000e+001	
  4.5475000000000000e+009	 -2.8282219999999999e+001	
  4.5484000000000000e+009	 -2.7964839999999999e+001	
  4.5493000000000000e+009	 -2.7674800000000001e+001	
  4.5502000000000000e+009	 -2.7379880000000000e+001	
  4.5511000000000000e+009	 -2.7106439999999999e+001	
  4.5520000000000000e+009	 -2.6919920000000001e+001	
  4.5529000000000000e+009	 -2.6684570000000001e+001	
  4.5538000000000000e+009	 -2.6422850000000000e+001	
  4.5547000000000000e+009	 -2.6232420000000001e+001	
  4.5556000000000000e+009	 -2.6110350000000000e+001	
  4.5565000000000000e+009	 -2.5980470000000000e+001	
  4.5574000000000000e+009	 -2.5859380000000002e+001	
  4.5583000000000000e+009	 -2.5685540000000000e+001	
  4.5592000000000000e+009	 -2.5639650000000000e+001	
  4.5601000000000000e+009	 -2.5513670000000001e+001	
  4.5610000000000000e+009	 -2.5475580000000001e+001	
  4.5619000000000000e+009	 -2.5421869999999998e+001	
  4.5628000000000000e+009	 -2.5329100000000000e+001	
  4.5637000000000000e+009	 -2.5285150000000002e+001	
  4.5646000000000000e+009	 -2.5308589999999999e+001	
  4.5655000000000000e+009	 -2.5222650000000002e+001	
  4.5664000000000000e+009	 -2.5279290000000000e+001	
  4.5673000000000000e+009	 -2.5305660000000000e+001	
  4.5682000000000000e+009	 -2.5350580000000001e+001	
  4.5691000000000000e+009	 -2.5353510000000000e+001	
  4.5700000000000000e+009	 -2.5453119999999998e+001	
  4.5709000000000000e+009	 -2.5453119999999998e+001	
  4.5718000000000000e+009	 -2.5559570000000001e+001	
  4.5727000000000000e+009	 -2.5615230000000000e+001	
  4.5736000000000000e+009	 -2.5656250000000000e+001	
  4.5745000000000000e+009	 -2.5756840000000000e+001	
  4.5754000000000000e+009	 -2.5823239999999998e+001	
  4.5763000000000000e+009	 -2.5866209999999999e+001	
  4.5772000000000000e+009	 -2.5981449999999999e+001	
  4.5781000000000000e+009	 -2.6037109999999998e+001	
  4.5790000000000000e+009	 -2.6091790000000000e+001	
  4.5799000000000000e+009	 -2.6172850000000000e+001	
  4.5808000000000000e+009	 -2.6195309999999999e+001	
  4.5817000000000000e+009	 -2.6291989999999998e+001	
  4.5826000000000000e+009	 -2.6298829999999999e+001	
  4.5835000000000000e+009	 -2.6388670000000001e+001	
  4.5844000000000000e+009	 -2.6408200000000001e+001	
  4.5853000000000000e+009	 -2.6483400000000000e+001	
  4.5862000000000000e+009	 -2.6523440000000001e+001	
  4.5871000000000000e+009	 -2.6621089999999999e+001	
  4.5880000000000000e+009	 -2.6625979999999998e+001	
  4.5889000000000000e+009	 -2.6615230000000000e+001	
  4.5898000000000000e+009	 -2.6547850000000000e+001	
  4.5907000000000000e+009	 -2.6618160000000000e+001	
  4.5916000000000000e+009	 -2.6558589999999999e+001	
  4.5925000000000000e+009	 -2.6539059999999999e+001	
  4.5934000000000000e+009	 -2.6605470000000000e+001	
  4.5943000000000000e+009	 -2.6581050000000001e+001	
  4.5952000000000000e+009	 -2.6485350000000000e+001	
  4.5961000000000000e+009	 -2.6395510000000002e+001	
  4.5970000000000000e+009	 -2.6372070000000001e+001	
  4.5979000000000000e+009	 -2.6273440000000001e+001	
  4.5988000000000000e+009	 -2.6175780000000000e+001	
  4.5997000000000000e+009	 -2.6127929999999999e+001	
  4.6006000000000000e+009	 -2.6046869999999998e+001	
  4.6015000000000000e+009	 -2.5901370000000000e+001	
  4.6024000000000000e+009	 -2.5855460000000001e+001	
  4.6033000000000000e+009	 -2.5712890000000002e+001	
  4.6042000000000000e+009	 -2.5621089999999999e+001	
  4.6051000000000000e+009	 -2.5480470000000000e+001	
  4.6060000000000000e+009	 -2.5345700000000001e+001	
  4.6069000000000000e+009	 -2.5268550000000001e+001	
  4.6078000000000000e+009	 -2.5124020000000002e+001	
  4.6087000000000000e+009	 -2.4966790000000000e+001	
  4.6096000000000000e+009	 -2.4840820000000001e+001	
  4.6105000000000000e+009	 -2.4726559999999999e+001	
  4.6114000000000000e+009	 -2.4583980000000000e+001	
  4.6123000000000000e+009	 -2.4451170000000001e+001	
  4.6132000000000000e+009	 -2.4353510000000000e+001	
  4.6141000000000000e+009	 -2.4217770000000002e+001	
  4.6150000000000000e+009	 -2.4084959999999999e+001	
  4.6159000000000000e+009	 -2.4033200000000001e+001	
  4.6168000000000000e+009	 -2.3893550000000001e+001	
  4.6177000000000000e+009	 -2.3838870000000000e+001	
  4.6186000000000000e+009	 -2.3750000000000000e+001	
  4.6195000000000000e+009	 -2.3756830000000001e+001	
  4.6204000000000000e+009	 -2.3643560000000001e+001	
  4.6213000000000000e+009	 -2.3592770000000002e+001	
  4.6222000000000000e+009	 -2.3513670000000001e+001	
  4.6231000000000000e+009	 -2.3610350000000000e+001	
  4.6240000000000000e+009	 -2.3537109999999998e+001	
  4.6249000000000000e+009	 -2.3561520000000002e+001	
  4.6258000000000000e+009	 -2.3557620000000000e+001	
  4.6267000000000000e+009	 -2.3576170000000001e+001	
  4.6276000000000000e+009	 -2.3573239999999998e+001	
  4.6285000000000000e+009	 -2.3614260000000002e+001	
  4.6294000000000000e+009	 -2.3641600000000000e+001	
  4.6303000000000000e+009	 -2.3749020000000002e+001	
  4.6312000000000000e+009	 -2.3714839999999999e+001	
  4.6321000000000000e+009	 -2.3759770000000000e+001	
  4.6330000000000000e+009	 -2.3756830000000001e+001	
  4.6339000000000000e+009	 -2.3819340000000000e+001	
  4.6348000000000000e+009	 -2.3865230000000000e+001	
  4.6357000000000000e+009	 -2.3898430000000001e+001	
  4.6366000000000000e+009	 -2.3935549999999999e+001	
  4.6375000000000000e+009	 -2.3952150000000000e+001	
  4.6384000000000000e+009	 -2.3974609999999998e+001	
  4.6393000000000000e+009	 -2.4007809999999999e+001	
  4.6402000000000000e+009	 -2.4012689999999999e+001	
  4.6411000000000000e+009	 -2.3986329999999999e+001	
  4.6420000000000000e+009	 -2.4023440000000001e+001	
  4.6429000000000000e+009	 -2.4022459999999999e+001	
  4.6438000000000000e+009	 -2.3989260000000002e+001	
  4.6447000000000000e+009	 -2.4010739999999998e+001	
  4.6456000000000000e+009	 -2.3983400000000000e+001	
  4.6465000000000000e+009	 -2.3895510000000002e+001	
  4.6474000000000000e+009	 -2.3952150000000000e+001	
  4.6483000000000000e+009	 -2.3955079999999999e+001	
  4.6492000000000000e+009	 -2.3885739999999998e+001	
  4.6501000000000000e+009	 -2.3813479999999998e+001	
  4.6510000000000000e+009	 -2.3869140000000002e+001	
  4.6519000000000000e+009	 -2.3744140000000002e+001	
  4.6528000000000000e+009	 -2.3708980000000000e+001	
  4.6537000000000000e+009	 -2.3744140000000002e+001	
  4.6546000000000000e+009	 -2.3738280000000000e+001	
  4.6555000000000000e+009	 -2.3627929999999999e+001	
  4.6564000000000000e+009	 -2.3588870000000000e+001	
  4.6573000000000000e+009	 -2.3565429999999999e+001	
  4.6582000000000000e+009	 -2.3534179999999999e+001	
  4.6591000000000000e+009	 -2.3547850000000000e+001	
  4.6600000000000000e+009	 -2.3482420000000001e+001	
  4.6609000000000000e+009	 -2.3494140000000002e+001	
  4.6618000000000000e+009	 -2.3509760000000000e+001	
  4.6627000000000000e+009	 -2.3441410000000001e+001	
  4.6636000000000000e+009	 -2.3452150000000000e+001	
  4.6645000000000000e+009	 -2.3467770000000002e+001	
  4.6654000000000000e+009	 -2.3457030000000000e+001	
  4.6663000000000000e+009	 -2.3452150000000000e+001	
  4.6672000000000000e+009	 -2.3462890000000002e+001	
  4.6681000000000000e+009	 -2.3481449999999999e+001	
  4.6690000000000000e+009	 -2.3490230000000000e+001	
  4.6699000000000000e+009	 -2.3499020000000002e+001	
  4.6708000000000000e+009	 -2.3509760000000000e+001	
  4.6717000000000000e+009	 -2.3503900000000002e+001	
  4.6726000000000000e+009	 -2.3482420000000001e+001	
  4.6735000000000000e+009	 -2.3480470000000000e+001	
  4.6744000000000000e+009	 -2.3495120000000000e+001	
  4.6753000000000000e+009	 -2.3462890000000002e+001	
  4.6762000000000000e+009	 -2.3446290000000001e+001	
  4.6771000000000000e+009	 -2.3473630000000000e+001	
  4.6780000000000000e+009	 -2.3389650000000000e+001	
  4.6789000000000000e+009	 -2.3361329999999999e+001	
  4.6798000000000000e+009	 -2.3305660000000000e+001	
  4.6807000000000000e+009	 -2.3332030000000000e+001	
  4.6816000000000000e+009	 -2.3234369999999998e+001	
  4.6825000000000000e+009	 -2.3156250000000000e+001	
  4.6834000000000000e+009	 -2.3111329999999999e+001	
  4.6843000000000000e+009	 -2.3041010000000000e+001	
  4.6852000000000000e+009	 -2.2886720000000000e+001	
  4.6861000000000000e+009	 -2.2833010000000002e+001	
  4.6870000000000000e+009	 -2.2735350000000000e+001	
  4.6879000000000000e+009	 -2.2630859999999998e+001	
  4.6888000000000000e+009	 -2.2480470000000000e+001	
  4.6897000000000000e+009	 -2.2458980000000000e+001	
  4.6906000000000000e+009	 -2.2345700000000001e+001	
  4.6915000000000000e+009	 -2.2144530000000000e+001	
  4.6924000000000000e+009	 -2.2079100000000000e+001	
  4.6933000000000000e+009	 -2.1952150000000000e+001	
  4.6942000000000000e+009	 -2.1842770000000002e+001	
  4.6951000000000000e+009	 -2.1712890000000002e+001	
  4.6960000000000000e+009	 -2.1619140000000002e+001	
  4.6969000000000000e+009	 -2.1491209999999999e+001	
  4.6978000000000000e+009	 -2.1333990000000000e+001	
  4.6987000000000000e+009	 -2.1256830000000001e+001	
  4.6996000000000000e+009	 -2.1153320000000001e+001	
  4.7005000000000000e+009	 -2.1088870000000000e+001	
  4.7014000000000000e+009	 -2.1040040000000001e+001	
  4.7023000000000000e+009	 -2.0980470000000000e+001	
  4.7032000000000000e+009	 -2.0913090000000000e+001	
  4.7041000000000000e+009	 -2.0842770000000002e+001	
  4.7050000000000000e+009	 -2.0831060000000001e+001	
  4.7059000000000000e+009	 -2.0796880000000002e+001	
  4.7068000000000000e+009	 -2.0762699999999999e+001	
  4.7077000000000000e+009	 -2.0745120000000000e+001	
  4.7086000000000000e+009	 -2.0720700000000001e+001	
  4.7095000000000000e+009	 -2.0747070000000001e+001	
  4.7104000000000000e+009	 -2.0560549999999999e+001	
  4.7113000000000000e+009	 -2.0605470000000000e+001	
  4.7122000000000000e+009	 -2.0652339999999999e+001	
  4.7131000000000000e+009	 -2.0688479999999998e+001	
  4.7140000000000000e+009	 -2.0849609999999998e+001	
  4.7149000000000000e+009	 -2.0799800000000001e+001	
  4.7158000000000000e+009	 -2.0922850000000000e+001	
  4.7167000000000000e+009	 -2.0926760000000002e+001	
  4.7176000000000000e+009	 -2.1015630000000002e+001	
  4.7185000000000000e+009	 -2.1010739999999998e+001	
  4.7194000000000000e+009	 -2.1132809999999999e+001	
  4.7203000000000000e+009	 -2.1220700000000001e+001	
  4.7212000000000000e+009	 -2.1219729999999998e+001	
  4.7221000000000000e+009	 -2.1281250000000000e+001	
  4.7230000000000000e+009	 -2.1391600000000000e+001	
  4.7239000000000000e+009	 -2.1445309999999999e+001	
  4.7248000000000000e+009	 -2.1416989999999998e+001	
  4.7257000000000000e+009	 -2.1426760000000002e+001	
  4.7266000000000000e+009	 -2.1454100000000000e+001	
  4.7275000000000000e+009	 -2.1511720000000000e+001	
  4.7284000000000000e+009	 -2.1487300000000001e+001	
  4.7293000000000000e+009	 -2.1588860000000000e+001	
  4.7302000000000000e+009	 -2.1536130000000000e+001	
  4.7311000000000000e+009	 -2.1557620000000000e+001	
  4.7320000000000000e+009	 -2.1514650000000000e+001	
  4.7329000000000000e+009	 -2.1513670000000001e+001	
  4.7338000000000000e+009	 -2.1480470000000000e+001	
  4.7347000000000000e+009	 -2.1416989999999998e+001	
  4.7356000000000000e+009	 -2.1412109999999998e+001	
  4.7365000000000000e+009	 -2.1345700000000001e+001	
  4.7374000000000000e+009	 -2.1299810000000001e+001	
  4.7383000000000000e+009	 -2.1240230000000000e+001	
  4.7392000000000000e+009	 -2.1176760000000002e+001	
  4.7401000000000000e+009	 -2.1069340000000000e+001	
  4.7410000000000000e+009	 -2.0971679999999999e+001	
  4.7419000000000000e+009	 -2.0908200000000001e+001	
  4.7428000000000000e+009	 -2.0773430000000001e+001	
  4.7437000000000000e+009	 -2.0705079999999999e+001	
  4.7446000000000000e+009	 -2.0604489999999998e+001	
  4.7455000000000000e+009	 -2.0467770000000002e+001	
  4.7464000000000000e+009	 -2.0369140000000002e+001	
  4.7473000000000000e+009	 -2.0204100000000000e+001	
  4.7482000000000000e+009	 -2.0154290000000000e+001	
  4.7491000000000000e+009	 -1.9861329999999999e+001	
  4.7500000000000000e+009	 -1.9803709999999999e+001	
  4.7509000000000000e+009	 -1.9599609999999998e+001	
  4.7518000000000000e+009	 -1.9511720000000000e+001	
  4.7527000000000000e+009	 -1.9353510000000000e+001	
  4.7536000000000000e+009	 -1.9134760000000000e+001	
  4.7545000000000000e+009	 -1.9103520000000000e+001	
  4.7554000000000000e+009	 -1.8912109999999998e+001	
  4.7563000000000000e+009	 -1.8766600000000000e+001	
  4.7572000000000000e+009	 -1.8621089999999999e+001	
  4.7581000000000000e+009	 -1.8447270000000000e+001	
  4.7590000000000000e+009	 -1.8311520000000002e+001	
  4.7599000000000000e+009	 -1.8176760000000002e+001	
  4.7608000000000000e+009	 -1.8083010000000002e+001	
  4.7617000000000000e+009	 -1.8009770000000000e+001	
  4.7626000000000000e+009	 -1.7867190000000001e+001	
  4.7635000000000000e+009	 -1.7772459999999999e+001	
  4.7644000000000000e+009	 -1.7661130000000000e+001	
  4.7653000000000000e+009	 -1.7590820000000001e+001	
  4.7662000000000000e+009	 -1.7523440000000001e+001	
  4.7671000000000000e+009	 -1.7466799999999999e+001	
  4.7680000000000000e+009	 -1.7425780000000000e+001	
  4.7689000000000000e+009	 -1.7413080000000001e+001	
  4.7698000000000000e+009	 -1.7385739999999998e+001	
  4.7707000000000000e+009	 -1.7386720000000000e+001	
  4.7716000000000000e+009	 -1.7394530000000000e+001	
  4.7725000000000000e+009	 -1.7383790000000001e+001	
  4.7734000000000000e+009	 -1.7434570000000001e+001	
  4.7743000000000000e+009	 -1.7420900000000000e+001	
  4.7752000000000000e+009	 -1.7521480000000000e+001	
  4.7761000000000000e+009	 -1.7594729999999998e+001	
  4.7770000000000000e+009	 -1.7633790000000001e+001	
  4.7779000000000000e+009	 -1.7634760000000000e+001	
  4.7788000000000000e+009	 -1.7725580000000001e+001	
  4.7797000000000000e+009	 -1.7803709999999999e+001	
  4.7806000000000000e+009	 -1.7854489999999998e+001	
  4.7815000000000000e+009	 -1.7909179999999999e+001	
  4.7824000000000000e+009	 -1.7935549999999999e+001	
  4.7833000000000000e+009	 -1.7926760000000002e+001	
  4.7842000000000000e+009	 -1.8052730000000000e+001	
  4.7851000000000000e+009	 -1.8038080000000001e+001	
  4.7860000000000000e+009	 -1.8194330000000001e+001	
  4.7869000000000000e+009	 -1.8201170000000001e+001	
  4.7878000000000000e+009	 -1.8162109999999998e+001	
  4.7887000000000000e+009	 -1.8220700000000001e+001	
  4.7896000000000000e+009	 -1.8158200000000001e+001	
  4.7905000000000000e+009	 -1.8207030000000000e+001	
  4.7914000000000000e+009	 -1.8169920000000001e+001	
  4.7923000000000000e+009	 -1.8135739999999998e+001	
  4.7932000000000000e+009	 -1.8124020000000002e+001	
  4.7941000000000000e+009	 -1.7998049999999999e+001	
  4.7950000000000000e+009	 -1.7965820000000001e+001	
  4.7959000000000000e+009	 -1.7871089999999999e+001	
  4.7968000000000000e+009	 -1.7788090000000000e+001	
  4.7977000000000000e+009	 -1.7711910000000000e+001	
  4.7986000000000000e+009	 -1.7622070000000001e+001	
  4.7995000000000000e+009	 -1.7487300000000001e+001	
  4.8004000000000000e+009	 -1.7361329999999999e+001	
  4.8013000000000000e+009	 -1.7205079999999999e+001	
  4.8022000000000000e+009	 -1.7083980000000000e+001	
  4.8031000000000000e+009	 -1.6967770000000002e+001	
  4.8040000000000000e+009	 -1.6758790000000001e+001	
  4.8049000000000000e+009	 -1.6617190000000001e+001	
  4.8058000000000000e+009	 -1.6459959999999999e+001	
  4.8067000000000000e+009	 -1.6296869999999998e+001	
  4.8076000000000000e+009	 -1.6117190000000001e+001	
  4.8085000000000000e+009	 -1.5925290000000000e+001	
  4.8094000000000000e+009	 -1.5780270000000000e+001	
  4.8103000000000000e+009	 -1.5627440000000000e+001	
  4.8112000000000000e+009	 -1.5470210000000000e+001	
  4.8121000000000000e+009	 -1.5270510000000000e+001	
  4.8130000000000000e+009	 -1.5088870000000000e+001	
  4.8139000000000000e+009	 -1.4984859999999999e+001	
  4.8148000000000000e+009	 -1.4865720000000000e+001	
  4.8157000000000000e+009	 -1.4693360000000000e+001	
  4.8166000000000000e+009	 -1.4506349999999999e+001	
  4.8175000000000000e+009	 -1.4359380000000000e+001	
  4.8184000000000000e+009	 -1.4331540000000000e+001	
  4.8193000000000000e+009	 -1.4193360000000000e+001	
  4.8202000000000000e+009	 -1.4064450000000001e+001	
  4.8211000000000000e+009	 -1.3988770000000001e+001	
  4.8220000000000000e+009	 -1.3840330000000000e+001	
  4.8229000000000000e+009	 -1.3770020000000001e+001	
  4.8238000000000000e+009	 -1.3718750000000000e+001	
  4.8247000000000000e+009	 -1.3629880000000000e+001	
  4.8256000000000000e+009	 -1.3537599999999999e+001	
  4.8265000000000000e+009	 -1.3424320000000000e+001	
  4.8274000000000000e+009	 -1.3373049999999999e+001	
  4.8283000000000000e+009	 -1.3289059999999999e+001	
  4.8292000000000000e+009	 -1.3216310000000000e+001	
  4.8301000000000000e+009	 -1.3164059999999999e+001	
  4.8310000000000000e+009	 -1.3049799999999999e+001	
  4.8319000000000000e+009	 -1.2974119999999999e+001	
  4.8328000000000000e+009	 -1.2935060000000000e+001	
  4.8337000000000000e+009	 -1.2812010000000001e+001	
  4.8346000000000000e+009	 -1.2741210000000001e+001	
  4.8355000000000000e+009	 -1.2607419999999999e+001	
  4.8364000000000000e+009	 -1.2529790000000000e+001	
  4.8373000000000000e+009	 -1.2414059999999999e+001	
  4.8382000000000000e+009	 -1.2420410000000000e+001	
  4.8391000000000000e+009	 -1.2184570000000001e+001	
  4.8400000000000000e+009	 -1.2023440000000001e+001	
  4.8409000000000000e+009	 -1.1936040000000000e+001	
  4.8418000000000000e+009	 -1.1869140000000000e+001	
  4.8427000000000000e+009	 -1.1738280000000000e+001	
  4.8436000000000000e+009	 -1.1630860000000000e+001	
  4.8445000000000000e+009	 -1.1499020000000000e+001	
  4.8454000000000000e+009	 -1.1356930000000000e+001	
  4.8463000000000000e+009	 -1.1226070000000000e+001	
  4.8472000000000000e+009	 -1.1127440000000000e+001	
  4.8481000000000000e+009	 -1.0940920000000000e+001	
  4.8490000000000000e+009	 -1.0748049999999999e+001	
  4.8499000000000000e+009	 -1.0688480000000000e+001	
  4.8508000000000000e+009	 -1.0554200000000000e+001	
  4.8517000000000000e+009	 -1.0402830000000000e+001	
  4.8526000000000000e+009	 -1.0240230000000000e+001	
  4.8535000000000000e+009	 -1.0138180000000000e+001	
  4.8544000000000000e+009	 -1.0029299999999999e+001	
  4.8553000000000000e+009	 -9.8671880000000005e+000	
  4.8562000000000000e+009	 -9.7626950000000008e+000	
  4.8571000000000000e+009	 -9.6376950000000008e+000	
  4.8580000000000000e+009	 -9.5219729999999991e+000	
  4.8589000000000000e+009	 -9.3999020000000009e+000	
  4.8598000000000000e+009	 -9.2846679999999999e+000	
  4.8607000000000000e+009	 -9.1772460000000002e+000	
  4.8616000000000000e+009	 -9.0620119999999993e+000	
  4.8625000000000000e+009	 -8.9082030000000003e+000	
  4.8634000000000000e+009	 -8.8022460000000002e+000	
  4.8643000000000000e+009	 -8.7099609999999998e+000	
  4.8652000000000000e+009	 -8.5844729999999991e+000	
  4.8661000000000000e+009	 -8.4990229999999993e+000	
  4.8670000000000000e+009	 -8.4428710000000002e+000	
  4.8679000000000000e+009	 -8.2714839999999992e+000	
  4.8688000000000000e+009	 -8.1489259999999994e+000	
  4.8697000000000000e+009	 -8.1250000000000000e+000	
  4.8706000000000000e+009	 -7.9777829999999996e+000	
  4.8715000000000000e+009	 -7.9160159999999999e+000	
  4.8724000000000000e+009	 -7.7517090000000000e+000	
  4.8733000000000000e+009	 -7.6845699999999999e+000	
  4.8742000000000000e+009	 -7.5725100000000003e+000	
  4.8751000000000000e+009	 -7.5402829999999996e+000	
  4.8760000000000000e+009	 -7.4626460000000003e+000	
  4.8769000000000000e+009	 -7.3776859999999997e+000	
  4.8778000000000000e+009	 -7.3957519999999999e+000	
  4.8787000000000000e+009	 -7.2912600000000003e+000	
  4.8796000000000000e+009	 -7.2541500000000001e+000	
  4.8805000000000000e+009	 -7.2819820000000002e+000	
  4.8814000000000000e+009	 -7.2246090000000001e+000	
  4.8823000000000000e+009	 -7.2619629999999997e+000	
  4.8832000000000000e+009	 -7.2978519999999998e+000	
  4.8841000000000000e+009	 -7.3317870000000003e+000	
  4.8850000000000000e+009	 -7.3986820000000000e+000	
  4.8859000000000000e+009	 -7.4531250000000000e+000	
  4.8868000000000000e+009	 -7.5217289999999997e+000	
  4.8877000000000000e+009	 -7.6931149999999997e+000	
  4.8886000000000000e+009	 -7.7573239999999997e+000	
  4.8895000000000000e+009	 -7.8425289999999999e+000	
  4.8904000000000000e+009	 -7.9072269999999998e+000	
  4.8913000000000000e+009	 -7.9270019999999999e+000	
  4.8922000000000000e+009	 -8.0131840000000008e+000	
  4.8931000000000000e+009	 -8.1474609999999998e+000	
  4.8940000000000000e+009	 -8.2407229999999991e+000	
  4.8949000000000000e+009	 -8.2797850000000004e+000	
  4.8958000000000000e+009	 -8.4726560000000006e+000	
  4.8967000000000000e+009	 -8.5341799999999992e+000	
  4.8976000000000000e+009	 -8.5600590000000008e+000	
  4.8985000000000000e+009	 -8.5800780000000003e+000	
  4.8994000000000000e+009	 -8.6655270000000009e+000	
  4.9003000000000000e+009	 -8.7080079999999995e+000	
  4.9012000000000000e+009	 -8.7421880000000005e+000	
  4.9021000000000000e+009	 -8.8632810000000006e+000	
  4.9030000000000000e+009	 -8.8720700000000008e+000	
  4.9039000000000000e+009	 -8.9501950000000008e+000	
  4.9048000000000000e+009	 -9.0131840000000008e+000	
  4.9057000000000000e+009	 -9.0532229999999991e+000	
  4.9066000000000000e+009	 -9.0844729999999991e+000	
  4.9075000000000000e+009	 -9.1801759999999994e+000	
  4.9084000000000000e+009	 -9.2114259999999994e+000	
  4.9093000000000000e+009	 -9.3100590000000008e+000	
  4.9102000000000000e+009	 -9.3676759999999994e+000	
  4.9111000000000000e+009	 -9.4531250000000000e+000	
  4.9120000000000000e+009	 -9.5600590000000008e+000	
  4.9129000000000000e+009	 -9.6489259999999994e+000	
  4.9138000000000000e+009	 -9.7666020000000007e+000	
  4.9147000000000000e+009	 -9.8789060000000006e+000	
  4.9156000000000000e+009	 -1.0033200000000001e+001	
  4.9165000000000000e+009	 -1.0141600000000000e+001	
  4.9174000000000000e+009	 -1.0231930000000000e+001	
  4.9183000000000000e+009	 -1.0365230000000000e+001	
  4.9192000000000000e+009	 -1.0587400000000001e+001	
  4.9201000000000000e+009	 -1.0774410000000000e+001	
  4.9210000000000000e+009	 -1.0955570000000000e+001	
  4.9219000000000000e+009	 -1.1182620000000000e+001	
  4.9228000000000000e+009	 -1.1353999999999999e+001	
  4.9237000000000000e+009	 -1.1531250000000000e+001	
  4.9246000000000000e+009	 -1.1750489999999999e+001	
  4.9255000000000000e+009	 -1.1969730000000000e+001	
  4.9264000000000000e+009	 -1.2135740000000000e+001	
  4.9273000000000000e+009	 -1.2412599999999999e+001	
  4.9282000000000000e+009	 -1.2590820000000001e+001	
  4.9291000000000000e+009	 -1.2786619999999999e+001	
  4.9300000000000000e+009	 -1.3004390000000001e+001	
  4.9309000000000000e+009	 -1.3236820000000000e+001	
  4.9318000000000000e+009	 -1.3463870000000000e+001	
  4.9327000000000000e+009	 -1.3641109999999999e+001	
  4.9336000000000000e+009	 -1.3838870000000000e+001	
  4.9345000000000000e+009	 -1.4070800000000000e+001	
  4.9354000000000000e+009	 -1.4266109999999999e+001	
  4.9363000000000000e+009	 -1.4462400000000001e+001	
  4.9372000000000000e+009	 -1.4641109999999999e+001	
  4.9381000000000000e+009	 -1.4843260000000001e+001	
  4.9390000000000000e+009	 -1.4999020000000000e+001	
  4.9399000000000000e+009	 -1.5156739999999999e+001	
  4.9408000000000000e+009	 -1.5318360000000000e+001	
  4.9417000000000000e+009	 -1.5467770000000000e+001	
  4.9426000000000000e+009	 -1.5628420000000000e+001	
  4.9435000000000000e+009	 -1.5707030000000000e+001	
  4.9444000000000000e+009	 -1.5853520000000000e+001	
  4.9453000000000000e+009	 -1.6002929999999999e+001	
  4.9462000000000000e+009	 -1.6104489999999998e+001	
  4.9471000000000000e+009	 -1.6202150000000000e+001	
  4.9480000000000000e+009	 -1.6285150000000002e+001	
  4.9489000000000000e+009	 -1.6308589999999999e+001	
  4.9498000000000000e+009	 -1.6416989999999998e+001	
  4.9507000000000000e+009	 -1.6445309999999999e+001	
  4.9516000000000000e+009	 -1.6533200000000001e+001	
  4.9525000000000000e+009	 -1.6476559999999999e+001	
  4.9534000000000000e+009	 -1.6621089999999999e+001	
  4.9543000000000000e+009	 -1.6601559999999999e+001	
  4.9552000000000000e+009	 -1.6666989999999998e+001	
  4.9561000000000000e+009	 -1.6719729999999998e+001	
  4.9570000000000000e+009	 -1.6608400000000000e+001	
  4.9579000000000000e+009	 -1.6624020000000002e+001	
  4.9588000000000000e+009	 -1.6631830000000001e+001	
  4.9597000000000000e+009	 -1.6644530000000000e+001	
  4.9606000000000000e+009	 -1.6588870000000000e+001	
  4.9615000000000000e+009	 -1.6510739999999998e+001	
  4.9624000000000000e+009	 -1.6476559999999999e+001	
  4.9633000000000000e+009	 -1.6466799999999999e+001	
  4.9642000000000000e+009	 -1.6420900000000000e+001	
  4.9651000000000000e+009	 -1.6376950000000001e+001	
  4.9660000000000000e+009	 -1.6358400000000000e+001	
  4.9669000000000000e+009	 -1.6290040000000001e+001	
  4.9678000000000000e+009	 -1.6265619999999998e+001	
  4.9687000000000000e+009	 -1.6246089999999999e+001	
  4.9696000000000000e+009	 -1.6210940000000001e+001	
  4.9705000000000000e+009	 -1.6199220000000000e+001	
  4.9714000000000000e+009	 -1.6199220000000000e+001	
  4.9723000000000000e+009	 -1.6198239999999998e+001	
  4.9732000000000000e+009	 -1.6198239999999998e+001	
  4.9741000000000000e+009	 -1.6238280000000000e+001	
  4.9750000000000000e+009	 -1.6292970000000000e+001	
  4.9759000000000000e+009	 -1.6303709999999999e+001	
  4.9768000000000000e+009	 -1.6443359999999998e+001	
  4.9777000000000000e+009	 -1.6517579999999999e+001	
  4.9786000000000000e+009	 -1.6541989999999998e+001	
  4.9795000000000000e+009	 -1.6578119999999998e+001	
  4.9804000000000000e+009	 -1.6766600000000000e+001	
  4.9813000000000000e+009	 -1.6846679999999999e+001	
  4.9822000000000000e+009	 -1.7043939999999999e+001	
  4.9831000000000000e+009	 -1.7158200000000001e+001	
  4.9840000000000000e+009	 -1.7264650000000000e+001	
  4.9849000000000000e+009	 -1.7388670000000001e+001	
  4.9858000000000000e+009	 -1.7524410000000000e+001	
  4.9867000000000000e+009	 -1.7780270000000002e+001	
  4.9876000000000000e+009	 -1.7889650000000000e+001	
  4.9885000000000000e+009	 -1.8075189999999999e+001	
  4.9894000000000000e+009	 -1.8236329999999999e+001	
  4.9903000000000000e+009	 -1.8435540000000000e+001	
  4.9912000000000000e+009	 -1.8627929999999999e+001	
  4.9921000000000000e+009	 -1.8701170000000001e+001	
  4.9930000000000000e+009	 -1.8895510000000002e+001	
  4.9939000000000000e+009	 -1.9095700000000001e+001	
  4.9948000000000000e+009	 -1.9215820000000001e+001	
  4.9957000000000000e+009	 -1.9302730000000000e+001	
  4.9966000000000000e+009	 -1.9495120000000000e+001	
  4.9975000000000000e+009	 -1.9585940000000001e+001	
  4.9984000000000000e+009	 -1.9729489999999998e+001	
  4.9993000000000000e+009	 -1.9840820000000001e+001	
  5.0002000000000000e+009	 -1.9928709999999999e+001	
  5.0011000000000000e+009	 -2.0031250000000000e+001	
  5.0020000000000000e+009	 -2.0099609999999998e+001	
  5.0029000000000000e+009	 -2.0150390000000002e+001	
  5.0038000000000000e+009	 -2.0228510000000000e+001	
  5.0047000000000000e+009	 -2.0283200000000001e+001	
  5.0056000000000000e+009	 -2.0336910000000000e+001	
  5.0065000000000000e+009	 -2.0444340000000000e+001	
  5.0074000000000000e+009	 -2.0450199999999999e+001	
  5.0083000000000000e+009	 -2.0425780000000000e+001	
  5.0092000000000000e+009	 -2.0514650000000000e+001	
  5.0101000000000000e+009	 -2.0467770000000002e+001	
  5.0110000000000000e+009	 -2.0392579999999999e+001	
  5.0119000000000000e+009	 -2.0484380000000002e+001	
  5.0128000000000000e+009	 -2.0518560000000001e+001	
  5.0137000000000000e+009	 -2.0536130000000000e+001	
  5.0146000000000000e+009	 -2.0483400000000000e+001	
  5.0155000000000000e+009	 -2.0429690000000001e+001	
  5.0164000000000000e+009	 -2.0505859999999998e+001	
  5.0173000000000000e+009	 -2.0511720000000000e+001	
  5.0182000000000000e+009	 -2.0341799999999999e+001	
  5.0191000000000000e+009	 -2.0398440000000001e+001	
  5.0200000000000000e+009	 -2.0449220000000000e+001	
  5.0209000000000000e+009	 -2.0444340000000000e+001	
  5.0218000000000000e+009	 -2.0370120000000000e+001	
  5.0227000000000000e+009	 -2.0407219999999999e+001	
  5.0236000000000000e+009	 -2.0361329999999999e+001	
  5.0245000000000000e+009	 -2.0391600000000000e+001	
  5.0254000000000000e+009	 -2.0345700000000001e+001	
  5.0263000000000000e+009	 -2.0442380000000000e+001	
  5.0272000000000000e+009	 -2.0400390000000002e+001	
  5.0281000000000000e+009	 -2.0406250000000000e+001	
  5.0290000000000000e+009	 -2.0406250000000000e+001	
  5.0299000000000000e+009	 -2.0433589999999999e+001	
  5.0308000000000000e+009	 -2.0406250000000000e+001	
  5.0317000000000000e+009	 -2.0437500000000000e+001	
  5.0326000000000000e+009	 -2.0421869999999998e+001	
  5.0335000000000000e+009	 -2.0433589999999999e+001	
  5.0344000000000000e+009	 -2.0454100000000000e+001	
  5.0353000000000000e+009	 -2.0466790000000000e+001	
  5.0362000000000000e+009	 -2.0450199999999999e+001	
  5.0371000000000000e+009	 -2.0477540000000001e+001	
  5.0380000000000000e+009	 -2.0470700000000001e+001	
  5.0389000000000000e+009	 -2.0487300000000001e+001	
  5.0398000000000000e+009	 -2.0494140000000002e+001	
  5.0407000000000000e+009	 -2.0500969999999999e+001	
  5.0416000000000000e+009	 -2.0489260000000002e+001	
  5.0425000000000000e+009	 -2.0568359999999998e+001	
  5.0434000000000000e+009	 -2.0525390000000002e+001	
  5.0443000000000000e+009	 -2.0509760000000000e+001	
  5.0452000000000000e+009	 -2.0522459999999999e+001	
  5.0461000000000000e+009	 -2.0490230000000000e+001	
  5.0470000000000000e+009	 -2.0491209999999999e+001	
  5.0479000000000000e+009	 -2.0478520000000000e+001	
  5.0488000000000000e+009	 -2.0519530000000000e+001	
  5.0497000000000000e+009	 -2.0514650000000000e+001	
  5.0506000000000000e+009	 -2.0483400000000000e+001	
  5.0515000000000000e+009	 -2.0595700000000001e+001	
  5.0524000000000000e+009	 -2.0601559999999999e+001	
  5.0533000000000000e+009	 -2.0595700000000001e+001	
  5.0542000000000000e+009	 -2.0648440000000001e+001	
  5.0551000000000000e+009	 -2.0717770000000002e+001	
  5.0560000000000000e+009	 -2.0727540000000001e+001	
  5.0569000000000000e+009	 -2.0754880000000000e+001	
  5.0578000000000000e+009	 -2.0840820000000001e+001	
  5.0587000000000000e+009	 -2.0877929999999999e+001	
  5.0596000000000000e+009	 -2.1003900000000002e+001	
  5.0605000000000000e+009	 -2.1078119999999998e+001	
  5.0614000000000000e+009	 -2.1130859999999998e+001	
  5.0623000000000000e+009	 -2.1228510000000000e+001	
  5.0632000000000000e+009	 -2.1310540000000000e+001	
  5.0641000000000000e+009	 -2.1413080000000001e+001	
  5.0650000000000000e+009	 -2.1518550000000001e+001	
  5.0659000000000000e+009	 -2.1637689999999999e+001	
  5.0668000000000000e+009	 -2.1733400000000000e+001	
  5.0677000000000000e+009	 -2.1854489999999998e+001	
  5.0686000000000000e+009	 -2.1953130000000002e+001	
  5.0695000000000000e+009	 -2.2110350000000000e+001	
  5.0704000000000000e+009	 -2.2229489999999998e+001	
  5.0713000000000000e+009	 -2.2317380000000000e+001	
  5.0722000000000000e+009	 -2.2436520000000002e+001	
  5.0731000000000000e+009	 -2.2538080000000001e+001	
  5.0740000000000000e+009	 -2.2678709999999999e+001	
  5.0749000000000000e+009	 -2.2704100000000000e+001	
  5.0758000000000000e+009	 -2.2938479999999998e+001	
  5.0767000000000000e+009	 -2.2975580000000001e+001	
  5.0776000000000000e+009	 -2.3060549999999999e+001	
  5.0785000000000000e+009	 -2.3116209999999999e+001	
  5.0794000000000000e+009	 -2.3175780000000000e+001	
  5.0803000000000000e+009	 -2.3259760000000000e+001	
  5.0812000000000000e+009	 -2.3306640000000002e+001	
  5.0821000000000000e+009	 -2.3386720000000000e+001	
  5.0830000000000000e+009	 -2.3377929999999999e+001	
  5.0839000000000000e+009	 -2.3422850000000000e+001	
  5.0848000000000000e+009	 -2.3523440000000001e+001	
  5.0857000000000000e+009	 -2.3458010000000002e+001	
  5.0866000000000000e+009	 -2.3458010000000002e+001	
  5.0875000000000000e+009	 -2.3481449999999999e+001	
  5.0884000000000000e+009	 -2.3445309999999999e+001	
  5.0893000000000000e+009	 -2.3405270000000002e+001	
  5.0902000000000000e+009	 -2.3370120000000000e+001	
  5.0911000000000000e+009	 -2.3320309999999999e+001	
  5.0920000000000000e+009	 -2.3285160000000001e+001	
  5.0929000000000000e+009	 -2.3243169999999999e+001	
  5.0938000000000000e+009	 -2.3209959999999999e+001	
  5.0947000000000000e+009	 -2.3098630000000000e+001	
  5.0956000000000000e+009	 -2.3052740000000000e+001	
  5.0965000000000000e+009	 -2.2950199999999999e+001	
  5.0974000000000000e+009	 -2.2864260000000002e+001	
  5.0983000000000000e+009	 -2.2757809999999999e+001	
  5.0992000000000000e+009	 -2.2662109999999998e+001	
  5.1001000000000000e+009	 -2.2534179999999999e+001	
  5.1010000000000000e+009	 -2.2490230000000000e+001	
  5.1019000000000000e+009	 -2.2353520000000000e+001	
  5.1028000000000000e+009	 -2.2291020000000000e+001	
  5.1037000000000000e+009	 -2.2127929999999999e+001	
  5.1046000000000000e+009	 -2.2082030000000000e+001	
  5.1055000000000000e+009	 -2.1924810000000001e+001	
  5.1064000000000000e+009	 -2.1842770000000002e+001	
  5.1073000000000000e+009	 -2.1781250000000000e+001	
  5.1082000000000000e+009	 -2.1668939999999999e+001	
  5.1091000000000000e+009	 -2.1637689999999999e+001	
  5.1100000000000000e+009	 -2.1503910000000001e+001	
  5.1109000000000000e+009	 -2.1517579999999999e+001	
  5.1118000000000000e+009	 -2.1369140000000002e+001	
  5.1127000000000000e+009	 -2.1300780000000000e+001	
  5.1136000000000000e+009	 -2.1300780000000000e+001	
  5.1145000000000000e+009	 -2.1275390000000002e+001	
  5.1154000000000000e+009	 -2.1344719999999999e+001	
  5.1163000000000000e+009	 -2.1315429999999999e+001	
  5.1172000000000000e+009	 -2.1322260000000000e+001	
  5.1181000000000000e+009	 -2.1369140000000002e+001	
  5.1190000000000000e+009	 -2.1424800000000001e+001	
  5.1199000000000000e+009	 -2.1516600000000000e+001	
  5.1208000000000000e+009	 -2.1519530000000000e+001	
  5.1217000000000000e+009	 -2.1643550000000001e+001	
  5.1226000000000000e+009	 -2.1681640000000002e+001	
  5.1235000000000000e+009	 -2.1829100000000000e+001	
  5.1244000000000000e+009	 -2.1956050000000001e+001	
  5.1253000000000000e+009	 -2.2073239999999998e+001	
  5.1262000000000000e+009	 -2.2187500000000000e+001	
  5.1271000000000000e+009	 -2.2308589999999999e+001	
  5.1280000000000000e+009	 -2.2441410000000001e+001	
  5.1289000000000000e+009	 -2.2634760000000000e+001	
  5.1298000000000000e+009	 -2.2772459999999999e+001	
  5.1307000000000000e+009	 -2.2909179999999999e+001	
  5.1316000000000000e+009	 -2.3083980000000000e+001	
  5.1325000000000000e+009	 -2.3241209999999999e+001	
  5.1334000000000000e+009	 -2.3352540000000001e+001	
  5.1343000000000000e+009	 -2.3499020000000002e+001	
  5.1352000000000000e+009	 -2.3577150000000000e+001	
  5.1361000000000000e+009	 -2.3683589999999999e+001	
  5.1370000000000000e+009	 -2.3877929999999999e+001	
  5.1379000000000000e+009	 -2.4038090000000000e+001	
  5.1388000000000000e+009	 -2.4169920000000001e+001	
  5.1397000000000000e+009	 -2.4225580000000001e+001	
  5.1406000000000000e+009	 -2.4369140000000002e+001	
  5.1415000000000000e+009	 -2.4428709999999999e+001	
  5.1424000000000000e+009	 -2.4491209999999999e+001	
  5.1433000000000000e+009	 -2.4551749999999998e+001	
  5.1442000000000000e+009	 -2.4562500000000000e+001	
  5.1451000000000000e+009	 -2.4569330000000001e+001	
  5.1460000000000000e+009	 -2.4715820000000001e+001	
  5.1469000000000000e+009	 -2.4754880000000000e+001	
  5.1478000000000000e+009	 -2.4787109999999998e+001	
  5.1487000000000000e+009	 -2.4762689999999999e+001	
  5.1496000000000000e+009	 -2.4788080000000001e+001	
  5.1505000000000000e+009	 -2.4761710000000001e+001	
  5.1514000000000000e+009	 -2.4672850000000000e+001	
  5.1523000000000000e+009	 -2.4676760000000002e+001	
  5.1532000000000000e+009	 -2.4612300000000001e+001	
  5.1541000000000000e+009	 -2.4514650000000000e+001	
  5.1550000000000000e+009	 -2.4475580000000001e+001	
  5.1559000000000000e+009	 -2.4415040000000001e+001	
  5.1568000000000000e+009	 -2.4264650000000000e+001	
  5.1577000000000000e+009	 -2.4175780000000000e+001	
  5.1586000000000000e+009	 -2.4092770000000002e+001	
  5.1595000000000000e+009	 -2.3949220000000000e+001	
  5.1604000000000000e+009	 -2.3806640000000002e+001	
  5.1613000000000000e+009	 -2.3739260000000002e+001	
  5.1622000000000000e+009	 -2.3599609999999998e+001	
  5.1631000000000000e+009	 -2.3460940000000001e+001	
  5.1640000000000000e+009	 -2.3331060000000001e+001	
  5.1649000000000000e+009	 -2.3234369999999998e+001	
  5.1658000000000000e+009	 -2.3106449999999999e+001	
  5.1667000000000000e+009	 -2.2975580000000001e+001	
  5.1676000000000000e+009	 -2.2833980000000000e+001	
  5.1685000000000000e+009	 -2.2748049999999999e+001	
  5.1694000000000000e+009	 -2.2591799999999999e+001	
  5.1703000000000000e+009	 -2.2495120000000000e+001	
  5.1712000000000000e+009	 -2.2357420000000001e+001	
  5.1721000000000000e+009	 -2.2356439999999999e+001	
  5.1730000000000000e+009	 -2.2245120000000000e+001	
  5.1739000000000000e+009	 -2.2176760000000002e+001	
  5.1748000000000000e+009	 -2.2271490000000000e+001	
  5.1757000000000000e+009	 -2.2125000000000000e+001	
  5.1766000000000000e+009	 -2.2119140000000002e+001	
  5.1775000000000000e+009	 -2.2114260000000002e+001	
  5.1784000000000000e+009	 -2.2120120000000000e+001	
  5.1793000000000000e+009	 -2.2137689999999999e+001	
  5.1802000000000000e+009	 -2.2167970000000000e+001	
  5.1811000000000000e+009	 -2.2170900000000000e+001	
  5.1820000000000000e+009	 -2.2235350000000000e+001	
  5.1829000000000000e+009	 -2.2289059999999999e+001	
  5.1838000000000000e+009	 -2.2318359999999998e+001	
  5.1847000000000000e+009	 -2.2441410000000001e+001	
  5.1856000000000000e+009	 -2.2537109999999998e+001	
  5.1865000000000000e+009	 -2.2663080000000001e+001	
  5.1874000000000000e+009	 -2.2728510000000000e+001	
  5.1883000000000000e+009	 -2.2820309999999999e+001	
  5.1892000000000000e+009	 -2.2916020000000000e+001	
  5.1901000000000000e+009	 -2.3025390000000002e+001	
  5.1910000000000000e+009	 -2.3125979999999998e+001	
  5.1919000000000000e+009	 -2.3238280000000000e+001	
  5.1928000000000000e+009	 -2.3336910000000000e+001	
  5.1937000000000000e+009	 -2.3412109999999998e+001	
  5.1946000000000000e+009	 -2.3512689999999999e+001	
  5.1955000000000000e+009	 -2.3624020000000002e+001	
  5.1964000000000000e+009	 -2.3682620000000000e+001	
  5.1973000000000000e+009	 -2.3799810000000001e+001	
  5.1982000000000000e+009	 -2.3871089999999999e+001	
  5.1991000000000000e+009	 -2.3911130000000000e+001	
  5.2000000000000000e+009	 -2.4008790000000001e+001	
