  3.5000000000000000e+009	 -2.8399410000000000e+001	
  3.5023000000000000e+009	 -2.7818359999999998e+001	
  3.5046000000000000e+009	 -2.7170900000000000e+001	
  3.5069000000000000e+009	 -2.6531250000000000e+001	
  3.5092000000000000e+009	 -2.5725580000000001e+001	
  3.5115000000000000e+009	 -2.4873049999999999e+001	
  3.5138000000000000e+009	 -2.4172850000000000e+001	
  3.5161000000000000e+009	 -2.3267579999999999e+001	
  3.5184000000000000e+009	 -2.2298829999999999e+001	
  3.5207000000000000e+009	 -2.1361329999999999e+001	
  3.5230000000000000e+009	 -2.0396490000000000e+001	
  3.5253000000000000e+009	 -1.9408200000000001e+001	
  3.5276000000000000e+009	 -1.8368160000000000e+001	
  3.5299000000000000e+009	 -1.7338870000000000e+001	
  3.5322000000000000e+009	 -1.6275390000000002e+001	
  3.5345000000000000e+009	 -1.5144040000000000e+001	
  3.5368000000000000e+009	 -1.4024900000000001e+001	
  3.5391000000000000e+009	 -1.2817869999999999e+001	
  3.5414000000000000e+009	 -1.1690920000000000e+001	
  3.5437000000000000e+009	 -1.0498540000000000e+001	
  3.5460000000000000e+009	 -9.5156250000000000e+000	
  3.5483000000000000e+009	 -8.9008789999999998e+000	
  3.5506000000000000e+009	 -8.9096679999999999e+000	
  3.5529000000000000e+009	 -9.6215820000000001e+000	
  3.5552000000000000e+009	 -1.0739750000000001e+001	
  3.5575000000000000e+009	 -1.1964359999999999e+001	
  3.5598000000000000e+009	 -1.3278810000000000e+001	
  3.5621000000000000e+009	 -1.4451660000000000e+001	
  3.5644000000000000e+009	 -1.5507320000000000e+001	
  3.5667000000000000e+009	 -1.6412109999999998e+001	
  3.5690000000000000e+009	 -1.7107420000000001e+001	
  3.5713000000000000e+009	 -1.7726559999999999e+001	
  3.5736000000000000e+009	 -1.8207030000000000e+001	
  3.5759000000000000e+009	 -1.8562500000000000e+001	
  3.5782000000000000e+009	 -1.8812500000000000e+001	
  3.5805000000000000e+009	 -1.9029299999999999e+001	
  3.5828000000000000e+009	 -1.9172850000000000e+001	
  3.5851000000000000e+009	 -1.9285150000000002e+001	
  3.5874000000000000e+009	 -1.9375000000000000e+001	
  3.5897000000000000e+009	 -1.9512689999999999e+001	
  3.5920000000000000e+009	 -1.9614260000000002e+001	
  3.5943000000000000e+009	 -1.9729489999999998e+001	
  3.5966000000000000e+009	 -1.9929690000000001e+001	
  3.5989000000000000e+009	 -2.0164059999999999e+001	
  3.6012000000000000e+009	 -2.0428709999999999e+001	
  3.6035000000000000e+009	 -2.0718750000000000e+001	
  3.6058000000000000e+009	 -2.1033200000000001e+001	
  3.6081000000000000e+009	 -2.1359369999999998e+001	
  3.6104000000000000e+009	 -2.1721679999999999e+001	
  3.6127000000000000e+009	 -2.2013670000000001e+001	
  3.6150000000000000e+009	 -2.2253900000000002e+001	
  3.6173000000000000e+009	 -2.2520510000000002e+001	
  3.6196000000000000e+009	 -2.2783200000000001e+001	
  3.6219000000000000e+009	 -2.2934570000000001e+001	
  3.6242000000000000e+009	 -2.3108400000000000e+001	
  3.6265000000000000e+009	 -2.3227540000000001e+001	
  3.6288000000000000e+009	 -2.3293939999999999e+001	
  3.6311000000000000e+009	 -2.3334959999999999e+001	
  3.6334000000000000e+009	 -2.3370120000000000e+001	
  3.6357000000000000e+009	 -2.3357420000000001e+001	
  3.6380000000000000e+009	 -2.3326170000000001e+001	
  3.6403000000000000e+009	 -2.3240230000000000e+001	
  3.6426000000000000e+009	 -2.3201170000000001e+001	
  3.6449000000000000e+009	 -2.3061520000000002e+001	
  3.6472000000000000e+009	 -2.3023440000000001e+001	
  3.6495000000000000e+009	 -2.2896490000000000e+001	
  3.6518000000000000e+009	 -2.2662109999999998e+001	
  3.6541000000000000e+009	 -2.2527339999999999e+001	
  3.6564000000000000e+009	 -2.2333980000000000e+001	
  3.6587000000000000e+009	 -2.2107420000000001e+001	
  3.6610000000000000e+009	 -2.1915040000000001e+001	
  3.6633000000000000e+009	 -2.1724609999999998e+001	
  3.6656000000000000e+009	 -2.1566410000000001e+001	
  3.6679000000000000e+009	 -2.1464839999999999e+001	
  3.6702000000000000e+009	 -2.1384760000000000e+001	
  3.6725000000000000e+009	 -2.1354489999999998e+001	
  3.6748000000000000e+009	 -2.1316400000000002e+001	
  3.6771000000000000e+009	 -2.1353520000000000e+001	
  3.6794000000000000e+009	 -2.1386720000000000e+001	
  3.6817000000000000e+009	 -2.1472650000000002e+001	
  3.6840000000000000e+009	 -2.1661130000000000e+001	
  3.6863000000000000e+009	 -2.1729489999999998e+001	
  3.6886000000000000e+009	 -2.1792970000000000e+001	
  3.6909000000000000e+009	 -2.1845700000000001e+001	
  3.6932000000000000e+009	 -2.1866209999999999e+001	
  3.6955000000000000e+009	 -2.1827150000000000e+001	
  3.6978000000000000e+009	 -2.1762699999999999e+001	
  3.7001000000000000e+009	 -2.1652339999999999e+001	
  3.7024000000000000e+009	 -2.1554680000000001e+001	
  3.7047000000000000e+009	 -2.1401370000000000e+001	
  3.7070000000000000e+009	 -2.1201170000000001e+001	
  3.7093000000000000e+009	 -2.0916989999999998e+001	
  3.7116000000000000e+009	 -2.0562500000000000e+001	
  3.7139000000000000e+009	 -2.0221679999999999e+001	
  3.7162000000000000e+009	 -1.9929690000000001e+001	
  3.7185000000000000e+009	 -1.9559570000000001e+001	
  3.7208000000000000e+009	 -1.9201170000000001e+001	
  3.7231000000000000e+009	 -1.8900390000000002e+001	
  3.7254000000000000e+009	 -1.8560549999999999e+001	
  3.7277000000000000e+009	 -1.8226559999999999e+001	
  3.7300000000000000e+009	 -1.7868160000000000e+001	
  3.7323000000000000e+009	 -1.7544920000000001e+001	
  3.7346000000000000e+009	 -1.7077150000000000e+001	
  3.7369000000000000e+009	 -1.6652339999999999e+001	
  3.7392000000000000e+009	 -1.6389650000000000e+001	
  3.7415000000000000e+009	 -1.6210940000000001e+001	
  3.7438000000000000e+009	 -1.6142579999999999e+001	
  3.7461000000000000e+009	 -1.6119140000000002e+001	
  3.7484000000000000e+009	 -1.6010739999999998e+001	
  3.7507000000000000e+009	 -1.5993160000000000e+001	
  3.7530000000000000e+009	 -1.6033200000000001e+001	
  3.7553000000000000e+009	 -1.6044920000000001e+001	
  3.7576000000000000e+009	 -1.6034179999999999e+001	
  3.7599000000000000e+009	 -1.6009760000000000e+001	
  3.7622000000000000e+009	 -1.5979979999999999e+001	
  3.7645000000000000e+009	 -1.5791990000000000e+001	
  3.7668000000000000e+009	 -1.5754390000000001e+001	
  3.7691000000000000e+009	 -1.5493160000000000e+001	
  3.7714000000000000e+009	 -1.5141109999999999e+001	
  3.7737000000000000e+009	 -1.4890630000000000e+001	
  3.7760000000000000e+009	 -1.4542479999999999e+001	
  3.7783000000000000e+009	 -1.4150390000000000e+001	
  3.7806000000000000e+009	 -1.3715820000000001e+001	
  3.7829000000000000e+009	 -1.3329590000000000e+001	
  3.7852000000000000e+009	 -1.2945800000000000e+001	
  3.7875000000000000e+009	 -1.2616210000000001e+001	
  3.7898000000000000e+009	 -1.2302730000000000e+001	
  3.7921000000000000e+009	 -1.2007320000000000e+001	
  3.7944000000000000e+009	 -1.1898440000000001e+001	
  3.7967000000000000e+009	 -1.1715330000000000e+001	
  3.7990000000000000e+009	 -1.1695800000000000e+001	
  3.8013000000000000e+009	 -1.1683590000000001e+001	
  3.8036000000000000e+009	 -1.1734859999999999e+001	
  3.8059000000000000e+009	 -1.1826660000000000e+001	
  3.8082000000000000e+009	 -1.1943360000000000e+001	
  3.8105000000000000e+009	 -1.2094239999999999e+001	
  3.8128000000000000e+009	 -1.2291990000000000e+001	
  3.8151000000000000e+009	 -1.2469730000000000e+001	
  3.8174000000000000e+009	 -1.2649900000000001e+001	
  3.8197000000000000e+009	 -1.2891109999999999e+001	
  3.8220000000000000e+009	 -1.3211430000000000e+001	
  3.8243000000000000e+009	 -1.3449220000000000e+001	
  3.8266000000000000e+009	 -1.3669919999999999e+001	
  3.8289000000000000e+009	 -1.3901859999999999e+001	
  3.8312000000000000e+009	 -1.4175780000000000e+001	
  3.8335000000000000e+009	 -1.4385249999999999e+001	
  3.8358000000000000e+009	 -1.4605960000000000e+001	
  3.8381000000000000e+009	 -1.4822749999999999e+001	
  3.8404000000000000e+009	 -1.5001950000000001e+001	
  3.8427000000000000e+009	 -1.5219730000000000e+001	
  3.8450000000000000e+009	 -1.5350590000000000e+001	
  3.8473000000000000e+009	 -1.5458980000000000e+001	
  3.8496000000000000e+009	 -1.5559080000000000e+001	
  3.8519000000000000e+009	 -1.5618160000000000e+001	
  3.8542000000000000e+009	 -1.5648930000000000e+001	
  3.8565000000000000e+009	 -1.5700680000000000e+001	
  3.8588000000000000e+009	 -1.5661130000000000e+001	
  3.8611000000000000e+009	 -1.5630860000000000e+001	
  3.8634000000000000e+009	 -1.5610350000000000e+001	
  3.8657000000000000e+009	 -1.5588380000000001e+001	
  3.8680000000000000e+009	 -1.5611820000000000e+001	
  3.8703000000000000e+009	 -1.5646970000000000e+001	
  3.8726000000000000e+009	 -1.5763180000000000e+001	
  3.8749000000000000e+009	 -1.5868650000000001e+001	
  3.8772000000000000e+009	 -1.6053709999999999e+001	
  3.8795000000000000e+009	 -1.6352540000000001e+001	
  3.8818000000000000e+009	 -1.6530270000000002e+001	
  3.8841000000000000e+009	 -1.6858400000000000e+001	
  3.8864000000000000e+009	 -1.7107420000000001e+001	
  3.8887000000000000e+009	 -1.7438479999999998e+001	
  3.8910000000000000e+009	 -1.7723630000000000e+001	
  3.8933000000000000e+009	 -1.8013670000000001e+001	
  3.8956000000000000e+009	 -1.8251950000000001e+001	
  3.8979000000000000e+009	 -1.8440429999999999e+001	
  3.9002000000000000e+009	 -1.8632809999999999e+001	
  3.9025000000000000e+009	 -1.8779299999999999e+001	
  3.9048000000000000e+009	 -1.8835940000000001e+001	
  3.9071000000000000e+009	 -1.8960940000000001e+001	
  3.9094000000000000e+009	 -1.8934570000000001e+001	
  3.9117000000000000e+009	 -1.8995120000000000e+001	
  3.9140000000000000e+009	 -1.9002929999999999e+001	
  3.9163000000000000e+009	 -1.8979489999999998e+001	
  3.9186000000000000e+009	 -1.9004880000000000e+001	
  3.9209000000000000e+009	 -1.9008790000000001e+001	
  3.9232000000000000e+009	 -1.8950199999999999e+001	
  3.9255000000000000e+009	 -1.8947270000000000e+001	
  3.9278000000000000e+009	 -1.8881840000000000e+001	
  3.9301000000000000e+009	 -1.8783200000000001e+001	
  3.9324000000000000e+009	 -1.8693359999999998e+001	
  3.9347000000000000e+009	 -1.8570309999999999e+001	
  3.9370000000000000e+009	 -1.8470700000000001e+001	
  3.9393000000000000e+009	 -1.8313469999999999e+001	
  3.9416000000000000e+009	 -1.8278320000000001e+001	
  3.9439000000000000e+009	 -1.8170900000000000e+001	
  3.9462000000000000e+009	 -1.8149410000000000e+001	
  3.9485000000000000e+009	 -1.8197260000000000e+001	
  3.9508000000000000e+009	 -1.8203130000000002e+001	
  3.9531000000000000e+009	 -1.8388670000000001e+001	
  3.9554000000000000e+009	 -1.8617190000000001e+001	
  3.9577000000000000e+009	 -1.8878910000000001e+001	
  3.9600000000000000e+009	 -1.9134760000000000e+001	
  3.9623000000000000e+009	 -1.9440429999999999e+001	
  3.9646000000000000e+009	 -1.9744140000000002e+001	
  3.9669000000000000e+009	 -2.0035160000000001e+001	
  3.9692000000000000e+009	 -2.0268550000000001e+001	
  3.9715000000000000e+009	 -2.0461910000000000e+001	
  3.9738000000000000e+009	 -2.0589839999999999e+001	
  3.9761000000000000e+009	 -2.0583980000000000e+001	
  3.9784000000000000e+009	 -2.0707030000000000e+001	
  3.9807000000000000e+009	 -2.0603510000000000e+001	
  3.9830000000000000e+009	 -2.0444340000000000e+001	
  3.9853000000000000e+009	 -2.0234380000000002e+001	
  3.9876000000000000e+009	 -2.0063479999999998e+001	
  3.9899000000000000e+009	 -1.9808589999999999e+001	
  3.9922000000000000e+009	 -1.9528320000000001e+001	
  3.9945000000000000e+009	 -1.9249020000000002e+001	
  3.9968000000000000e+009	 -1.8987300000000001e+001	
  3.9991000000000000e+009	 -1.8697260000000000e+001	
  4.0014000000000000e+009	 -1.8494140000000002e+001	
  4.0037000000000000e+009	 -1.8318359999999998e+001	
  4.0060000000000000e+009	 -1.8205079999999999e+001	
  4.0083000000000000e+009	 -1.8105470000000000e+001	
  4.0106000000000000e+009	 -1.8163080000000001e+001	
  4.0129000000000000e+009	 -1.8167970000000000e+001	
  4.0152000000000000e+009	 -1.8272459999999999e+001	
  4.0175000000000000e+009	 -1.8406250000000000e+001	
  4.0198000000000000e+009	 -1.8583980000000000e+001	
  4.0221000000000000e+009	 -1.8779299999999999e+001	
  4.0244000000000000e+009	 -1.8916989999999998e+001	
  4.0267000000000000e+009	 -1.9059570000000001e+001	
  4.0290000000000000e+009	 -1.9207030000000000e+001	
  4.0313000000000000e+009	 -1.9286130000000000e+001	
  4.0336000000000000e+009	 -1.9377929999999999e+001	
  4.0359000000000000e+009	 -1.9371089999999999e+001	
  4.0382000000000000e+009	 -1.9325189999999999e+001	
  4.0405000000000000e+009	 -1.9284179999999999e+001	
  4.0428000000000000e+009	 -1.9131830000000001e+001	
  4.0451000000000000e+009	 -1.8985350000000000e+001	
  4.0474000000000000e+009	 -1.8749020000000002e+001	
  4.0497000000000000e+009	 -1.8545900000000000e+001	
  4.0520000000000000e+009	 -1.8320309999999999e+001	
  4.0543000000000000e+009	 -1.8007809999999999e+001	
  4.0566000000000000e+009	 -1.7767579999999999e+001	
  4.0589000000000000e+009	 -1.7422850000000000e+001	
  4.0612000000000000e+009	 -1.7167970000000000e+001	
  4.0635000000000000e+009	 -1.6986329999999999e+001	
  4.0658000000000000e+009	 -1.6740230000000000e+001	
  4.0681000000000000e+009	 -1.6512689999999999e+001	
  4.0704000000000000e+009	 -1.6335940000000001e+001	
  4.0727000000000000e+009	 -1.6310549999999999e+001	
  4.0750000000000000e+009	 -1.6105470000000000e+001	
  4.0773000000000000e+009	 -1.6006830000000001e+001	
  4.0796000000000000e+009	 -1.5950680000000000e+001	
  4.0819000000000000e+009	 -1.5862299999999999e+001	
  4.0842000000000000e+009	 -1.5780760000000001e+001	
  4.0865000000000000e+009	 -1.5646480000000000e+001	
  4.0888000000000000e+009	 -1.5521970000000000e+001	
  4.0911000000000000e+009	 -1.5340330000000000e+001	
  4.0934000000000000e+009	 -1.5280760000000001e+001	
  4.0957000000000000e+009	 -1.5063960000000000e+001	
  4.0980000000000000e+009	 -1.4901370000000000e+001	
  4.1003000000000000e+009	 -1.4809080000000000e+001	
  4.1026000000000000e+009	 -1.4622070000000001e+001	
  4.1049000000000000e+009	 -1.4562010000000001e+001	
  4.1072000000000000e+009	 -1.4430660000000000e+001	
  4.1095000000000000e+009	 -1.4361820000000000e+001	
  4.1118000000000000e+009	 -1.4300780000000000e+001	
  4.1141000000000000e+009	 -1.4124020000000000e+001	
  4.1164000000000000e+009	 -1.3990720000000000e+001	
  4.1187000000000000e+009	 -1.3809570000000001e+001	
  4.1210000000000000e+009	 -1.3542479999999999e+001	
  4.1233000000000000e+009	 -1.3267580000000001e+001	
  4.1256000000000000e+009	 -1.2916990000000000e+001	
  4.1279000000000000e+009	 -1.2546390000000001e+001	
  4.1302000000000000e+009	 -1.2155270000000000e+001	
  4.1325000000000000e+009	 -1.1640630000000000e+001	
  4.1348000000000000e+009	 -1.1158200000000001e+001	
  4.1371000000000000e+009	 -1.0733890000000001e+001	
  4.1394000000000000e+009	 -1.0160159999999999e+001	
  4.1417000000000000e+009	 -9.7978520000000007e+000	
  4.1440000000000000e+009	 -9.3989259999999994e+000	
  4.1463000000000000e+009	 -9.0957030000000003e+000	
  4.1486000000000000e+009	 -8.8364259999999994e+000	
  4.1509000000000000e+009	 -8.6235350000000004e+000	
  4.1532000000000000e+009	 -8.4882810000000006e+000	
  4.1555000000000000e+009	 -8.4106450000000006e+000	
  4.1578000000000000e+009	 -8.3071289999999998e+000	
  4.1601000000000000e+009	 -8.1987299999999994e+000	
  4.1624000000000000e+009	 -8.2041020000000007e+000	
  4.1647000000000000e+009	 -8.1875000000000000e+000	
  4.1670000000000000e+009	 -8.1577149999999996e+000	
  4.1693000000000000e+009	 -8.1582030000000003e+000	
  4.1716000000000000e+009	 -8.2426759999999994e+000	
  4.1739000000000000e+009	 -8.3037109999999998e+000	
  4.1762000000000000e+009	 -8.4160160000000008e+000	
  4.1785000000000000e+009	 -8.6357420000000005e+000	
  4.1808000000000000e+009	 -8.8618159999999992e+000	
  4.1831000000000000e+009	 -9.1113280000000003e+000	
  4.1854000000000000e+009	 -9.3730469999999997e+000	
  4.1877000000000000e+009	 -9.6928710000000002e+000	
  4.1900000000000000e+009	 -9.9868159999999992e+000	
  4.1923000000000000e+009	 -1.0258300000000000e+001	
  4.1946000000000000e+009	 -1.0530760000000001e+001	
  4.1969000000000000e+009	 -1.0741700000000000e+001	
  4.1992000000000000e+009	 -1.0955080000000001e+001	
  4.2015000000000000e+009	 -1.1146970000000000e+001	
  4.2038000000000000e+009	 -1.1270020000000001e+001	
  4.2061000000000000e+009	 -1.1444820000000000e+001	
  4.2084000000000000e+009	 -1.1551760000000000e+001	
  4.2107000000000000e+009	 -1.1689450000000001e+001	
  4.2130000000000000e+009	 -1.1812500000000000e+001	
  4.2153000000000000e+009	 -1.2004390000000001e+001	
  4.2176000000000000e+009	 -1.2175780000000000e+001	
  4.2199000000000000e+009	 -1.2443849999999999e+001	
  4.2222000000000000e+009	 -1.2723140000000001e+001	
  4.2245000000000000e+009	 -1.3052250000000001e+001	
  4.2268000000000000e+009	 -1.3437010000000001e+001	
  4.2291000000000000e+009	 -1.3847659999999999e+001	
  4.2314000000000000e+009	 -1.4246580000000000e+001	
  4.2337000000000000e+009	 -1.4764650000000000e+001	
  4.2360000000000000e+009	 -1.5206540000000000e+001	
  4.2383000000000000e+009	 -1.5644040000000000e+001	
  4.2406000000000000e+009	 -1.5986820000000000e+001	
  4.2429000000000000e+009	 -1.6351559999999999e+001	
  4.2452000000000000e+009	 -1.6684570000000001e+001	
  4.2475000000000000e+009	 -1.6916989999999998e+001	
  4.2498000000000000e+009	 -1.7091799999999999e+001	
  4.2521000000000000e+009	 -1.7195309999999999e+001	
  4.2544000000000000e+009	 -1.7271480000000000e+001	
  4.2567000000000000e+009	 -1.7341790000000000e+001	
  4.2590000000000000e+009	 -1.7390619999999998e+001	
  4.2613000000000000e+009	 -1.7422850000000000e+001	
  4.2636000000000000e+009	 -1.7489260000000002e+001	
  4.2659000000000000e+009	 -1.7593750000000000e+001	
  4.2682000000000000e+009	 -1.7869140000000002e+001	
  4.2705000000000000e+009	 -1.8544920000000001e+001	
  4.2728000000000000e+009	 -1.8669920000000001e+001	
  4.2751000000000000e+009	 -1.8810549999999999e+001	
  4.2774000000000000e+009	 -1.8892579999999999e+001	
  4.2797000000000000e+009	 -1.9020510000000002e+001	
  4.2820000000000000e+009	 -1.9103520000000000e+001	
  4.2843000000000000e+009	 -1.9140630000000002e+001	
  4.2866000000000000e+009	 -1.9233400000000000e+001	
  4.2889000000000000e+009	 -1.9254880000000000e+001	
  4.2912000000000000e+009	 -1.9252929999999999e+001	
  4.2935000000000000e+009	 -1.9253900000000002e+001	
  4.2958000000000000e+009	 -1.9234369999999998e+001	
  4.2981000000000000e+009	 -1.9324220000000000e+001	
  4.3004000000000000e+009	 -1.9344729999999998e+001	
  4.3027000000000000e+009	 -1.9504880000000000e+001	
  4.3050000000000000e+009	 -1.9656250000000000e+001	
  4.3073000000000000e+009	 -1.9932620000000000e+001	
  4.3096000000000000e+009	 -2.0255859999999998e+001	
  4.3119000000000000e+009	 -2.0550780000000000e+001	
  4.3142000000000000e+009	 -2.0976559999999999e+001	
  4.3165000000000000e+009	 -2.1360350000000000e+001	
  4.3188000000000000e+009	 -2.1737300000000001e+001	
  4.3211000000000000e+009	 -2.2094729999999998e+001	
  4.3234000000000000e+009	 -2.2331050000000001e+001	
  4.3257000000000000e+009	 -2.2596679999999999e+001	
  4.3280000000000000e+009	 -2.2729489999999998e+001	
  4.3303000000000000e+009	 -2.2836910000000000e+001	
  4.3326000000000000e+009	 -2.2798829999999999e+001	
  4.3349000000000000e+009	 -2.2818359999999998e+001	
  4.3372000000000000e+009	 -2.2580079999999999e+001	
  4.3395000000000000e+009	 -2.2483400000000000e+001	
  4.3418000000000000e+009	 -2.2223630000000000e+001	
  4.3441000000000000e+009	 -2.1934570000000001e+001	
  4.3464000000000000e+009	 -2.1685549999999999e+001	
  4.3487000000000000e+009	 -2.1474609999999998e+001	
  4.3510000000000000e+009	 -2.1303709999999999e+001	
  4.3533000000000000e+009	 -2.1185549999999999e+001	
  4.3556000000000000e+009	 -2.1110350000000000e+001	
  4.3579000000000000e+009	 -2.1138670000000001e+001	
  4.3602000000000000e+009	 -2.1297850000000000e+001	
  4.3625000000000000e+009	 -2.1578130000000002e+001	
  4.3648000000000000e+009	 -2.1828119999999998e+001	
  4.3671000000000000e+009	 -2.2124020000000002e+001	
  4.3694000000000000e+009	 -2.2369140000000002e+001	
  4.3717000000000000e+009	 -2.2773440000000001e+001	
  4.3740000000000000e+009	 -2.3060549999999999e+001	
  4.3763000000000000e+009	 -2.3459959999999999e+001	
  4.3786000000000000e+009	 -2.3779299999999999e+001	
  4.3809000000000000e+009	 -2.4034179999999999e+001	
  4.3832000000000000e+009	 -2.4283200000000001e+001	
  4.3855000000000000e+009	 -2.4467770000000002e+001	
  4.3878000000000000e+009	 -2.4592770000000002e+001	
  4.3901000000000000e+009	 -2.4640619999999998e+001	
  4.3924000000000000e+009	 -2.4751950000000001e+001	
  4.3947000000000000e+009	 -2.4697270000000000e+001	
  4.3970000000000000e+009	 -2.4702150000000000e+001	
  4.3993000000000000e+009	 -2.4537109999999998e+001	
  4.4016000000000000e+009	 -2.4445309999999999e+001	
  4.4039000000000000e+009	 -2.4238280000000000e+001	
  4.4062000000000000e+009	 -2.3998049999999999e+001	
  4.4085000000000000e+009	 -2.3725590000000000e+001	
  4.4108000000000000e+009	 -2.3487310000000001e+001	
  4.4131000000000000e+009	 -2.3303709999999999e+001	
  4.4154000000000000e+009	 -2.3126950000000001e+001	
  4.4177000000000000e+009	 -2.2982420000000001e+001	
  4.4200000000000000e+009	 -2.2958010000000002e+001	
  4.4223000000000000e+009	 -2.2926749999999998e+001	
  4.4246000000000000e+009	 -2.3085940000000001e+001	
  4.4269000000000000e+009	 -2.3234369999999998e+001	
  4.4292000000000000e+009	 -2.3481449999999999e+001	
  4.4315000000000000e+009	 -2.3724609999999998e+001	
  4.4338000000000000e+009	 -2.4044920000000001e+001	
  4.4361000000000000e+009	 -2.4347650000000002e+001	
  4.4384000000000000e+009	 -2.4624020000000002e+001	
  4.4407000000000000e+009	 -2.4750000000000000e+001	
  4.4430000000000000e+009	 -2.4927730000000000e+001	
  4.4453000000000000e+009	 -2.5075189999999999e+001	
  4.4476000000000000e+009	 -2.5129880000000000e+001	
  4.4499000000000000e+009	 -2.5179690000000001e+001	
  4.4522000000000000e+009	 -2.5181640000000002e+001	
  4.4545000000000000e+009	 -2.5127929999999999e+001	
  4.4568000000000000e+009	 -2.5090820000000001e+001	
  4.4591000000000000e+009	 -2.5044920000000001e+001	
  4.4614000000000000e+009	 -2.4943359999999998e+001	
  4.4637000000000000e+009	 -2.5001950000000001e+001	
  4.4660000000000000e+009	 -2.4932610000000000e+001	
  4.4683000000000000e+009	 -2.4876950000000001e+001	
  4.4706000000000000e+009	 -2.4965820000000001e+001	
  4.4729000000000000e+009	 -2.4980470000000000e+001	
  4.4752000000000000e+009	 -2.4978510000000000e+001	
  4.4775000000000000e+009	 -2.4971679999999999e+001	
  4.4798000000000000e+009	 -2.4990230000000000e+001	
  4.4821000000000000e+009	 -2.4968750000000000e+001	
  4.4844000000000000e+009	 -2.4861329999999999e+001	
  4.4867000000000000e+009	 -2.4695309999999999e+001	
  4.4890000000000000e+009	 -2.4631830000000001e+001	
  4.4913000000000000e+009	 -2.4457030000000000e+001	
  4.4936000000000000e+009	 -2.4311520000000002e+001	
  4.4959000000000000e+009	 -2.4116209999999999e+001	
  4.4982000000000000e+009	 -2.3883790000000001e+001	
  4.5005000000000000e+009	 -2.3857420000000001e+001	
  4.5028000000000000e+009	 -2.3786130000000000e+001	
  4.5051000000000000e+009	 -2.3833990000000000e+001	
  4.5074000000000000e+009	 -2.3959959999999999e+001	
  4.5097000000000000e+009	 -2.4151360000000000e+001	
  4.5120000000000000e+009	 -2.4348630000000000e+001	
  4.5143000000000000e+009	 -2.4628910000000001e+001	
  4.5166000000000000e+009	 -2.4841790000000000e+001	
  4.5189000000000000e+009	 -2.5086910000000000e+001	
  4.5212000000000000e+009	 -2.5277339999999999e+001	
  4.5235000000000000e+009	 -2.5423829999999999e+001	
  4.5258000000000000e+009	 -2.5422850000000000e+001	
  4.5281000000000000e+009	 -2.5452150000000000e+001	
  4.5304000000000000e+009	 -2.5291989999999998e+001	
  4.5327000000000000e+009	 -2.5084959999999999e+001	
  4.5350000000000000e+009	 -2.4712890000000002e+001	
  4.5373000000000000e+009	 -2.4162109999999998e+001	
  4.5396000000000000e+009	 -2.3540040000000001e+001	
  4.5419000000000000e+009	 -2.2914059999999999e+001	
  4.5442000000000000e+009	 -2.3565429999999999e+001	
  4.5465000000000000e+009	 -2.7363280000000000e+001	
  4.5488000000000000e+009	 -2.9722650000000002e+001	
  4.5511000000000000e+009	 -2.8690429999999999e+001	
  4.5534000000000000e+009	 -2.7474609999999998e+001	
  4.5557000000000000e+009	 -2.6582030000000000e+001	
  4.5580000000000000e+009	 -2.6029299999999999e+001	
  4.5603000000000000e+009	 -2.5710940000000001e+001	
  4.5626000000000000e+009	 -2.5412109999999998e+001	
  4.5649000000000000e+009	 -2.5342770000000002e+001	
  4.5672000000000000e+009	 -2.5277339999999999e+001	
  4.5695000000000000e+009	 -2.5378900000000002e+001	
  4.5718000000000000e+009	 -2.5503900000000002e+001	
  4.5741000000000000e+009	 -2.5642579999999999e+001	
  4.5764000000000000e+009	 -2.5827150000000000e+001	
  4.5787000000000000e+009	 -2.6041010000000000e+001	
  4.5810000000000000e+009	 -2.6227540000000001e+001	
  4.5833000000000000e+009	 -2.6338860000000000e+001	
  4.5856000000000000e+009	 -2.6578119999999998e+001	
  4.5879000000000000e+009	 -2.6507809999999999e+001	
  4.5902000000000000e+009	 -2.6697260000000000e+001	
  4.5925000000000000e+009	 -2.6696290000000001e+001	
  4.5948000000000000e+009	 -2.6684570000000001e+001	
  4.5971000000000000e+009	 -2.6643550000000001e+001	
  4.5994000000000000e+009	 -2.6549800000000001e+001	
  4.6017000000000000e+009	 -2.6363280000000000e+001	
  4.6040000000000000e+009	 -2.6091790000000000e+001	
  4.6063000000000000e+009	 -2.5868160000000000e+001	
  4.6086000000000000e+009	 -2.5587890000000002e+001	
  4.6109000000000000e+009	 -2.5318359999999998e+001	
  4.6132000000000000e+009	 -2.5032219999999999e+001	
  4.6155000000000000e+009	 -2.4805660000000000e+001	
  4.6178000000000000e+009	 -2.4623049999999999e+001	
  4.6201000000000000e+009	 -2.4449210000000001e+001	
  4.6224000000000000e+009	 -2.4393550000000001e+001	
  4.6247000000000000e+009	 -2.4338870000000000e+001	
  4.6270000000000000e+009	 -2.4298829999999999e+001	
  4.6293000000000000e+009	 -2.4329100000000000e+001	
  4.6316000000000000e+009	 -2.4441400000000002e+001	
  4.6339000000000000e+009	 -2.4601559999999999e+001	
  4.6362000000000000e+009	 -2.4671869999999998e+001	
  4.6385000000000000e+009	 -2.4760739999999998e+001	
  4.6408000000000000e+009	 -2.4794920000000001e+001	
  4.6431000000000000e+009	 -2.4837890000000002e+001	
  4.6454000000000000e+009	 -2.4830069999999999e+001	
  4.6477000000000000e+009	 -2.4836910000000000e+001	
  4.6500000000000000e+009	 -2.4819340000000000e+001	
  4.6523000000000000e+009	 -2.4726559999999999e+001	
  4.6546000000000000e+009	 -2.4637689999999999e+001	
  4.6569000000000000e+009	 -2.4690429999999999e+001	
  4.6592000000000000e+009	 -2.4639640000000000e+001	
  4.6615000000000000e+009	 -2.4540040000000001e+001	
  4.6638000000000000e+009	 -2.4582030000000000e+001	
  4.6661000000000000e+009	 -2.4571290000000001e+001	
  4.6684000000000000e+009	 -2.4570309999999999e+001	
  4.6707000000000000e+009	 -2.4562500000000000e+001	
  4.6730000000000000e+009	 -2.4567380000000000e+001	
  4.6753000000000000e+009	 -2.4598630000000000e+001	
  4.6776000000000000e+009	 -2.4548829999999999e+001	
  4.6799000000000000e+009	 -2.4458980000000000e+001	
  4.6822000000000000e+009	 -2.4395499999999998e+001	
  4.6845000000000000e+009	 -2.4233400000000000e+001	
  4.6868000000000000e+009	 -2.4000969999999999e+001	
  4.6891000000000000e+009	 -2.3832030000000000e+001	
  4.6914000000000000e+009	 -2.3522459999999999e+001	
  4.6937000000000000e+009	 -2.3260739999999998e+001	
  4.6960000000000000e+009	 -2.2919920000000001e+001	
  4.6983000000000000e+009	 -2.2596679999999999e+001	
  4.7006000000000000e+009	 -2.2366209999999999e+001	
  4.7029000000000000e+009	 -2.2147459999999999e+001	
  4.7052000000000000e+009	 -2.1968750000000000e+001	
  4.7075000000000000e+009	 -2.1832999999999998e+001	
  4.7098000000000000e+009	 -2.1824220000000000e+001	
  4.7121000000000000e+009	 -2.1757809999999999e+001	
  4.7144000000000000e+009	 -2.1859369999999998e+001	
  4.7167000000000000e+009	 -2.1938479999999998e+001	
  4.7190000000000000e+009	 -2.2116209999999999e+001	
  4.7213000000000000e+009	 -2.2226559999999999e+001	
  4.7236000000000000e+009	 -2.2380859999999998e+001	
  4.7259000000000000e+009	 -2.2489260000000002e+001	
  4.7282000000000000e+009	 -2.2588870000000000e+001	
  4.7305000000000000e+009	 -2.2667970000000000e+001	
  4.7328000000000000e+009	 -2.2633790000000001e+001	
  4.7351000000000000e+009	 -2.2582030000000000e+001	
  4.7374000000000000e+009	 -2.2518550000000001e+001	
  4.7397000000000000e+009	 -2.2331050000000001e+001	
  4.7420000000000000e+009	 -2.2110350000000000e+001	
  4.7443000000000000e+009	 -2.1844729999999998e+001	
  4.7466000000000000e+009	 -2.1563479999999998e+001	
  4.7489000000000000e+009	 -2.1203119999999998e+001	
  4.7512000000000000e+009	 -2.0835940000000001e+001	
  4.7535000000000000e+009	 -2.0490230000000000e+001	
  4.7558000000000000e+009	 -2.0066400000000002e+001	
  4.7581000000000000e+009	 -1.9598630000000000e+001	
  4.7604000000000000e+009	 -1.9142579999999999e+001	
  4.7627000000000000e+009	 -1.8797850000000000e+001	
  4.7650000000000000e+009	 -1.8541010000000000e+001	
  4.7673000000000000e+009	 -1.8264650000000000e+001	
  4.7696000000000000e+009	 -1.8125979999999998e+001	
  4.7719000000000000e+009	 -1.8079100000000000e+001	
  4.7742000000000000e+009	 -1.8072260000000000e+001	
  4.7765000000000000e+009	 -1.8126950000000001e+001	
  4.7788000000000000e+009	 -1.8190429999999999e+001	
  4.7811000000000000e+009	 -1.8401370000000000e+001	
  4.7834000000000000e+009	 -1.8537109999999998e+001	
  4.7857000000000000e+009	 -1.8720700000000001e+001	
  4.7880000000000000e+009	 -1.8766600000000000e+001	
  4.7903000000000000e+009	 -1.8832030000000000e+001	
  4.7926000000000000e+009	 -1.8825189999999999e+001	
  4.7949000000000000e+009	 -1.8723630000000000e+001	
  4.7972000000000000e+009	 -1.8530270000000002e+001	
  4.7995000000000000e+009	 -1.8253910000000001e+001	
  4.8018000000000000e+009	 -1.7909179999999999e+001	
  4.8041000000000000e+009	 -1.7500000000000000e+001	
  4.8064000000000000e+009	 -1.7018550000000001e+001	
  4.8087000000000000e+009	 -1.6516600000000000e+001	
  4.8110000000000000e+009	 -1.5987299999999999e+001	
  4.8133000000000000e+009	 -1.5444340000000000e+001	
  4.8156000000000000e+009	 -1.5028320000000001e+001	
  4.8179000000000000e+009	 -1.4649900000000001e+001	
  4.8202000000000000e+009	 -1.4243160000000000e+001	
  4.8225000000000000e+009	 -1.3954590000000000e+001	
  4.8248000000000000e+009	 -1.3639160000000000e+001	
  4.8271000000000000e+009	 -1.3461910000000000e+001	
  4.8294000000000000e+009	 -1.3305660000000000e+001	
  4.8317000000000000e+009	 -1.3091799999999999e+001	
  4.8340000000000000e+009	 -1.2912599999999999e+001	
  4.8363000000000000e+009	 -1.2717770000000000e+001	
  4.8386000000000000e+009	 -1.2393549999999999e+001	
  4.8409000000000000e+009	 -1.2166990000000000e+001	
  4.8432000000000000e+009	 -1.1793460000000000e+001	
  4.8455000000000000e+009	 -1.1523930000000000e+001	
  4.8478000000000000e+009	 -1.1134280000000000e+001	
  4.8501000000000000e+009	 -1.0703130000000000e+001	
  4.8524000000000000e+009	 -1.0291990000000000e+001	
  4.8547000000000000e+009	 -9.9272460000000002e+000	
  4.8570000000000000e+009	 -9.6152339999999992e+000	
  4.8593000000000000e+009	 -9.3369140000000002e+000	
  4.8616000000000000e+009	 -9.0317380000000007e+000	
  4.8639000000000000e+009	 -8.8090820000000001e+000	
  4.8662000000000000e+009	 -8.5083009999999994e+000	
  4.8685000000000000e+009	 -8.2460939999999994e+000	
  4.8708000000000000e+009	 -8.0556640000000002e+000	
  4.8731000000000000e+009	 -7.7998050000000001e+000	
  4.8754000000000000e+009	 -7.5041500000000001e+000	
  4.8777000000000000e+009	 -7.2070309999999997e+000	
  4.8800000000000000e+009	 -7.0068359999999998e+000	
  4.8823000000000000e+009	 -6.8002929999999999e+000	
  4.8846000000000000e+009	 -6.6987300000000003e+000	
  4.8869000000000000e+009	 -6.6489260000000003e+000	
  4.8892000000000000e+009	 -6.7133789999999998e+000	
  4.8915000000000000e+009	 -6.7985840000000000e+000	
  4.8938000000000000e+009	 -6.9943850000000003e+000	
  4.8961000000000000e+009	 -7.0893550000000003e+000	
  4.8984000000000000e+009	 -7.2585449999999998e+000	
  4.9007000000000000e+009	 -7.4140629999999996e+000	
  4.9030000000000000e+009	 -7.5083010000000003e+000	
  4.9053000000000000e+009	 -7.6738280000000003e+000	
  4.9076000000000000e+009	 -7.7761230000000001e+000	
  4.9099000000000000e+009	 -7.9594730000000000e+000	
  4.9122000000000000e+009	 -8.1801759999999994e+000	
  4.9145000000000000e+009	 -8.4267579999999995e+000	
  4.9168000000000000e+009	 -8.7319340000000008e+000	
  4.9191000000000000e+009	 -9.0878910000000008e+000	
  4.9214000000000000e+009	 -9.6132810000000006e+000	
  4.9237000000000000e+009	 -1.0040530000000000e+001	
  4.9260000000000000e+009	 -1.0580570000000000e+001	
  4.9283000000000000e+009	 -1.1127440000000000e+001	
  4.9306000000000000e+009	 -1.1719239999999999e+001	
  4.9329000000000000e+009	 -1.2250489999999999e+001	
  4.9352000000000000e+009	 -1.2773930000000000e+001	
  4.9375000000000000e+009	 -1.3290039999999999e+001	
  4.9398000000000000e+009	 -1.3751950000000001e+001	
  4.9421000000000000e+009	 -1.4178710000000001e+001	
  4.9444000000000000e+009	 -1.4522950000000000e+001	
  4.9467000000000000e+009	 -1.4836910000000000e+001	
  4.9490000000000000e+009	 -1.5046880000000000e+001	
  4.9513000000000000e+009	 -1.5218260000000001e+001	
  4.9536000000000000e+009	 -1.5355960000000000e+001	
  4.9559000000000000e+009	 -1.5377440000000000e+001	
  4.9582000000000000e+009	 -1.5355470000000000e+001	
  4.9605000000000000e+009	 -1.5309570000000001e+001	
  4.9628000000000000e+009	 -1.5225099999999999e+001	
  4.9651000000000000e+009	 -1.5085940000000001e+001	
  4.9674000000000000e+009	 -1.5022460000000001e+001	
  4.9697000000000000e+009	 -1.4914059999999999e+001	
  4.9720000000000000e+009	 -1.4867680000000000e+001	
  4.9743000000000000e+009	 -1.4925290000000000e+001	
  4.9766000000000000e+009	 -1.5071780000000000e+001	
  4.9789000000000000e+009	 -1.5242190000000001e+001	
  4.9812000000000000e+009	 -1.5637700000000001e+001	
  4.9835000000000000e+009	 -1.5945800000000000e+001	
  4.9858000000000000e+009	 -1.6450199999999999e+001	
  4.9881000000000000e+009	 -1.6839839999999999e+001	
  4.9904000000000000e+009	 -1.7297850000000000e+001	
  4.9927000000000000e+009	 -1.7750979999999998e+001	
  4.9950000000000000e+009	 -1.8143550000000001e+001	
  4.9973000000000000e+009	 -1.8517579999999999e+001	
  4.9996000000000000e+009	 -1.8799800000000001e+001	
  5.0019000000000000e+009	 -1.9070309999999999e+001	
  5.0042000000000000e+009	 -1.9230470000000000e+001	
  5.0065000000000000e+009	 -1.9361329999999999e+001	
  5.0088000000000000e+009	 -1.9467770000000002e+001	
  5.0111000000000000e+009	 -1.9462890000000002e+001	
  5.0134000000000000e+009	 -1.9537109999999998e+001	
  5.0157000000000000e+009	 -1.9484369999999998e+001	
  5.0180000000000000e+009	 -1.9491209999999999e+001	
  5.0203000000000000e+009	 -1.9399410000000000e+001	
  5.0226000000000000e+009	 -1.9399410000000000e+001	
  5.0249000000000000e+009	 -1.9428709999999999e+001	
  5.0272000000000000e+009	 -1.9521480000000000e+001	
  5.0295000000000000e+009	 -1.9533200000000001e+001	
  5.0318000000000000e+009	 -1.9550780000000000e+001	
  5.0341000000000000e+009	 -1.9610350000000000e+001	
  5.0364000000000000e+009	 -1.9618160000000000e+001	
  5.0387000000000000e+009	 -1.9674800000000001e+001	
  5.0410000000000000e+009	 -1.9654299999999999e+001	
  5.0433000000000000e+009	 -1.9723630000000000e+001	
  5.0456000000000000e+009	 -1.9708980000000000e+001	
  5.0479000000000000e+009	 -1.9669920000000001e+001	
  5.0502000000000000e+009	 -1.9729489999999998e+001	
  5.0525000000000000e+009	 -1.9821290000000001e+001	
  5.0548000000000000e+009	 -1.9902339999999999e+001	
  5.0571000000000000e+009	 -2.0031250000000000e+001	
  5.0594000000000000e+009	 -2.0199220000000000e+001	
  5.0617000000000000e+009	 -2.0454100000000000e+001	
  5.0640000000000000e+009	 -2.0703130000000002e+001	
  5.0663000000000000e+009	 -2.1021490000000000e+001	
  5.0686000000000000e+009	 -2.1357420000000001e+001	
  5.0709000000000000e+009	 -2.1672850000000000e+001	
  5.0732000000000000e+009	 -2.1975580000000001e+001	
  5.0755000000000000e+009	 -2.2209959999999999e+001	
  5.0778000000000000e+009	 -2.2461919999999999e+001	
  5.0801000000000000e+009	 -2.2716790000000000e+001	
  5.0824000000000000e+009	 -2.2739260000000002e+001	
  5.0847000000000000e+009	 -2.2759770000000000e+001	
  5.0870000000000000e+009	 -2.2819330000000001e+001	
  5.0893000000000000e+009	 -2.2885739999999998e+001	
  5.0916000000000000e+009	 -2.2835940000000001e+001	
  5.0939000000000000e+009	 -2.2691410000000001e+001	
  5.0962000000000000e+009	 -2.2550780000000000e+001	
  5.0985000000000000e+009	 -2.2367190000000001e+001	
  5.1008000000000000e+009	 -2.2130859999999998e+001	
  5.1031000000000000e+009	 -2.1890630000000002e+001	
  5.1054000000000000e+009	 -2.1653320000000001e+001	
  5.1077000000000000e+009	 -2.1457030000000000e+001	
  5.1100000000000000e+009	 -2.1225590000000000e+001	
  5.1123000000000000e+009	 -2.1067380000000000e+001	
  5.1146000000000000e+009	 -2.0999020000000002e+001	
  5.1169000000000000e+009	 -2.1053709999999999e+001	
  5.1192000000000000e+009	 -2.1157229999999998e+001	
  5.1215000000000000e+009	 -2.1380859999999998e+001	
  5.1238000000000000e+009	 -2.1699220000000000e+001	
  5.1261000000000000e+009	 -2.2027339999999999e+001	
  5.1284000000000000e+009	 -2.2403320000000001e+001	
  5.1307000000000000e+009	 -2.2794920000000001e+001	
  5.1330000000000000e+009	 -2.3175780000000000e+001	
  5.1353000000000000e+009	 -2.3566400000000002e+001	
  5.1376000000000000e+009	 -2.3926760000000002e+001	
  5.1399000000000000e+009	 -2.4157219999999999e+001	
  5.1422000000000000e+009	 -2.4372070000000001e+001	
  5.1445000000000000e+009	 -2.4645499999999998e+001	
  5.1468000000000000e+009	 -2.4682620000000000e+001	
  5.1491000000000000e+009	 -2.4582030000000000e+001	
  5.1514000000000000e+009	 -2.4612300000000001e+001	
  5.1537000000000000e+009	 -2.4433589999999999e+001	
  5.1560000000000000e+009	 -2.4158200000000001e+001	
  5.1583000000000000e+009	 -2.3923829999999999e+001	
  5.1606000000000000e+009	 -2.3626950000000001e+001	
  5.1629000000000000e+009	 -2.3241209999999999e+001	
  5.1652000000000000e+009	 -2.2878900000000002e+001	
  5.1675000000000000e+009	 -2.2546869999999998e+001	
  5.1698000000000000e+009	 -2.2258790000000001e+001	
  5.1721000000000000e+009	 -2.1976559999999999e+001	
  5.1744000000000000e+009	 -2.1890630000000002e+001	
  5.1767000000000000e+009	 -2.1724609999999998e+001	
  5.1790000000000000e+009	 -2.1651370000000000e+001	
  5.1813000000000000e+009	 -2.1615230000000000e+001	
  5.1836000000000000e+009	 -2.2016600000000000e+001	
  5.1859000000000000e+009	 -2.2639650000000000e+001	
  5.1882000000000000e+009	 -2.3286130000000000e+001	
  5.1905000000000000e+009	 -2.3771480000000000e+001	
  5.1928000000000000e+009	 -2.4215820000000001e+001	
  5.1951000000000000e+009	 -2.4507809999999999e+001	
  5.1974000000000000e+009	 -2.4845700000000001e+001	
  5.1997000000000000e+009	 -2.4994140000000002e+001	
  5.2020000000000000e+009	 -2.5153320000000001e+001	
  5.2043000000000000e+009	 -2.5278320000000001e+001	
  5.2066000000000000e+009	 -2.5427730000000000e+001	
  5.2089000000000000e+009	 -2.5488280000000000e+001	
  5.2112000000000000e+009	 -2.5618160000000000e+001	
  5.2135000000000000e+009	 -2.5647459999999999e+001	
  5.2158000000000000e+009	 -2.5653320000000001e+001	
  5.2181000000000000e+009	 -2.5588870000000000e+001	
  5.2204000000000000e+009	 -2.5483400000000000e+001	
  5.2227000000000000e+009	 -2.5419920000000001e+001	
  5.2250000000000000e+009	 -2.5287109999999998e+001	
  5.2273000000000000e+009	 -2.5107420000000001e+001	
  5.2296000000000000e+009	 -2.4879880000000000e+001	
  5.2319000000000000e+009	 -2.4625969999999999e+001	
  5.2342000000000000e+009	 -2.4339839999999999e+001	
  5.2365000000000000e+009	 -2.4095700000000001e+001	
  5.2388000000000000e+009	 -2.3833010000000002e+001	
  5.2411000000000000e+009	 -2.3543939999999999e+001	
  5.2434000000000000e+009	 -2.3359380000000002e+001	
  5.2457000000000000e+009	 -2.3220700000000001e+001	
  5.2480000000000000e+009	 -2.3079100000000000e+001	
  5.2503000000000000e+009	 -2.3151360000000000e+001	
  5.2526000000000000e+009	 -2.3161130000000000e+001	
  5.2549000000000000e+009	 -2.3278320000000001e+001	
  5.2572000000000000e+009	 -2.3488280000000000e+001	
  5.2595000000000000e+009	 -2.3690429999999999e+001	
  5.2618000000000000e+009	 -2.3946290000000001e+001	
  5.2641000000000000e+009	 -2.4183589999999999e+001	
  5.2664000000000000e+009	 -2.4431640000000002e+001	
  5.2687000000000000e+009	 -2.4567380000000000e+001	
  5.2710000000000000e+009	 -2.4782219999999999e+001	
  5.2733000000000000e+009	 -2.4881830000000001e+001	
  5.2756000000000000e+009	 -2.4933589999999999e+001	
  5.2779000000000000e+009	 -2.4945309999999999e+001	
  5.2802000000000000e+009	 -2.4909179999999999e+001	
  5.2825000000000000e+009	 -2.4859369999999998e+001	
  5.2848000000000000e+009	 -2.4817380000000000e+001	
  5.2871000000000000e+009	 -2.4691410000000001e+001	
  5.2894000000000000e+009	 -2.4550780000000000e+001	
  5.2917000000000000e+009	 -2.4447260000000000e+001	
  5.2940000000000000e+009	 -2.4322260000000000e+001	
  5.2963000000000000e+009	 -2.4222660000000001e+001	
  5.2986000000000000e+009	 -2.4075189999999999e+001	
  5.3009000000000000e+009	 -2.3920900000000000e+001	
  5.3032000000000000e+009	 -2.3840820000000001e+001	
  5.3055000000000000e+009	 -2.3707030000000000e+001	
  5.3078000000000000e+009	 -2.3485350000000000e+001	
  5.3101000000000000e+009	 -2.3385739999999998e+001	
  5.3124000000000000e+009	 -2.3151360000000000e+001	
  5.3147000000000000e+009	 -2.2931640000000002e+001	
  5.3170000000000000e+009	 -2.2659179999999999e+001	
  5.3193000000000000e+009	 -2.2513670000000001e+001	
  5.3216000000000000e+009	 -2.2403320000000001e+001	
  5.3239000000000000e+009	 -2.2312500000000000e+001	
  5.3262000000000000e+009	 -2.2325199999999999e+001	
  5.3285000000000000e+009	 -2.2428709999999999e+001	
  5.3308000000000000e+009	 -2.2572260000000000e+001	
  5.3331000000000000e+009	 -2.2868160000000000e+001	
  5.3354000000000000e+009	 -2.3136720000000000e+001	
  5.3377000000000000e+009	 -2.3530270000000002e+001	
  5.3400000000000000e+009	 -2.3833990000000000e+001	
