  4.5400000000000000e+009	 -2.3512689999999999e+001	
  4.5406000000000000e+009	 -2.3274410000000000e+001	
  4.5412000000000000e+009	 -2.3166010000000000e+001	
  4.5418000000000000e+009	 -2.3147459999999999e+001	
  4.5424000000000000e+009	 -2.3392579999999999e+001	
  4.5430000000000000e+009	 -2.3979489999999998e+001	
  4.5436000000000000e+009	 -2.4994140000000002e+001	
  4.5442000000000000e+009	 -2.6291989999999998e+001	
  4.5448000000000000e+009	 -2.7747070000000001e+001	
  4.5454000000000000e+009	 -2.9294920000000001e+001	
  4.5460000000000000e+009	 -3.0454100000000000e+001	
  4.5466000000000000e+009	 -3.1016600000000000e+001	
  4.5472000000000000e+009	 -3.1176760000000002e+001	
  4.5478000000000000e+009	 -3.0995120000000000e+001	
  4.5484000000000000e+009	 -3.0701170000000001e+001	
  4.5490000000000000e+009	 -3.0305660000000000e+001	
  4.5496000000000000e+009	 -2.9879880000000000e+001	
  4.5502000000000000e+009	 -2.9572260000000000e+001	
  4.5508000000000000e+009	 -2.9225580000000001e+001	
  4.5514000000000000e+009	 -2.8915040000000001e+001	
  4.5520000000000000e+009	 -2.8569340000000000e+001	
  4.5526000000000000e+009	 -2.8312500000000000e+001	
  4.5532000000000000e+009	 -2.8117180000000001e+001	
  4.5538000000000000e+009	 -2.7953119999999998e+001	
  4.5544000000000000e+009	 -2.7666020000000000e+001	
  4.5550000000000000e+009	 -2.7566400000000002e+001	
  4.5556000000000000e+009	 -2.7446290000000001e+001	
  4.5562000000000000e+009	 -2.7264650000000000e+001	
  4.5568000000000000e+009	 -2.7125000000000000e+001	
  4.5574000000000000e+009	 -2.6973630000000000e+001	
  4.5580000000000000e+009	 -2.6914059999999999e+001	
  4.5586000000000000e+009	 -2.6775390000000002e+001	
  4.5592000000000000e+009	 -2.6708010000000002e+001	
  4.5598000000000000e+009	 -2.6673829999999999e+001	
  4.5604000000000000e+009	 -2.6662109999999998e+001	
  4.5610000000000000e+009	 -2.6483400000000000e+001	
  4.5616000000000000e+009	 -2.6521480000000000e+001	
  4.5622000000000000e+009	 -2.6509760000000000e+001	
  4.5628000000000000e+009	 -2.6388670000000001e+001	
  4.5634000000000000e+009	 -2.6450199999999999e+001	
  4.5640000000000000e+009	 -2.6355470000000000e+001	
  4.5646000000000000e+009	 -2.6351559999999999e+001	
  4.5652000000000000e+009	 -2.6334959999999999e+001	
  4.5658000000000000e+009	 -2.6334959999999999e+001	
  4.5664000000000000e+009	 -2.6389650000000000e+001	
  4.5670000000000000e+009	 -2.6339839999999999e+001	
  4.5676000000000000e+009	 -2.6331050000000001e+001	
  4.5682000000000000e+009	 -2.6405270000000002e+001	
  4.5688000000000000e+009	 -2.6448239999999998e+001	
  4.5694000000000000e+009	 -2.6456050000000001e+001	
  4.5700000000000000e+009	 -2.6421869999999998e+001	
  4.5706000000000000e+009	 -2.6502929999999999e+001	
  4.5712000000000000e+009	 -2.6558589999999999e+001	
  4.5718000000000000e+009	 -2.6566410000000001e+001	
  4.5724000000000000e+009	 -2.6582999999999998e+001	
  4.5730000000000000e+009	 -2.6664059999999999e+001	
  4.5736000000000000e+009	 -2.6701170000000001e+001	
  4.5742000000000000e+009	 -2.6697260000000000e+001	
  4.5748000000000000e+009	 -2.6736329999999999e+001	
  4.5754000000000000e+009	 -2.6819330000000001e+001	
  4.5760000000000000e+009	 -2.6875000000000000e+001	
  4.5766000000000000e+009	 -2.6912109999999998e+001	
  4.5772000000000000e+009	 -2.6925780000000000e+001	
  4.5778000000000000e+009	 -2.7043939999999999e+001	
  4.5784000000000000e+009	 -2.7052730000000000e+001	
  4.5790000000000000e+009	 -2.7089839999999999e+001	
  4.5796000000000000e+009	 -2.7139640000000000e+001	
  4.5802000000000000e+009	 -2.7171869999999998e+001	
  4.5808000000000000e+009	 -2.7218750000000000e+001	
  4.5814000000000000e+009	 -2.7251950000000001e+001	
  4.5820000000000000e+009	 -2.7246089999999999e+001	
  4.5826000000000000e+009	 -2.7364249999999998e+001	
  4.5832000000000000e+009	 -2.7326170000000001e+001	
  4.5838000000000000e+009	 -2.7375969999999999e+001	
  4.5844000000000000e+009	 -2.7438469999999999e+001	
  4.5850000000000000e+009	 -2.7485350000000000e+001	
  4.5856000000000000e+009	 -2.7492180000000001e+001	
  4.5862000000000000e+009	 -2.7508790000000001e+001	
  4.5868000000000000e+009	 -2.7509770000000000e+001	
  4.5874000000000000e+009	 -2.7530270000000002e+001	
  4.5880000000000000e+009	 -2.7548829999999999e+001	
  4.5886000000000000e+009	 -2.7562500000000000e+001	
  4.5892000000000000e+009	 -2.7609369999999998e+001	
  4.5898000000000000e+009	 -2.7617190000000001e+001	
  4.5904000000000000e+009	 -2.7601559999999999e+001	
  4.5910000000000000e+009	 -2.7566400000000002e+001	
  4.5916000000000000e+009	 -2.7607420000000001e+001	
  4.5922000000000000e+009	 -2.7645510000000002e+001	
  4.5928000000000000e+009	 -2.7613280000000000e+001	
  4.5934000000000000e+009	 -2.7565429999999999e+001	
  4.5940000000000000e+009	 -2.7598630000000000e+001	
  4.5946000000000000e+009	 -2.7542970000000000e+001	
  4.5952000000000000e+009	 -2.7615230000000000e+001	
  4.5958000000000000e+009	 -2.7533200000000001e+001	
  4.5964000000000000e+009	 -2.7507809999999999e+001	
  4.5970000000000000e+009	 -2.7492180000000001e+001	
  4.5976000000000000e+009	 -2.7432610000000000e+001	
  4.5982000000000000e+009	 -2.7388670000000001e+001	
  4.5988000000000000e+009	 -2.7340820000000001e+001	
  4.5994000000000000e+009	 -2.7310540000000000e+001	
  4.6000000000000000e+009	 -2.7253900000000002e+001	
  4.6006000000000000e+009	 -2.7176760000000002e+001	
  4.6012000000000000e+009	 -2.7164059999999999e+001	
  4.6018000000000000e+009	 -2.7083010000000002e+001	
  4.6024000000000000e+009	 -2.7047850000000000e+001	
  4.6030000000000000e+009	 -2.6940429999999999e+001	
  4.6036000000000000e+009	 -2.6940429999999999e+001	
  4.6042000000000000e+009	 -2.6831050000000001e+001	
  4.6048000000000000e+009	 -2.6797850000000000e+001	
  4.6054000000000000e+009	 -2.6670890000000000e+001	
  4.6060000000000000e+009	 -2.6603510000000000e+001	
  4.6066000000000000e+009	 -2.6546869999999998e+001	
  4.6072000000000000e+009	 -2.6481439999999999e+001	
  4.6078000000000000e+009	 -2.6392569999999999e+001	
  4.6084000000000000e+009	 -2.6323239999999998e+001	
  4.6090000000000000e+009	 -2.6257809999999999e+001	
  4.6096000000000000e+009	 -2.6195309999999999e+001	
  4.6102000000000000e+009	 -2.6076170000000001e+001	
  4.6108000000000000e+009	 -2.6034179999999999e+001	
  4.6114000000000000e+009	 -2.5935540000000000e+001	
  4.6120000000000000e+009	 -2.5858400000000000e+001	
  4.6126000000000000e+009	 -2.5758790000000001e+001	
  4.6132000000000000e+009	 -2.5730470000000000e+001	
  4.6138000000000000e+009	 -2.5623040000000000e+001	
  4.6144000000000000e+009	 -2.5520510000000002e+001	
  4.6150000000000000e+009	 -2.5484369999999998e+001	
  4.6156000000000000e+009	 -2.5427730000000000e+001	
  4.6162000000000000e+009	 -2.5393550000000001e+001	
  4.6168000000000000e+009	 -2.5331050000000001e+001	
  4.6174000000000000e+009	 -2.5258790000000001e+001	
  4.6180000000000000e+009	 -2.5214839999999999e+001	
  4.6186000000000000e+009	 -2.5166020000000000e+001	
  4.6192000000000000e+009	 -2.5117190000000001e+001	
  4.6198000000000000e+009	 -2.5139650000000000e+001	
  4.6204000000000000e+009	 -2.5105470000000000e+001	
  4.6210000000000000e+009	 -2.4985350000000000e+001	
  4.6216000000000000e+009	 -2.4965820000000001e+001	
  4.6222000000000000e+009	 -2.4969729999999998e+001	
  4.6228000000000000e+009	 -2.4951170000000001e+001	
  4.6234000000000000e+009	 -2.4945309999999999e+001	
  4.6240000000000000e+009	 -2.4899410000000000e+001	
  4.6246000000000000e+009	 -2.4909179999999999e+001	
  4.6252000000000000e+009	 -2.4924800000000001e+001	
  4.6258000000000000e+009	 -2.4938469999999999e+001	
  4.6264000000000000e+009	 -2.4970700000000001e+001	
  4.6270000000000000e+009	 -2.4938469999999999e+001	
  4.6276000000000000e+009	 -2.4939450000000001e+001	
  4.6282000000000000e+009	 -2.4975590000000000e+001	
  4.6288000000000000e+009	 -2.4955079999999999e+001	
  4.6294000000000000e+009	 -2.4996089999999999e+001	
  4.6300000000000000e+009	 -2.5007809999999999e+001	
  4.6306000000000000e+009	 -2.5029299999999999e+001	
  4.6312000000000000e+009	 -2.5036130000000000e+001	
  4.6318000000000000e+009	 -2.5054680000000001e+001	
  4.6324000000000000e+009	 -2.5035150000000002e+001	
  4.6330000000000000e+009	 -2.5078130000000002e+001	
  4.6336000000000000e+009	 -2.5079100000000000e+001	
  4.6342000000000000e+009	 -2.5164059999999999e+001	
  4.6348000000000000e+009	 -2.5153320000000001e+001	
  4.6354000000000000e+009	 -2.5167970000000000e+001	
  4.6360000000000000e+009	 -2.5191400000000002e+001	
  4.6366000000000000e+009	 -2.5259760000000000e+001	
  4.6372000000000000e+009	 -2.5233400000000000e+001	
  4.6378000000000000e+009	 -2.5267579999999999e+001	
  4.6384000000000000e+009	 -2.5302730000000000e+001	
  4.6390000000000000e+009	 -2.5306640000000002e+001	
  4.6396000000000000e+009	 -2.5298819999999999e+001	
  4.6402000000000000e+009	 -2.5310540000000000e+001	
  4.6408000000000000e+009	 -2.5310540000000000e+001	
  4.6414000000000000e+009	 -2.5318359999999998e+001	
  4.6420000000000000e+009	 -2.5324220000000000e+001	
  4.6426000000000000e+009	 -2.5298819999999999e+001	
  4.6432000000000000e+009	 -2.5329100000000000e+001	
  4.6438000000000000e+009	 -2.5345700000000001e+001	
  4.6444000000000000e+009	 -2.5306640000000002e+001	
  4.6450000000000000e+009	 -2.5320309999999999e+001	
  4.6456000000000000e+009	 -2.5275390000000002e+001	
  4.6462000000000000e+009	 -2.5297850000000000e+001	
  4.6468000000000000e+009	 -2.5275390000000002e+001	
  4.6474000000000000e+009	 -2.5221679999999999e+001	
  4.6480000000000000e+009	 -2.5225580000000001e+001	
  4.6486000000000000e+009	 -2.5250969999999999e+001	
  4.6492000000000000e+009	 -2.5252929999999999e+001	
  4.6498000000000000e+009	 -2.5240230000000000e+001	
  4.6504000000000000e+009	 -2.5244140000000002e+001	
  4.6510000000000000e+009	 -2.5142569999999999e+001	
  4.6516000000000000e+009	 -2.5177730000000000e+001	
  4.6522000000000000e+009	 -2.5078130000000002e+001	
  4.6528000000000000e+009	 -2.5162109999999998e+001	
  4.6534000000000000e+009	 -2.5000000000000000e+001	
  4.6540000000000000e+009	 -2.5003910000000001e+001	
  4.6546000000000000e+009	 -2.5042970000000000e+001	
  4.6552000000000000e+009	 -2.4893550000000001e+001	
  4.6558000000000000e+009	 -2.4947260000000000e+001	
  4.6564000000000000e+009	 -2.4940429999999999e+001	
  4.6570000000000000e+009	 -2.4867190000000001e+001	
  4.6576000000000000e+009	 -2.4890619999999998e+001	
  4.6582000000000000e+009	 -2.4895510000000002e+001	
  4.6588000000000000e+009	 -2.4845700000000001e+001	
  4.6594000000000000e+009	 -2.4809570000000001e+001	
  4.6600000000000000e+009	 -2.4764650000000000e+001	
  4.6606000000000000e+009	 -2.4773440000000001e+001	
  4.6612000000000000e+009	 -2.4705079999999999e+001	
  4.6618000000000000e+009	 -2.4758790000000001e+001	
  4.6624000000000000e+009	 -2.4695309999999999e+001	
  4.6630000000000000e+009	 -2.4703119999999998e+001	
  4.6636000000000000e+009	 -2.4650390000000002e+001	
  4.6642000000000000e+009	 -2.4621089999999999e+001	
  4.6648000000000000e+009	 -2.4672850000000000e+001	
  4.6654000000000000e+009	 -2.4727540000000001e+001	
  4.6660000000000000e+009	 -2.4656250000000000e+001	
  4.6666000000000000e+009	 -2.4651370000000000e+001	
  4.6672000000000000e+009	 -2.4634760000000000e+001	
  4.6678000000000000e+009	 -2.4661130000000000e+001	
  4.6684000000000000e+009	 -2.4643550000000001e+001	
  4.6690000000000000e+009	 -2.4648440000000001e+001	
  4.6696000000000000e+009	 -2.4678709999999999e+001	
  4.6702000000000000e+009	 -2.4655270000000002e+001	
  4.6708000000000000e+009	 -2.4652339999999999e+001	
  4.6714000000000000e+009	 -2.4636720000000000e+001	
  4.6720000000000000e+009	 -2.4651370000000000e+001	
  4.6726000000000000e+009	 -2.4664059999999999e+001	
  4.6732000000000000e+009	 -2.4636720000000000e+001	
  4.6738000000000000e+009	 -2.4641600000000000e+001	
  4.6744000000000000e+009	 -2.4609380000000002e+001	
  4.6750000000000000e+009	 -2.4630859999999998e+001	
  4.6756000000000000e+009	 -2.4580079999999999e+001	
  4.6762000000000000e+009	 -2.4601559999999999e+001	
  4.6768000000000000e+009	 -2.4607420000000001e+001	
  4.6774000000000000e+009	 -2.4585930000000001e+001	
  4.6780000000000000e+009	 -2.4583980000000000e+001	
  4.6786000000000000e+009	 -2.4531250000000000e+001	
  4.6792000000000000e+009	 -2.4541020000000000e+001	
  4.6798000000000000e+009	 -2.4491209999999999e+001	
  4.6804000000000000e+009	 -2.4479489999999998e+001	
  4.6810000000000000e+009	 -2.4416989999999998e+001	
  4.6816000000000000e+009	 -2.4367180000000001e+001	
  4.6822000000000000e+009	 -2.4344729999999998e+001	
  4.6828000000000000e+009	 -2.4369140000000002e+001	
  4.6834000000000000e+009	 -2.4307610000000000e+001	
  4.6840000000000000e+009	 -2.4221679999999999e+001	
  4.6846000000000000e+009	 -2.4174800000000001e+001	
  4.6852000000000000e+009	 -2.4168939999999999e+001	
  4.6858000000000000e+009	 -2.4080079999999999e+001	
  4.6864000000000000e+009	 -2.3985350000000000e+001	
  4.6870000000000000e+009	 -2.4032229999999998e+001	
  4.6876000000000000e+009	 -2.3862300000000001e+001	
  4.6882000000000000e+009	 -2.3763670000000001e+001	
  4.6888000000000000e+009	 -2.3760739999999998e+001	
  4.6894000000000000e+009	 -2.3673829999999999e+001	
  4.6900000000000000e+009	 -2.3602540000000001e+001	
  4.6906000000000000e+009	 -2.3456050000000001e+001	
  4.6912000000000000e+009	 -2.3464839999999999e+001	
  4.6918000000000000e+009	 -2.3356439999999999e+001	
  4.6924000000000000e+009	 -2.3287109999999998e+001	
  4.6930000000000000e+009	 -2.3223630000000000e+001	
  4.6936000000000000e+009	 -2.3166989999999998e+001	
  4.6942000000000000e+009	 -2.3033200000000001e+001	
  4.6948000000000000e+009	 -2.2909179999999999e+001	
  4.6954000000000000e+009	 -2.2839839999999999e+001	
  4.6960000000000000e+009	 -2.2700199999999999e+001	
  4.6966000000000000e+009	 -2.2741209999999999e+001	
  4.6972000000000000e+009	 -2.2659179999999999e+001	
  4.6978000000000000e+009	 -2.2492180000000001e+001	
  4.6984000000000000e+009	 -2.2436520000000002e+001	
  4.6990000000000000e+009	 -2.2388670000000001e+001	
  4.6996000000000000e+009	 -2.2315429999999999e+001	
  4.7002000000000000e+009	 -2.2237310000000001e+001	
  4.7008000000000000e+009	 -2.2187500000000000e+001	
  4.7014000000000000e+009	 -2.2133790000000001e+001	
  4.7020000000000000e+009	 -2.2073239999999998e+001	
  4.7026000000000000e+009	 -2.1996089999999999e+001	
  4.7032000000000000e+009	 -2.1933589999999999e+001	
  4.7038000000000000e+009	 -2.1944340000000000e+001	
  4.7044000000000000e+009	 -2.1871089999999999e+001	
  4.7050000000000000e+009	 -2.1794920000000001e+001	
  4.7056000000000000e+009	 -2.1797850000000000e+001	
  4.7062000000000000e+009	 -2.1750000000000000e+001	
  4.7068000000000000e+009	 -2.1732420000000001e+001	
  4.7074000000000000e+009	 -2.1714839999999999e+001	
  4.7080000000000000e+009	 -2.1702150000000000e+001	
  4.7086000000000000e+009	 -2.1700199999999999e+001	
  4.7092000000000000e+009	 -2.1689450000000001e+001	
  4.7098000000000000e+009	 -2.1679690000000001e+001	
  4.7104000000000000e+009	 -2.1554680000000001e+001	
  4.7110000000000000e+009	 -2.1613280000000000e+001	
  4.7116000000000000e+009	 -2.1574220000000000e+001	
  4.7122000000000000e+009	 -2.1597660000000001e+001	
  4.7128000000000000e+009	 -2.1647459999999999e+001	
  4.7134000000000000e+009	 -2.1648440000000001e+001	
  4.7140000000000000e+009	 -2.1680669999999999e+001	
  4.7146000000000000e+009	 -2.1681640000000002e+001	
  4.7152000000000000e+009	 -2.1717770000000002e+001	
  4.7158000000000000e+009	 -2.1803709999999999e+001	
  4.7164000000000000e+009	 -2.1813469999999999e+001	
  4.7170000000000000e+009	 -2.1855470000000000e+001	
  4.7176000000000000e+009	 -2.1915040000000001e+001	
  4.7182000000000000e+009	 -2.1928709999999999e+001	
  4.7188000000000000e+009	 -2.1997070000000001e+001	
  4.7194000000000000e+009	 -2.1991209999999999e+001	
  4.7200000000000000e+009	 -2.2067380000000000e+001	
  4.7206000000000000e+009	 -2.2108400000000000e+001	
  4.7212000000000000e+009	 -2.2104489999999998e+001	
  4.7218000000000000e+009	 -2.2152339999999999e+001	
  4.7224000000000000e+009	 -2.2225580000000001e+001	
  4.7230000000000000e+009	 -2.2240230000000000e+001	
  4.7236000000000000e+009	 -2.2212890000000002e+001	
  4.7242000000000000e+009	 -2.2300780000000000e+001	
  4.7248000000000000e+009	 -2.2208980000000000e+001	
  4.7254000000000000e+009	 -2.2333010000000002e+001	
  4.7260000000000000e+009	 -2.2337890000000002e+001	
  4.7266000000000000e+009	 -2.2318359999999998e+001	
  4.7272000000000000e+009	 -2.2391600000000000e+001	
  4.7278000000000000e+009	 -2.2399410000000000e+001	
  4.7284000000000000e+009	 -2.2417970000000000e+001	
  4.7290000000000000e+009	 -2.2402339999999999e+001	
  4.7296000000000000e+009	 -2.2407229999999998e+001	
  4.7302000000000000e+009	 -2.2433589999999999e+001	
  4.7308000000000000e+009	 -2.2413090000000000e+001	
  4.7314000000000000e+009	 -2.2433589999999999e+001	
  4.7320000000000000e+009	 -2.2449220000000000e+001	
  4.7326000000000000e+009	 -2.2383790000000001e+001	
  4.7332000000000000e+009	 -2.2374020000000002e+001	
  4.7338000000000000e+009	 -2.2358400000000000e+001	
  4.7344000000000000e+009	 -2.2346679999999999e+001	
  4.7350000000000000e+009	 -2.2327150000000000e+001	
  4.7356000000000000e+009	 -2.2317380000000000e+001	
  4.7362000000000000e+009	 -2.2237310000000001e+001	
  4.7368000000000000e+009	 -2.2203130000000002e+001	
  4.7374000000000000e+009	 -2.2219719999999999e+001	
  4.7380000000000000e+009	 -2.2113280000000000e+001	
  4.7386000000000000e+009	 -2.2114260000000002e+001	
  4.7392000000000000e+009	 -2.2045900000000000e+001	
  4.7398000000000000e+009	 -2.1986329999999999e+001	
  4.7404000000000000e+009	 -2.1898440000000001e+001	
  4.7410000000000000e+009	 -2.1873040000000000e+001	
  4.7416000000000000e+009	 -2.1850590000000000e+001	
  4.7422000000000000e+009	 -2.1721679999999999e+001	
  4.7428000000000000e+009	 -2.1636720000000000e+001	
  4.7434000000000000e+009	 -2.1575189999999999e+001	
  4.7440000000000000e+009	 -2.1520499999999998e+001	
  4.7446000000000000e+009	 -2.1437500000000000e+001	
  4.7452000000000000e+009	 -2.1381840000000000e+001	
  4.7458000000000000e+009	 -2.1310540000000000e+001	
  4.7464000000000000e+009	 -2.1218750000000000e+001	
  4.7470000000000000e+009	 -2.1134760000000000e+001	
  4.7476000000000000e+009	 -2.1021490000000000e+001	
  4.7482000000000000e+009	 -2.0955079999999999e+001	
  4.7488000000000000e+009	 -2.0831060000000001e+001	
  4.7494000000000000e+009	 -2.0688479999999998e+001	
  4.7500000000000000e+009	 -2.0641600000000000e+001	
  4.7506000000000000e+009	 -2.0580079999999999e+001	
  4.7512000000000000e+009	 -2.0497070000000001e+001	
  4.7518000000000000e+009	 -2.0314450000000001e+001	
  4.7524000000000000e+009	 -2.0204100000000000e+001	
  4.7530000000000000e+009	 -2.0106439999999999e+001	
  4.7536000000000000e+009	 -1.9997070000000001e+001	
  4.7542000000000000e+009	 -1.9949220000000000e+001	
  4.7548000000000000e+009	 -1.9781250000000000e+001	
  4.7554000000000000e+009	 -1.9696290000000001e+001	
  4.7560000000000000e+009	 -1.9644530000000000e+001	
  4.7566000000000000e+009	 -1.9502929999999999e+001	
  4.7572000000000000e+009	 -1.9322260000000000e+001	
  4.7578000000000000e+009	 -1.9292970000000000e+001	
  4.7584000000000000e+009	 -1.9160160000000001e+001	
  4.7590000000000000e+009	 -1.9043939999999999e+001	
  4.7596000000000000e+009	 -1.8957030000000000e+001	
  4.7602000000000000e+009	 -1.8802730000000000e+001	
  4.7608000000000000e+009	 -1.8800780000000000e+001	
  4.7614000000000000e+009	 -1.8666989999999998e+001	
  4.7620000000000000e+009	 -1.8549800000000001e+001	
  4.7626000000000000e+009	 -1.8520510000000002e+001	
  4.7632000000000000e+009	 -1.8434570000000001e+001	
  4.7638000000000000e+009	 -1.8296869999999998e+001	
  4.7644000000000000e+009	 -1.8250979999999998e+001	
  4.7650000000000000e+009	 -1.8179690000000001e+001	
  4.7656000000000000e+009	 -1.8190429999999999e+001	
  4.7662000000000000e+009	 -1.8041989999999998e+001	
  4.7668000000000000e+009	 -1.8005859999999998e+001	
  4.7674000000000000e+009	 -1.7986329999999999e+001	
  4.7680000000000000e+009	 -1.7944340000000000e+001	
  4.7686000000000000e+009	 -1.7863280000000000e+001	
  4.7692000000000000e+009	 -1.7851559999999999e+001	
  4.7698000000000000e+009	 -1.7842770000000002e+001	
  4.7704000000000000e+009	 -1.7797850000000000e+001	
  4.7710000000000000e+009	 -1.7772459999999999e+001	
  4.7716000000000000e+009	 -1.7791010000000000e+001	
  4.7722000000000000e+009	 -1.7780270000000002e+001	
  4.7728000000000000e+009	 -1.7809570000000001e+001	
  4.7734000000000000e+009	 -1.7768550000000001e+001	
  4.7740000000000000e+009	 -1.7853520000000000e+001	
  4.7746000000000000e+009	 -1.7828119999999998e+001	
  4.7752000000000000e+009	 -1.7853520000000000e+001	
  4.7758000000000000e+009	 -1.7851559999999999e+001	
  4.7764000000000000e+009	 -1.7858400000000000e+001	
  4.7770000000000000e+009	 -1.7972660000000001e+001	
  4.7776000000000000e+009	 -1.7956050000000001e+001	
  4.7782000000000000e+009	 -1.7958980000000000e+001	
  4.7788000000000000e+009	 -1.7962890000000002e+001	
  4.7794000000000000e+009	 -1.8054690000000001e+001	
  4.7800000000000000e+009	 -1.8106439999999999e+001	
  4.7806000000000000e+009	 -1.8147459999999999e+001	
  4.7812000000000000e+009	 -1.8186520000000002e+001	
  4.7818000000000000e+009	 -1.8191400000000002e+001	
  4.7824000000000000e+009	 -1.8262689999999999e+001	
  4.7830000000000000e+009	 -1.8276370000000000e+001	
  4.7836000000000000e+009	 -1.8333010000000002e+001	
  4.7842000000000000e+009	 -1.8352540000000001e+001	
  4.7848000000000000e+009	 -1.8407229999999998e+001	
  4.7854000000000000e+009	 -1.8387689999999999e+001	
  4.7860000000000000e+009	 -1.8513670000000001e+001	
  4.7866000000000000e+009	 -1.8502929999999999e+001	
  4.7872000000000000e+009	 -1.8477540000000001e+001	
  4.7878000000000000e+009	 -1.8561520000000002e+001	
  4.7884000000000000e+009	 -1.8548829999999999e+001	
  4.7890000000000000e+009	 -1.8630859999999998e+001	
  4.7896000000000000e+009	 -1.8516600000000000e+001	
  4.7902000000000000e+009	 -1.8493160000000000e+001	
  4.7908000000000000e+009	 -1.8544920000000001e+001	
  4.7914000000000000e+009	 -1.8535160000000001e+001	
  4.7920000000000000e+009	 -1.8532229999999998e+001	
  4.7926000000000000e+009	 -1.8526370000000000e+001	
  4.7932000000000000e+009	 -1.8483400000000000e+001	
  4.7938000000000000e+009	 -1.8455079999999999e+001	
  4.7944000000000000e+009	 -1.8397459999999999e+001	
  4.7950000000000000e+009	 -1.8357420000000001e+001	
  4.7956000000000000e+009	 -1.8332030000000000e+001	
  4.7962000000000000e+009	 -1.8229489999999998e+001	
  4.7968000000000000e+009	 -1.8177730000000000e+001	
  4.7974000000000000e+009	 -1.8163080000000001e+001	
  4.7980000000000000e+009	 -1.8042970000000000e+001	
  4.7986000000000000e+009	 -1.7997070000000001e+001	
  4.7992000000000000e+009	 -1.7892579999999999e+001	
  4.7998000000000000e+009	 -1.7807620000000000e+001	
  4.8004000000000000e+009	 -1.7741209999999999e+001	
  4.8010000000000000e+009	 -1.7627929999999999e+001	
  4.8016000000000000e+009	 -1.7515619999999998e+001	
  4.8022000000000000e+009	 -1.7394530000000000e+001	
  4.8028000000000000e+009	 -1.7302730000000000e+001	
  4.8034000000000000e+009	 -1.7177730000000000e+001	
  4.8040000000000000e+009	 -1.7083010000000002e+001	
  4.8046000000000000e+009	 -1.6920900000000000e+001	
  4.8052000000000000e+009	 -1.6785150000000002e+001	
  4.8058000000000000e+009	 -1.6688479999999998e+001	
  4.8064000000000000e+009	 -1.6524410000000000e+001	
  4.8070000000000000e+009	 -1.6397459999999999e+001	
  4.8076000000000000e+009	 -1.6288080000000001e+001	
  4.8082000000000000e+009	 -1.6100590000000000e+001	
  4.8088000000000000e+009	 -1.5993160000000000e+001	
  4.8094000000000000e+009	 -1.5883300000000000e+001	
  4.8100000000000000e+009	 -1.5734380000000000e+001	
  4.8106000000000000e+009	 -1.5563480000000000e+001	
  4.8112000000000000e+009	 -1.5399410000000000e+001	
  4.8118000000000000e+009	 -1.5339840000000001e+001	
  4.8124000000000000e+009	 -1.5137700000000001e+001	
  4.8130000000000000e+009	 -1.5075680000000000e+001	
  4.8136000000000000e+009	 -1.4935549999999999e+001	
  4.8142000000000000e+009	 -1.4784670000000000e+001	
  4.8148000000000000e+009	 -1.4634770000000000e+001	
  4.8154000000000000e+009	 -1.4483890000000001e+001	
  4.8160000000000000e+009	 -1.4454590000000000e+001	
  4.8166000000000000e+009	 -1.4204100000000000e+001	
  4.8172000000000000e+009	 -1.4193360000000000e+001	
  4.8178000000000000e+009	 -1.4103030000000000e+001	
  4.8184000000000000e+009	 -1.4020510000000000e+001	
  4.8190000000000000e+009	 -1.3860840000000000e+001	
  4.8196000000000000e+009	 -1.3819340000000000e+001	
  4.8202000000000000e+009	 -1.3705080000000001e+001	
  4.8208000000000000e+009	 -1.3593750000000000e+001	
  4.8214000000000000e+009	 -1.3561040000000000e+001	
  4.8220000000000000e+009	 -1.3513669999999999e+001	
  4.8226000000000000e+009	 -1.3416020000000000e+001	
  4.8232000000000000e+009	 -1.3357419999999999e+001	
  4.8238000000000000e+009	 -1.3298830000000001e+001	
  4.8244000000000000e+009	 -1.3219239999999999e+001	
  4.8250000000000000e+009	 -1.3183109999999999e+001	
  4.8256000000000000e+009	 -1.3113280000000000e+001	
  4.8262000000000000e+009	 -1.3058590000000001e+001	
  4.8268000000000000e+009	 -1.3070309999999999e+001	
  4.8274000000000000e+009	 -1.2959960000000001e+001	
  4.8280000000000000e+009	 -1.2916990000000000e+001	
  4.8286000000000000e+009	 -1.2893070000000000e+001	
  4.8292000000000000e+009	 -1.2858400000000000e+001	
  4.8298000000000000e+009	 -1.2787599999999999e+001	
  4.8304000000000000e+009	 -1.2744630000000001e+001	
  4.8310000000000000e+009	 -1.2708980000000000e+001	
  4.8316000000000000e+009	 -1.2667970000000000e+001	
  4.8322000000000000e+009	 -1.2584470000000000e+001	
  4.8328000000000000e+009	 -1.2535640000000001e+001	
  4.8334000000000000e+009	 -1.2500980000000000e+001	
  4.8340000000000000e+009	 -1.2456540000000000e+001	
  4.8346000000000000e+009	 -1.2379880000000000e+001	
  4.8352000000000000e+009	 -1.2348140000000001e+001	
  4.8358000000000000e+009	 -1.2257809999999999e+001	
  4.8364000000000000e+009	 -1.2187989999999999e+001	
  4.8370000000000000e+009	 -1.2128909999999999e+001	
  4.8376000000000000e+009	 -1.2092770000000000e+001	
  4.8382000000000000e+009	 -1.2029790000000000e+001	
  4.8388000000000000e+009	 -1.1910159999999999e+001	
  4.8394000000000000e+009	 -1.1861820000000000e+001	
  4.8400000000000000e+009	 -1.1767090000000000e+001	
  4.8406000000000000e+009	 -1.1709960000000001e+001	
  4.8412000000000000e+009	 -1.1551270000000001e+001	
  4.8418000000000000e+009	 -1.1492680000000000e+001	
  4.8424000000000000e+009	 -1.1384770000000000e+001	
  4.8430000000000000e+009	 -1.1340330000000000e+001	
  4.8436000000000000e+009	 -1.1190429999999999e+001	
  4.8442000000000000e+009	 -1.1094239999999999e+001	
  4.8448000000000000e+009	 -1.1019530000000000e+001	
  4.8454000000000000e+009	 -1.0926270000000001e+001	
  4.8460000000000000e+009	 -1.0866700000000000e+001	
  4.8466000000000000e+009	 -1.0738280000000000e+001	
  4.8472000000000000e+009	 -1.0622560000000000e+001	
  4.8478000000000000e+009	 -1.0562500000000000e+001	
  4.8484000000000000e+009	 -1.0403810000000000e+001	
  4.8490000000000000e+009	 -1.0278810000000000e+001	
  4.8496000000000000e+009	 -1.0196780000000000e+001	
  4.8502000000000000e+009	 -1.0135740000000000e+001	
  4.8508000000000000e+009	 -9.9042969999999997e+000	
  4.8514000000000000e+009	 -9.9042969999999997e+000	
  4.8520000000000000e+009	 -9.7387700000000006e+000	
  4.8526000000000000e+009	 -9.6474609999999998e+000	
  4.8532000000000000e+009	 -9.5400390000000002e+000	
  4.8538000000000000e+009	 -9.4243159999999992e+000	
  4.8544000000000000e+009	 -9.3491210000000002e+000	
  4.8550000000000000e+009	 -9.2861329999999995e+000	
  4.8556000000000000e+009	 -9.2050780000000003e+000	
  4.8562000000000000e+009	 -9.0722660000000008e+000	
  4.8568000000000000e+009	 -8.9912109999999998e+000	
  4.8574000000000000e+009	 -8.8950200000000006e+000	
  4.8580000000000000e+009	 -8.8295899999999996e+000	
  4.8586000000000000e+009	 -8.7416990000000006e+000	
  4.8592000000000000e+009	 -8.6547850000000004e+000	
  4.8598000000000000e+009	 -8.6147460000000002e+000	
  4.8604000000000000e+009	 -8.5092770000000009e+000	
  4.8610000000000000e+009	 -8.4311520000000009e+000	
  4.8616000000000000e+009	 -8.3833009999999994e+000	
  4.8622000000000000e+009	 -8.3012700000000006e+000	
  4.8628000000000000e+009	 -8.2319340000000008e+000	
  4.8634000000000000e+009	 -8.1831049999999994e+000	
  4.8640000000000000e+009	 -8.1181640000000002e+000	
  4.8646000000000000e+009	 -8.0371089999999992e+000	
  4.8652000000000000e+009	 -7.9548340000000000e+000	
  4.8658000000000000e+009	 -7.8337399999999997e+000	
  4.8664000000000000e+009	 -7.8649899999999997e+000	
  4.8670000000000000e+009	 -7.8264160000000000e+000	
  4.8676000000000000e+009	 -7.7270510000000003e+000	
  4.8682000000000000e+009	 -7.6647949999999998e+000	
  4.8688000000000000e+009	 -7.6257320000000002e+000	
  4.8694000000000000e+009	 -7.5144039999999999e+000	
  4.8700000000000000e+009	 -7.4291989999999997e+000	
  4.8706000000000000e+009	 -7.3562010000000004e+000	
  4.8712000000000000e+009	 -7.2941890000000003e+000	
  4.8718000000000000e+009	 -7.2143550000000003e+000	
  4.8724000000000000e+009	 -7.2031250000000000e+000	
  4.8730000000000000e+009	 -7.0795899999999996e+000	
  4.8736000000000000e+009	 -6.9960940000000003e+000	
  4.8742000000000000e+009	 -6.9707030000000003e+000	
  4.8748000000000000e+009	 -6.8525390000000002e+000	
  4.8754000000000000e+009	 -6.8786620000000003e+000	
  4.8760000000000000e+009	 -6.7475589999999999e+000	
  4.8766000000000000e+009	 -6.7106930000000000e+000	
  4.8772000000000000e+009	 -6.6220699999999999e+000	
  4.8778000000000000e+009	 -6.6362300000000003e+000	
  4.8784000000000000e+009	 -6.4997559999999996e+000	
  4.8790000000000000e+009	 -6.5456539999999999e+000	
  4.8796000000000000e+009	 -6.4838870000000002e+000	
  4.8802000000000000e+009	 -6.4267580000000004e+000	
  4.8808000000000000e+009	 -6.4177249999999999e+000	
  4.8814000000000000e+009	 -6.3786620000000003e+000	
  4.8820000000000000e+009	 -6.3828129999999996e+000	
  4.8826000000000000e+009	 -6.3903809999999996e+000	
  4.8832000000000000e+009	 -6.3806149999999997e+000	
  4.8838000000000000e+009	 -6.3901370000000002e+000	
  4.8844000000000000e+009	 -6.4077149999999996e+000	
  4.8850000000000000e+009	 -6.4216309999999996e+000	
  4.8856000000000000e+009	 -6.4599609999999998e+000	
  4.8862000000000000e+009	 -6.5031739999999996e+000	
  4.8868000000000000e+009	 -6.5290530000000002e+000	
  4.8874000000000000e+009	 -6.5463870000000002e+000	
  4.8880000000000000e+009	 -6.6293949999999997e+000	
  4.8886000000000000e+009	 -6.6826169999999996e+000	
  4.8892000000000000e+009	 -6.7207030000000003e+000	
  4.8898000000000000e+009	 -6.7751460000000003e+000	
  4.8904000000000000e+009	 -6.8225100000000003e+000	
  4.8910000000000000e+009	 -6.9018550000000003e+000	
  4.8916000000000000e+009	 -6.9943850000000003e+000	
  4.8922000000000000e+009	 -7.0334469999999998e+000	
  4.8928000000000000e+009	 -7.0830080000000004e+000	
  4.8934000000000000e+009	 -7.1425780000000003e+000	
  4.8940000000000000e+009	 -7.1752929999999999e+000	
  4.8946000000000000e+009	 -7.2897949999999998e+000	
  4.8952000000000000e+009	 -7.3007809999999997e+000	
  4.8958000000000000e+009	 -7.3508300000000002e+000	
  4.8964000000000000e+009	 -7.4560550000000001e+000	
  4.8970000000000000e+009	 -7.4531250000000000e+000	
  4.8976000000000000e+009	 -7.5581050000000003e+000	
  4.8982000000000000e+009	 -7.5390629999999996e+000	
  4.8988000000000000e+009	 -7.6125489999999996e+000	
  4.8994000000000000e+009	 -7.6391600000000004e+000	
  4.9000000000000000e+009	 -7.7241210000000002e+000	
  4.9006000000000000e+009	 -7.7668460000000001e+000	
  4.9012000000000000e+009	 -7.7583010000000003e+000	
  4.9018000000000000e+009	 -7.7585449999999998e+000	
  4.9024000000000000e+009	 -7.8078609999999999e+000	
  4.9030000000000000e+009	 -7.8759769999999998e+000	
  4.9036000000000000e+009	 -7.9536129999999998e+000	
  4.9042000000000000e+009	 -7.9426269999999999e+000	
  4.9048000000000000e+009	 -8.0126950000000008e+000	
  4.9054000000000000e+009	 -7.9570309999999997e+000	
  4.9060000000000000e+009	 -8.0810549999999992e+000	
  4.9066000000000000e+009	 -8.1469729999999991e+000	
  4.9072000000000000e+009	 -8.1577149999999996e+000	
  4.9078000000000000e+009	 -8.2055659999999992e+000	
  4.9084000000000000e+009	 -8.2729490000000006e+000	
  4.9090000000000000e+009	 -8.3203130000000005e+000	
  4.9096000000000000e+009	 -8.3710939999999994e+000	
  4.9102000000000000e+009	 -8.3857420000000005e+000	
  4.9108000000000000e+009	 -8.4604490000000006e+000	
  4.9114000000000000e+009	 -8.5493159999999992e+000	
  4.9120000000000000e+009	 -8.6181640000000002e+000	
  4.9126000000000000e+009	 -8.7080079999999995e+000	
  4.9132000000000000e+009	 -8.7563479999999991e+000	
  4.9138000000000000e+009	 -8.8549799999999994e+000	
  4.9144000000000000e+009	 -8.8901369999999993e+000	
  4.9150000000000000e+009	 -8.9980469999999997e+000	
  4.9156000000000000e+009	 -9.0986329999999995e+000	
  4.9162000000000000e+009	 -9.2426759999999994e+000	
  4.9168000000000000e+009	 -9.2890630000000005e+000	
  4.9174000000000000e+009	 -9.4184570000000001e+000	
  4.9180000000000000e+009	 -9.5434570000000001e+000	
  4.9186000000000000e+009	 -9.6196289999999998e+000	
  4.9192000000000000e+009	 -9.7241210000000002e+000	
  4.9198000000000000e+009	 -9.8789060000000006e+000	
  4.9204000000000000e+009	 -1.0017580000000001e+001	
  4.9210000000000000e+009	 -1.0113770000000001e+001	
  4.9216000000000000e+009	 -1.0278810000000000e+001	
  4.9222000000000000e+009	 -1.0374510000000001e+001	
  4.9228000000000000e+009	 -1.0542970000000000e+001	
  4.9234000000000000e+009	 -1.0639160000000000e+001	
  4.9240000000000000e+009	 -1.0855960000000000e+001	
  4.9246000000000000e+009	 -1.0948729999999999e+001	
  4.9252000000000000e+009	 -1.1070800000000000e+001	
  4.9258000000000000e+009	 -1.1211430000000000e+001	
  4.9264000000000000e+009	 -1.1380369999999999e+001	
  4.9270000000000000e+009	 -1.1477050000000000e+001	
  4.9276000000000000e+009	 -1.1647950000000000e+001	
  4.9282000000000000e+009	 -1.1824220000000000e+001	
  4.9288000000000000e+009	 -1.1893549999999999e+001	
  4.9294000000000000e+009	 -1.2170900000000000e+001	
  4.9300000000000000e+009	 -1.2180660000000000e+001	
  4.9306000000000000e+009	 -1.2403810000000000e+001	
  4.9312000000000000e+009	 -1.2527340000000001e+001	
  4.9318000000000000e+009	 -1.2670410000000000e+001	
  4.9324000000000000e+009	 -1.2805180000000000e+001	
  4.9330000000000000e+009	 -1.2924320000000000e+001	
  4.9336000000000000e+009	 -1.3066890000000001e+001	
  4.9342000000000000e+009	 -1.3225099999999999e+001	
  4.9348000000000000e+009	 -1.3358400000000000e+001	
  4.9354000000000000e+009	 -1.3499510000000001e+001	
  4.9360000000000000e+009	 -1.3622560000000000e+001	
  4.9366000000000000e+009	 -1.3731450000000001e+001	
  4.9372000000000000e+009	 -1.3868160000000000e+001	
  4.9378000000000000e+009	 -1.3982910000000000e+001	
  4.9384000000000000e+009	 -1.4092290000000000e+001	
  4.9390000000000000e+009	 -1.4220700000000001e+001	
  4.9396000000000000e+009	 -1.4334470000000000e+001	
  4.9402000000000000e+009	 -1.4433590000000001e+001	
  4.9408000000000000e+009	 -1.4546390000000001e+001	
  4.9414000000000000e+009	 -1.4658200000000001e+001	
  4.9420000000000000e+009	 -1.4748049999999999e+001	
  4.9426000000000000e+009	 -1.4821780000000000e+001	
  4.9432000000000000e+009	 -1.4850590000000000e+001	
  4.9438000000000000e+009	 -1.4992190000000001e+001	
  4.9444000000000000e+009	 -1.5059080000000000e+001	
  4.9450000000000000e+009	 -1.5136720000000000e+001	
  4.9456000000000000e+009	 -1.5234859999999999e+001	
  4.9462000000000000e+009	 -1.5248049999999999e+001	
  4.9468000000000000e+009	 -1.5375980000000000e+001	
  4.9474000000000000e+009	 -1.5441409999999999e+001	
  4.9480000000000000e+009	 -1.5438960000000000e+001	
  4.9486000000000000e+009	 -1.5572749999999999e+001	
  4.9492000000000000e+009	 -1.5550290000000000e+001	
  4.9498000000000000e+009	 -1.5634770000000000e+001	
  4.9504000000000000e+009	 -1.5648930000000000e+001	
  4.9510000000000000e+009	 -1.5695309999999999e+001	
  4.9516000000000000e+009	 -1.5714359999999999e+001	
  4.9522000000000000e+009	 -1.5744630000000001e+001	
  4.9528000000000000e+009	 -1.5691890000000001e+001	
  4.9534000000000000e+009	 -1.5776370000000000e+001	
  4.9540000000000000e+009	 -1.5748540000000000e+001	
  4.9546000000000000e+009	 -1.5846679999999999e+001	
  4.9552000000000000e+009	 -1.5821289999999999e+001	
  4.9558000000000000e+009	 -1.5828609999999999e+001	
  4.9564000000000000e+009	 -1.5836430000000000e+001	
  4.9570000000000000e+009	 -1.5785640000000001e+001	
  4.9576000000000000e+009	 -1.5825200000000001e+001	
  4.9582000000000000e+009	 -1.5829590000000000e+001	
  4.9588000000000000e+009	 -1.5740230000000000e+001	
  4.9594000000000000e+009	 -1.5742680000000000e+001	
  4.9600000000000000e+009	 -1.5698240000000000e+001	
  4.9606000000000000e+009	 -1.5703609999999999e+001	
  4.9612000000000000e+009	 -1.5711430000000000e+001	
  4.9618000000000000e+009	 -1.5723140000000001e+001	
  4.9624000000000000e+009	 -1.5585450000000000e+001	
  4.9630000000000000e+009	 -1.5619140000000000e+001	
  4.9636000000000000e+009	 -1.5619140000000000e+001	
  4.9642000000000000e+009	 -1.5555660000000000e+001	
  4.9648000000000000e+009	 -1.5586430000000000e+001	
  4.9654000000000000e+009	 -1.5554200000000000e+001	
  4.9660000000000000e+009	 -1.5503420000000000e+001	
  4.9666000000000000e+009	 -1.5462400000000001e+001	
  4.9672000000000000e+009	 -1.5433109999999999e+001	
  4.9678000000000000e+009	 -1.5383300000000000e+001	
  4.9684000000000000e+009	 -1.5398440000000001e+001	
  4.9690000000000000e+009	 -1.5371090000000001e+001	
  4.9696000000000000e+009	 -1.5366700000000000e+001	
  4.9702000000000000e+009	 -1.5335450000000000e+001	
  4.9708000000000000e+009	 -1.5357910000000000e+001	
  4.9714000000000000e+009	 -1.5334470000000000e+001	
  4.9720000000000000e+009	 -1.5371090000000001e+001	
  4.9726000000000000e+009	 -1.5356930000000000e+001	
  4.9732000000000000e+009	 -1.5392090000000000e+001	
  4.9738000000000000e+009	 -1.5409670000000000e+001	
  4.9744000000000000e+009	 -1.5448729999999999e+001	
  4.9750000000000000e+009	 -1.5490720000000000e+001	
  4.9756000000000000e+009	 -1.5529299999999999e+001	
  4.9762000000000000e+009	 -1.5568849999999999e+001	
  4.9768000000000000e+009	 -1.5628420000000000e+001	
  4.9774000000000000e+009	 -1.5692380000000000e+001	
  4.9780000000000000e+009	 -1.5718260000000001e+001	
  4.9786000000000000e+009	 -1.5737299999999999e+001	
  4.9792000000000000e+009	 -1.5933109999999999e+001	
  4.9798000000000000e+009	 -1.5937500000000000e+001	
  4.9804000000000000e+009	 -1.6045900000000000e+001	
  4.9810000000000000e+009	 -1.6120120000000000e+001	
  4.9816000000000000e+009	 -1.6283200000000001e+001	
  4.9822000000000000e+009	 -1.6317380000000000e+001	
  4.9828000000000000e+009	 -1.6379880000000000e+001	
  4.9834000000000000e+009	 -1.6529299999999999e+001	
  4.9840000000000000e+009	 -1.6686520000000002e+001	
  4.9846000000000000e+009	 -1.6762699999999999e+001	
  4.9852000000000000e+009	 -1.6907219999999999e+001	
  4.9858000000000000e+009	 -1.7008790000000001e+001	
  4.9864000000000000e+009	 -1.7117190000000001e+001	
  4.9870000000000000e+009	 -1.7188479999999998e+001	
  4.9876000000000000e+009	 -1.7329100000000000e+001	
  4.9882000000000000e+009	 -1.7427730000000000e+001	
  4.9888000000000000e+009	 -1.7589839999999999e+001	
  4.9894000000000000e+009	 -1.7724609999999998e+001	
  4.9900000000000000e+009	 -1.7806640000000002e+001	
  4.9906000000000000e+009	 -1.7915040000000001e+001	
  4.9912000000000000e+009	 -1.8054690000000001e+001	
  4.9918000000000000e+009	 -1.8175780000000000e+001	
  4.9924000000000000e+009	 -1.8261720000000000e+001	
  4.9930000000000000e+009	 -1.8334959999999999e+001	
  4.9936000000000000e+009	 -1.8484369999999998e+001	
  4.9942000000000000e+009	 -1.8553709999999999e+001	
  4.9948000000000000e+009	 -1.8646480000000000e+001	
  4.9954000000000000e+009	 -1.8760739999999998e+001	
  4.9960000000000000e+009	 -1.8819330000000001e+001	
  4.9966000000000000e+009	 -1.8955079999999999e+001	
  4.9972000000000000e+009	 -1.9042970000000000e+001	
  4.9978000000000000e+009	 -1.9095700000000001e+001	
  4.9984000000000000e+009	 -1.9171869999999998e+001	
  4.9990000000000000e+009	 -1.9260739999999998e+001	
  4.9996000000000000e+009	 -1.9305660000000000e+001	
  5.0002000000000000e+009	 -1.9398440000000001e+001	
  5.0008000000000000e+009	 -1.9441400000000002e+001	
  5.0014000000000000e+009	 -1.9492190000000001e+001	
  5.0020000000000000e+009	 -1.9549800000000001e+001	
  5.0026000000000000e+009	 -1.9582030000000000e+001	
  5.0032000000000000e+009	 -1.9636720000000000e+001	
  5.0038000000000000e+009	 -1.9658200000000001e+001	
  5.0044000000000000e+009	 -1.9691410000000001e+001	
  5.0050000000000000e+009	 -1.9700189999999999e+001	
  5.0056000000000000e+009	 -1.9776370000000000e+001	
  5.0062000000000000e+009	 -1.9766600000000000e+001	
  5.0068000000000000e+009	 -1.9813479999999998e+001	
  5.0074000000000000e+009	 -1.9830079999999999e+001	
  5.0080000000000000e+009	 -1.9852540000000001e+001	
  5.0086000000000000e+009	 -1.9867190000000001e+001	
  5.0092000000000000e+009	 -1.9835940000000001e+001	
  5.0098000000000000e+009	 -1.9868160000000000e+001	
  5.0104000000000000e+009	 -1.9877929999999999e+001	
  5.0110000000000000e+009	 -1.9840820000000001e+001	
  5.0116000000000000e+009	 -1.9919920000000001e+001	
  5.0122000000000000e+009	 -1.9903320000000001e+001	
  5.0128000000000000e+009	 -1.9842770000000002e+001	
  5.0134000000000000e+009	 -1.9842770000000002e+001	
  5.0140000000000000e+009	 -1.9816410000000001e+001	
  5.0146000000000000e+009	 -1.9802730000000000e+001	
  5.0152000000000000e+009	 -1.9851559999999999e+001	
  5.0158000000000000e+009	 -1.9798829999999999e+001	
  5.0164000000000000e+009	 -1.9869140000000002e+001	
  5.0170000000000000e+009	 -1.9819340000000000e+001	
  5.0176000000000000e+009	 -1.9828119999999998e+001	
  5.0182000000000000e+009	 -1.9818359999999998e+001	
  5.0188000000000000e+009	 -1.9811520000000002e+001	
  5.0194000000000000e+009	 -1.9784179999999999e+001	
  5.0200000000000000e+009	 -1.9821290000000001e+001	
  5.0206000000000000e+009	 -1.9849609999999998e+001	
  5.0212000000000000e+009	 -1.9813479999999998e+001	
  5.0218000000000000e+009	 -1.9758790000000001e+001	
  5.0224000000000000e+009	 -1.9808589999999999e+001	
  5.0230000000000000e+009	 -1.9764650000000000e+001	
  5.0236000000000000e+009	 -1.9792970000000000e+001	
  5.0242000000000000e+009	 -1.9826170000000001e+001	
  5.0248000000000000e+009	 -1.9797850000000000e+001	
  5.0254000000000000e+009	 -1.9758790000000001e+001	
  5.0260000000000000e+009	 -1.9836910000000000e+001	
  5.0266000000000000e+009	 -1.9836910000000000e+001	
  5.0272000000000000e+009	 -1.9864260000000002e+001	
  5.0278000000000000e+009	 -1.9859369999999998e+001	
  5.0284000000000000e+009	 -1.9854489999999998e+001	
  5.0290000000000000e+009	 -1.9864260000000002e+001	
  5.0296000000000000e+009	 -1.9871089999999999e+001	
  5.0302000000000000e+009	 -1.9896480000000000e+001	
  5.0308000000000000e+009	 -1.9899410000000000e+001	
  5.0314000000000000e+009	 -1.9895510000000002e+001	
  5.0320000000000000e+009	 -1.9919920000000001e+001	
  5.0326000000000000e+009	 -1.9920900000000000e+001	
  5.0332000000000000e+009	 -1.9944330000000001e+001	
  5.0338000000000000e+009	 -1.9948239999999998e+001	
  5.0344000000000000e+009	 -1.9966799999999999e+001	
  5.0350000000000000e+009	 -1.9982420000000001e+001	
  5.0356000000000000e+009	 -1.9997070000000001e+001	
  5.0362000000000000e+009	 -1.9966799999999999e+001	
  5.0368000000000000e+009	 -2.0005859999999998e+001	
  5.0374000000000000e+009	 -2.0002929999999999e+001	
  5.0380000000000000e+009	 -2.0031250000000000e+001	
  5.0386000000000000e+009	 -2.0033200000000001e+001	
  5.0392000000000000e+009	 -1.9982420000000001e+001	
  5.0398000000000000e+009	 -2.0021480000000000e+001	
  5.0404000000000000e+009	 -2.0047850000000000e+001	
  5.0410000000000000e+009	 -2.0045900000000000e+001	
  5.0416000000000000e+009	 -2.0059570000000001e+001	
  5.0422000000000000e+009	 -2.0058589999999999e+001	
  5.0428000000000000e+009	 -2.0099609999999998e+001	
  5.0434000000000000e+009	 -2.0058589999999999e+001	
  5.0440000000000000e+009	 -2.0034179999999999e+001	
  5.0446000000000000e+009	 -2.0049810000000001e+001	
  5.0452000000000000e+009	 -2.0071290000000001e+001	
  5.0458000000000000e+009	 -2.0135739999999998e+001	
  5.0464000000000000e+009	 -2.0141600000000000e+001	
  5.0470000000000000e+009	 -2.0128900000000002e+001	
  5.0476000000000000e+009	 -2.0067380000000000e+001	
  5.0482000000000000e+009	 -2.0085940000000001e+001	
  5.0488000000000000e+009	 -2.0101559999999999e+001	
  5.0494000000000000e+009	 -2.0153320000000001e+001	
  5.0500000000000000e+009	 -2.0128900000000002e+001	
  5.0506000000000000e+009	 -2.0159179999999999e+001	
  5.0512000000000000e+009	 -2.0157229999999998e+001	
  5.0518000000000000e+009	 -2.0169920000000001e+001	
  5.0524000000000000e+009	 -2.0185549999999999e+001	
  5.0530000000000000e+009	 -2.0173829999999999e+001	
  5.0536000000000000e+009	 -2.0212890000000002e+001	
  5.0542000000000000e+009	 -2.0271480000000000e+001	
  5.0548000000000000e+009	 -2.0335940000000001e+001	
  5.0554000000000000e+009	 -2.0292970000000000e+001	
  5.0560000000000000e+009	 -2.0366209999999999e+001	
  5.0566000000000000e+009	 -2.0416989999999998e+001	
  5.0572000000000000e+009	 -2.0475580000000001e+001	
  5.0578000000000000e+009	 -2.0518560000000001e+001	
  5.0584000000000000e+009	 -2.0550780000000000e+001	
  5.0590000000000000e+009	 -2.0603510000000000e+001	
  5.0596000000000000e+009	 -2.0663080000000001e+001	
  5.0602000000000000e+009	 -2.0741209999999999e+001	
  5.0608000000000000e+009	 -2.0772459999999999e+001	
  5.0614000000000000e+009	 -2.0855470000000000e+001	
  5.0620000000000000e+009	 -2.0934570000000001e+001	
  5.0626000000000000e+009	 -2.0996089999999999e+001	
  5.0632000000000000e+009	 -2.1053709999999999e+001	
  5.0638000000000000e+009	 -2.1155270000000002e+001	
  5.0644000000000000e+009	 -2.1247070000000001e+001	
  5.0650000000000000e+009	 -2.1305660000000000e+001	
  5.0656000000000000e+009	 -2.1398430000000001e+001	
  5.0662000000000000e+009	 -2.1478510000000000e+001	
  5.0668000000000000e+009	 -2.1563479999999998e+001	
  5.0674000000000000e+009	 -2.1616209999999999e+001	
  5.0680000000000000e+009	 -2.1719729999999998e+001	
  5.0686000000000000e+009	 -2.1850590000000000e+001	
  5.0692000000000000e+009	 -2.1874020000000002e+001	
  5.0698000000000000e+009	 -2.1963870000000000e+001	
  5.0704000000000000e+009	 -2.2037109999999998e+001	
  5.0710000000000000e+009	 -2.2107420000000001e+001	
  5.0716000000000000e+009	 -2.2193359999999998e+001	
  5.0722000000000000e+009	 -2.2318359999999998e+001	
  5.0728000000000000e+009	 -2.2374020000000002e+001	
  5.0734000000000000e+009	 -2.2472650000000002e+001	
  5.0740000000000000e+009	 -2.2547850000000000e+001	
  5.0746000000000000e+009	 -2.2612300000000001e+001	
  5.0752000000000000e+009	 -2.2722650000000002e+001	
  5.0758000000000000e+009	 -2.2711910000000000e+001	
  5.0764000000000000e+009	 -2.2776370000000000e+001	
  5.0770000000000000e+009	 -2.2900390000000002e+001	
  5.0776000000000000e+009	 -2.2954100000000000e+001	
  5.0782000000000000e+009	 -2.2980470000000000e+001	
  5.0788000000000000e+009	 -2.3017579999999999e+001	
  5.0794000000000000e+009	 -2.3160160000000001e+001	
  5.0800000000000000e+009	 -2.3152339999999999e+001	
  5.0806000000000000e+009	 -2.3157219999999999e+001	
  5.0812000000000000e+009	 -2.3212890000000002e+001	
  5.0818000000000000e+009	 -2.3239249999999998e+001	
  5.0824000000000000e+009	 -2.3318359999999998e+001	
  5.0830000000000000e+009	 -2.3283200000000001e+001	
  5.0836000000000000e+009	 -2.3327150000000000e+001	
  5.0842000000000000e+009	 -2.3420900000000000e+001	
  5.0848000000000000e+009	 -2.3354489999999998e+001	
  5.0854000000000000e+009	 -2.3376950000000001e+001	
  5.0860000000000000e+009	 -2.3333980000000000e+001	
  5.0866000000000000e+009	 -2.3347650000000002e+001	
  5.0872000000000000e+009	 -2.3255859999999998e+001	
  5.0878000000000000e+009	 -2.3239249999999998e+001	
  5.0884000000000000e+009	 -2.3275390000000002e+001	
  5.0890000000000000e+009	 -2.3216799999999999e+001	
  5.0896000000000000e+009	 -2.3169920000000001e+001	
  5.0902000000000000e+009	 -2.3099609999999998e+001	
  5.0908000000000000e+009	 -2.3083980000000000e+001	
  5.0914000000000000e+009	 -2.3054690000000001e+001	
  5.0920000000000000e+009	 -2.3025390000000002e+001	
  5.0926000000000000e+009	 -2.2922850000000000e+001	
  5.0932000000000000e+009	 -2.2907219999999999e+001	
  5.0938000000000000e+009	 -2.2802730000000000e+001	
  5.0944000000000000e+009	 -2.2766600000000000e+001	
  5.0950000000000000e+009	 -2.2761720000000000e+001	
  5.0956000000000000e+009	 -2.2669920000000001e+001	
  5.0962000000000000e+009	 -2.2667970000000000e+001	
  5.0968000000000000e+009	 -2.2604489999999998e+001	
  5.0974000000000000e+009	 -2.2541989999999998e+001	
  5.0980000000000000e+009	 -2.2468750000000000e+001	
  5.0986000000000000e+009	 -2.2458980000000000e+001	
  5.0992000000000000e+009	 -2.2376950000000001e+001	
  5.0998000000000000e+009	 -2.2333980000000000e+001	
  5.1004000000000000e+009	 -2.2260739999999998e+001	
  5.1010000000000000e+009	 -2.2223630000000000e+001	
  5.1016000000000000e+009	 -2.2163090000000000e+001	
  5.1022000000000000e+009	 -2.2113280000000000e+001	
  5.1028000000000000e+009	 -2.2012699999999999e+001	
  5.1034000000000000e+009	 -2.1950189999999999e+001	
  5.1040000000000000e+009	 -2.1894530000000000e+001	
  5.1046000000000000e+009	 -2.1833980000000000e+001	
  5.1052000000000000e+009	 -2.1787109999999998e+001	
  5.1058000000000000e+009	 -2.1734380000000002e+001	
  5.1064000000000000e+009	 -2.1658200000000001e+001	
  5.1070000000000000e+009	 -2.1641600000000000e+001	
  5.1076000000000000e+009	 -2.1541010000000000e+001	
  5.1082000000000000e+009	 -2.1513670000000001e+001	
  5.1088000000000000e+009	 -2.1478510000000000e+001	
  5.1094000000000000e+009	 -2.1469729999999998e+001	
  5.1100000000000000e+009	 -2.1393550000000001e+001	
  5.1106000000000000e+009	 -2.1420900000000000e+001	
  5.1112000000000000e+009	 -2.1341799999999999e+001	
  5.1118000000000000e+009	 -2.1319340000000000e+001	
  5.1124000000000000e+009	 -2.1358400000000000e+001	
  5.1130000000000000e+009	 -2.1320309999999999e+001	
  5.1136000000000000e+009	 -2.1246089999999999e+001	
  5.1142000000000000e+009	 -2.1274410000000000e+001	
  5.1148000000000000e+009	 -2.1266600000000000e+001	
  5.1154000000000000e+009	 -2.1375000000000000e+001	
  5.1160000000000000e+009	 -2.1333990000000000e+001	
  5.1166000000000000e+009	 -2.1361329999999999e+001	
  5.1172000000000000e+009	 -2.1386720000000000e+001	
  5.1178000000000000e+009	 -2.1403320000000001e+001	
  5.1184000000000000e+009	 -2.1432610000000000e+001	
  5.1190000000000000e+009	 -2.1469729999999998e+001	
  5.1196000000000000e+009	 -2.1528320000000001e+001	
  5.1202000000000000e+009	 -2.1523440000000001e+001	
  5.1208000000000000e+009	 -2.1613280000000000e+001	
  5.1214000000000000e+009	 -2.1712890000000002e+001	
  5.1220000000000000e+009	 -2.1794920000000001e+001	
  5.1226000000000000e+009	 -2.1839839999999999e+001	
  5.1232000000000000e+009	 -2.1933589999999999e+001	
  5.1238000000000000e+009	 -2.2013670000000001e+001	
  5.1244000000000000e+009	 -2.2087890000000002e+001	
  5.1250000000000000e+009	 -2.2197270000000000e+001	
  5.1256000000000000e+009	 -2.2280270000000002e+001	
  5.1262000000000000e+009	 -2.2377929999999999e+001	
  5.1268000000000000e+009	 -2.2482420000000001e+001	
  5.1274000000000000e+009	 -2.2562500000000000e+001	
  5.1280000000000000e+009	 -2.2650390000000002e+001	
  5.1286000000000000e+009	 -2.2763670000000001e+001	
  5.1292000000000000e+009	 -2.2851559999999999e+001	
  5.1298000000000000e+009	 -2.2958010000000002e+001	
  5.1304000000000000e+009	 -2.3068359999999998e+001	
  5.1310000000000000e+009	 -2.3156250000000000e+001	
  5.1316000000000000e+009	 -2.3264650000000000e+001	
  5.1322000000000000e+009	 -2.3351559999999999e+001	
  5.1328000000000000e+009	 -2.3492190000000001e+001	
  5.1334000000000000e+009	 -2.3543939999999999e+001	
  5.1340000000000000e+009	 -2.3591790000000000e+001	
  5.1346000000000000e+009	 -2.3787109999999998e+001	
  5.1352000000000000e+009	 -2.3832030000000000e+001	
  5.1358000000000000e+009	 -2.3936520000000002e+001	
  5.1364000000000000e+009	 -2.3963870000000000e+001	
  5.1370000000000000e+009	 -2.4051760000000002e+001	
  5.1376000000000000e+009	 -2.4158200000000001e+001	
  5.1382000000000000e+009	 -2.4268550000000001e+001	
  5.1388000000000000e+009	 -2.4308589999999999e+001	
  5.1394000000000000e+009	 -2.4331050000000001e+001	
  5.1400000000000000e+009	 -2.4454100000000000e+001	
  5.1406000000000000e+009	 -2.4487300000000001e+001	
  5.1412000000000000e+009	 -2.4556640000000002e+001	
  5.1418000000000000e+009	 -2.4606439999999999e+001	
  5.1424000000000000e+009	 -2.4645499999999998e+001	
  5.1430000000000000e+009	 -2.4660150000000002e+001	
  5.1436000000000000e+009	 -2.4624020000000002e+001	
  5.1442000000000000e+009	 -2.4708980000000000e+001	
  5.1448000000000000e+009	 -2.4691410000000001e+001	
  5.1454000000000000e+009	 -2.4793939999999999e+001	
  5.1460000000000000e+009	 -2.4781250000000000e+001	
  5.1466000000000000e+009	 -2.4785160000000001e+001	
  5.1472000000000000e+009	 -2.4765630000000002e+001	
  5.1478000000000000e+009	 -2.4741209999999999e+001	
  5.1484000000000000e+009	 -2.4738280000000000e+001	
  5.1490000000000000e+009	 -2.4777339999999999e+001	
  5.1496000000000000e+009	 -2.4654290000000000e+001	
  5.1502000000000000e+009	 -2.4660150000000002e+001	
  5.1508000000000000e+009	 -2.4705079999999999e+001	
  5.1514000000000000e+009	 -2.4671869999999998e+001	
  5.1520000000000000e+009	 -2.4567380000000000e+001	
  5.1526000000000000e+009	 -2.4589839999999999e+001	
  5.1532000000000000e+009	 -2.4521480000000000e+001	
  5.1538000000000000e+009	 -2.4385739999999998e+001	
  5.1544000000000000e+009	 -2.4360350000000000e+001	
  5.1550000000000000e+009	 -2.4305660000000000e+001	
  5.1556000000000000e+009	 -2.4228520000000000e+001	
  5.1562000000000000e+009	 -2.4138670000000001e+001	
  5.1568000000000000e+009	 -2.4041010000000000e+001	
  5.1574000000000000e+009	 -2.3941410000000001e+001	
  5.1580000000000000e+009	 -2.3901370000000000e+001	
  5.1586000000000000e+009	 -2.3795900000000000e+001	
  5.1592000000000000e+009	 -2.3700189999999999e+001	
  5.1598000000000000e+009	 -2.3602540000000001e+001	
  5.1604000000000000e+009	 -2.3525390000000002e+001	
  5.1610000000000000e+009	 -2.3419920000000001e+001	
  5.1616000000000000e+009	 -2.3288080000000001e+001	
  5.1622000000000000e+009	 -2.3199220000000000e+001	
  5.1628000000000000e+009	 -2.3075189999999999e+001	
  5.1634000000000000e+009	 -2.3000000000000000e+001	
  5.1640000000000000e+009	 -2.2900390000000002e+001	
  5.1646000000000000e+009	 -2.2821290000000001e+001	
  5.1652000000000000e+009	 -2.2690429999999999e+001	
  5.1658000000000000e+009	 -2.2566400000000002e+001	
  5.1664000000000000e+009	 -2.2481449999999999e+001	
  5.1670000000000000e+009	 -2.2394530000000000e+001	
  5.1676000000000000e+009	 -2.2270510000000002e+001	
  5.1682000000000000e+009	 -2.2190429999999999e+001	
  5.1688000000000000e+009	 -2.2092770000000002e+001	
  5.1694000000000000e+009	 -2.2021480000000000e+001	
  5.1700000000000000e+009	 -2.1942380000000000e+001	
  5.1706000000000000e+009	 -2.1883790000000001e+001	
  5.1712000000000000e+009	 -2.1773440000000001e+001	
  5.1718000000000000e+009	 -2.1748049999999999e+001	
  5.1724000000000000e+009	 -2.1678709999999999e+001	
  5.1730000000000000e+009	 -2.1710930000000001e+001	
  5.1736000000000000e+009	 -2.1603510000000000e+001	
  5.1742000000000000e+009	 -2.1565429999999999e+001	
  5.1748000000000000e+009	 -2.1530270000000002e+001	
  5.1754000000000000e+009	 -2.1531250000000000e+001	
  5.1760000000000000e+009	 -2.1576170000000001e+001	
  5.1766000000000000e+009	 -2.1583980000000000e+001	
  5.1772000000000000e+009	 -2.1599609999999998e+001	
  5.1778000000000000e+009	 -2.1710930000000001e+001	
  5.1784000000000000e+009	 -2.1664059999999999e+001	
  5.1790000000000000e+009	 -2.1784179999999999e+001	
  5.1796000000000000e+009	 -2.1881830000000001e+001	
  5.1802000000000000e+009	 -2.2098630000000000e+001	
  5.1808000000000000e+009	 -2.2370110000000000e+001	
  5.1814000000000000e+009	 -2.2825189999999999e+001	
  5.1820000000000000e+009	 -2.3262699999999999e+001	
  5.1826000000000000e+009	 -2.3646480000000000e+001	
  5.1832000000000000e+009	 -2.3855470000000000e+001	
  5.1838000000000000e+009	 -2.4038090000000000e+001	
  5.1844000000000000e+009	 -2.4164059999999999e+001	
  5.1850000000000000e+009	 -2.4225580000000001e+001	
  5.1856000000000000e+009	 -2.4221679999999999e+001	
  5.1862000000000000e+009	 -2.4332999999999998e+001	
  5.1868000000000000e+009	 -2.4276370000000000e+001	
  5.1874000000000000e+009	 -2.4327140000000000e+001	
  5.1880000000000000e+009	 -2.4346679999999999e+001	
  5.1886000000000000e+009	 -2.4421869999999998e+001	
  5.1892000000000000e+009	 -2.4392579999999999e+001	
  5.1898000000000000e+009	 -2.4436520000000002e+001	
  5.1904000000000000e+009	 -2.4468750000000000e+001	
  5.1910000000000000e+009	 -2.4519530000000000e+001	
  5.1916000000000000e+009	 -2.4537109999999998e+001	
  5.1922000000000000e+009	 -2.4573239999999998e+001	
  5.1928000000000000e+009	 -2.4630859999999998e+001	
  5.1934000000000000e+009	 -2.4648440000000001e+001	
  5.1940000000000000e+009	 -2.4713860000000000e+001	
  5.1946000000000000e+009	 -2.4722650000000002e+001	
  5.1952000000000000e+009	 -2.4791010000000000e+001	
  5.1958000000000000e+009	 -2.4801749999999998e+001	
  5.1964000000000000e+009	 -2.4864249999999998e+001	
  5.1970000000000000e+009	 -2.4855470000000000e+001	
  5.1976000000000000e+009	 -2.4932610000000000e+001	
  5.1982000000000000e+009	 -2.4941410000000001e+001	
  5.1988000000000000e+009	 -2.4993160000000000e+001	
  5.1994000000000000e+009	 -2.5009770000000000e+001	
  5.2000000000000000e+009	 -2.5058589999999999e+001	
  5.2006000000000000e+009	 -2.5076170000000001e+001	
  5.2012000000000000e+009	 -2.5128900000000002e+001	
  5.2018000000000000e+009	 -2.5075189999999999e+001	
  5.2024000000000000e+009	 -2.5123040000000000e+001	
  5.2030000000000000e+009	 -2.5217770000000002e+001	
  5.2036000000000000e+009	 -2.5171869999999998e+001	
  5.2042000000000000e+009	 -2.5237300000000001e+001	
  5.2048000000000000e+009	 -2.5297850000000000e+001	
  5.2054000000000000e+009	 -2.5291010000000000e+001	
  5.2060000000000000e+009	 -2.5228510000000000e+001	
  5.2066000000000000e+009	 -2.5295900000000000e+001	
  5.2072000000000000e+009	 -2.5304680000000001e+001	
  5.2078000000000000e+009	 -2.5310540000000000e+001	
  5.2084000000000000e+009	 -2.5312500000000000e+001	
  5.2090000000000000e+009	 -2.5341799999999999e+001	
  5.2096000000000000e+009	 -2.5333980000000000e+001	
  5.2102000000000000e+009	 -2.5325189999999999e+001	
  5.2108000000000000e+009	 -2.5413080000000001e+001	
  5.2114000000000000e+009	 -2.5321290000000001e+001	
  5.2120000000000000e+009	 -2.5362300000000001e+001	
  5.2126000000000000e+009	 -2.5389650000000000e+001	
  5.2132000000000000e+009	 -2.5369140000000002e+001	
  5.2138000000000000e+009	 -2.5341799999999999e+001	
  5.2144000000000000e+009	 -2.5379880000000000e+001	
  5.2150000000000000e+009	 -2.5427730000000000e+001	
  5.2156000000000000e+009	 -2.5384760000000000e+001	
  5.2162000000000000e+009	 -2.5366209999999999e+001	
  5.2168000000000000e+009	 -2.5417970000000000e+001	
  5.2174000000000000e+009	 -2.5385739999999998e+001	
  5.2180000000000000e+009	 -2.5353510000000000e+001	
  5.2186000000000000e+009	 -2.5338860000000000e+001	
  5.2192000000000000e+009	 -2.5318359999999998e+001	
  5.2198000000000000e+009	 -2.5285150000000002e+001	
  5.2204000000000000e+009	 -2.5271480000000000e+001	
  5.2210000000000000e+009	 -2.5228510000000000e+001	
  5.2216000000000000e+009	 -2.5208010000000002e+001	
  5.2222000000000000e+009	 -2.5228510000000000e+001	
  5.2228000000000000e+009	 -2.5125000000000000e+001	
  5.2234000000000000e+009	 -2.5132809999999999e+001	
  5.2240000000000000e+009	 -2.5103510000000000e+001	
  5.2246000000000000e+009	 -2.5072260000000000e+001	
  5.2252000000000000e+009	 -2.4958980000000000e+001	
  5.2258000000000000e+009	 -2.4966790000000000e+001	
  5.2264000000000000e+009	 -2.4928709999999999e+001	
  5.2270000000000000e+009	 -2.4913080000000001e+001	
  5.2276000000000000e+009	 -2.4839839999999999e+001	
  5.2282000000000000e+009	 -2.4769530000000000e+001	
  5.2288000000000000e+009	 -2.4724609999999998e+001	
  5.2294000000000000e+009	 -2.4699220000000000e+001	
  5.2300000000000000e+009	 -2.4605460000000001e+001	
  5.2306000000000000e+009	 -2.4557610000000000e+001	
  5.2312000000000000e+009	 -2.4505859999999998e+001	
  5.2318000000000000e+009	 -2.4410150000000002e+001	
  5.2324000000000000e+009	 -2.4379880000000000e+001	
  5.2330000000000000e+009	 -2.4268550000000001e+001	
  5.2336000000000000e+009	 -2.4245110000000000e+001	
  5.2342000000000000e+009	 -2.4136710000000001e+001	
  5.2348000000000000e+009	 -2.4078119999999998e+001	
  5.2354000000000000e+009	 -2.4047850000000000e+001	
  5.2360000000000000e+009	 -2.3955079999999999e+001	
  5.2366000000000000e+009	 -2.3865230000000000e+001	
  5.2372000000000000e+009	 -2.3788080000000001e+001	
  5.2378000000000000e+009	 -2.3729489999999998e+001	
  5.2384000000000000e+009	 -2.3653320000000001e+001	
  5.2390000000000000e+009	 -2.3611329999999999e+001	
  5.2396000000000000e+009	 -2.3517579999999999e+001	
  5.2402000000000000e+009	 -2.3497070000000001e+001	
  5.2408000000000000e+009	 -2.3391600000000000e+001	
  5.2414000000000000e+009	 -2.3354489999999998e+001	
  5.2420000000000000e+009	 -2.3376950000000001e+001	
  5.2426000000000000e+009	 -2.3242190000000001e+001	
  5.2432000000000000e+009	 -2.3231439999999999e+001	
  5.2438000000000000e+009	 -2.3167970000000000e+001	
  5.2444000000000000e+009	 -2.3111329999999999e+001	
  5.2450000000000000e+009	 -2.3058589999999999e+001	
  5.2456000000000000e+009	 -2.3077150000000000e+001	
  5.2462000000000000e+009	 -2.3042970000000000e+001	
  5.2468000000000000e+009	 -2.2981439999999999e+001	
  5.2474000000000000e+009	 -2.2920900000000000e+001	
  5.2480000000000000e+009	 -2.3040040000000001e+001	
  5.2486000000000000e+009	 -2.2945309999999999e+001	
  5.2492000000000000e+009	 -2.2967770000000002e+001	
  5.2498000000000000e+009	 -2.2954100000000000e+001	
  5.2504000000000000e+009	 -2.3000000000000000e+001	
  5.2510000000000000e+009	 -2.3056640000000002e+001	
  5.2516000000000000e+009	 -2.3033200000000001e+001	
  5.2522000000000000e+009	 -2.3067380000000000e+001	
  5.2528000000000000e+009	 -2.3096679999999999e+001	
  5.2534000000000000e+009	 -2.3095700000000001e+001	
  5.2540000000000000e+009	 -2.3123040000000000e+001	
  5.2546000000000000e+009	 -2.3220700000000001e+001	
  5.2552000000000000e+009	 -2.3276370000000000e+001	
  5.2558000000000000e+009	 -2.3297850000000000e+001	
  5.2564000000000000e+009	 -2.3347650000000002e+001	
  5.2570000000000000e+009	 -2.3414059999999999e+001	
  5.2576000000000000e+009	 -2.3475580000000001e+001	
  5.2582000000000000e+009	 -2.3550780000000000e+001	
  5.2588000000000000e+009	 -2.3611329999999999e+001	
  5.2594000000000000e+009	 -2.3672850000000000e+001	
  5.2600000000000000e+009	 -2.3739260000000002e+001	
  5.2606000000000000e+009	 -2.3798829999999999e+001	
  5.2612000000000000e+009	 -2.3888670000000001e+001	
  5.2618000000000000e+009	 -2.3958980000000000e+001	
  5.2624000000000000e+009	 -2.4031250000000000e+001	
  5.2630000000000000e+009	 -2.4091799999999999e+001	
  5.2636000000000000e+009	 -2.4160160000000001e+001	
  5.2642000000000000e+009	 -2.4187500000000000e+001	
  5.2648000000000000e+009	 -2.4250000000000000e+001	
  5.2654000000000000e+009	 -2.4334959999999999e+001	
  5.2660000000000000e+009	 -2.4367180000000001e+001	
  5.2666000000000000e+009	 -2.4424800000000001e+001	
  5.2672000000000000e+009	 -2.4489249999999998e+001	
  5.2678000000000000e+009	 -2.4533200000000001e+001	
  5.2684000000000000e+009	 -2.4611329999999999e+001	
  5.2690000000000000e+009	 -2.4678709999999999e+001	
  5.2696000000000000e+009	 -2.4683589999999999e+001	
  5.2702000000000000e+009	 -2.4738280000000000e+001	
  5.2708000000000000e+009	 -2.4828119999999998e+001	
  5.2714000000000000e+009	 -2.4802730000000000e+001	
  5.2720000000000000e+009	 -2.4836910000000000e+001	
  5.2726000000000000e+009	 -2.4868160000000000e+001	
  5.2732000000000000e+009	 -2.4905270000000002e+001	
  5.2738000000000000e+009	 -2.4960940000000001e+001	
  5.2744000000000000e+009	 -2.4931640000000002e+001	
  5.2750000000000000e+009	 -2.4955079999999999e+001	
  5.2756000000000000e+009	 -2.4916989999999998e+001	
  5.2762000000000000e+009	 -2.4991209999999999e+001	
  5.2768000000000000e+009	 -2.4946290000000001e+001	
  5.2774000000000000e+009	 -2.4955079999999999e+001	
  5.2780000000000000e+009	 -2.4909179999999999e+001	
  5.2786000000000000e+009	 -2.4991209999999999e+001	
  5.2792000000000000e+009	 -2.4956050000000001e+001	
  5.2798000000000000e+009	 -2.4930660000000000e+001	
  5.2804000000000000e+009	 -2.4938469999999999e+001	
  5.2810000000000000e+009	 -2.4917960000000001e+001	
  5.2816000000000000e+009	 -2.4874020000000002e+001	
  5.2822000000000000e+009	 -2.4881830000000001e+001	
  5.2828000000000000e+009	 -2.4840820000000001e+001	
  5.2834000000000000e+009	 -2.4794920000000001e+001	
  5.2840000000000000e+009	 -2.4792970000000000e+001	
  5.2846000000000000e+009	 -2.4754880000000000e+001	
  5.2852000000000000e+009	 -2.4743160000000000e+001	
  5.2858000000000000e+009	 -2.4734369999999998e+001	
  5.2864000000000000e+009	 -2.4702150000000000e+001	
  5.2870000000000000e+009	 -2.4637689999999999e+001	
  5.2876000000000000e+009	 -2.4626950000000001e+001	
  5.2882000000000000e+009	 -2.4596679999999999e+001	
  5.2888000000000000e+009	 -2.4539059999999999e+001	
  5.2894000000000000e+009	 -2.4514650000000000e+001	
  5.2900000000000000e+009	 -2.4499020000000002e+001	
  5.2906000000000000e+009	 -2.4419920000000001e+001	
  5.2912000000000000e+009	 -2.4423829999999999e+001	
  5.2918000000000000e+009	 -2.4379880000000000e+001	
  5.2924000000000000e+009	 -2.4332030000000000e+001	
  5.2930000000000000e+009	 -2.4316410000000001e+001	
  5.2936000000000000e+009	 -2.4290040000000001e+001	
  5.2942000000000000e+009	 -2.4269530000000000e+001	
  5.2948000000000000e+009	 -2.4232420000000001e+001	
  5.2954000000000000e+009	 -2.4212890000000002e+001	
  5.2960000000000000e+009	 -2.4181640000000002e+001	
  5.2966000000000000e+009	 -2.4134760000000000e+001	
  5.2972000000000000e+009	 -2.4078119999999998e+001	
  5.2978000000000000e+009	 -2.4064450000000001e+001	
  5.2984000000000000e+009	 -2.4061520000000002e+001	
  5.2990000000000000e+009	 -2.4017579999999999e+001	
  5.2996000000000000e+009	 -2.3961910000000000e+001	
  5.3002000000000000e+009	 -2.3963870000000000e+001	
  5.3008000000000000e+009	 -2.3886720000000000e+001	
  5.3014000000000000e+009	 -2.3875979999999998e+001	
  5.3020000000000000e+009	 -2.3884760000000000e+001	
  5.3026000000000000e+009	 -2.3834959999999999e+001	
  5.3032000000000000e+009	 -2.3713870000000000e+001	
  5.3038000000000000e+009	 -2.3747070000000001e+001	
  5.3044000000000000e+009	 -2.3787109999999998e+001	
  5.3050000000000000e+009	 -2.3653320000000001e+001	
  5.3056000000000000e+009	 -2.3729489999999998e+001	
  5.3062000000000000e+009	 -2.3519530000000000e+001	
  5.3068000000000000e+009	 -2.3613280000000000e+001	
  5.3074000000000000e+009	 -2.3539059999999999e+001	
  5.3080000000000000e+009	 -2.3518550000000001e+001	
  5.3086000000000000e+009	 -2.3424800000000001e+001	
  5.3092000000000000e+009	 -2.3403320000000001e+001	
  5.3098000000000000e+009	 -2.3306640000000002e+001	
  5.3104000000000000e+009	 -2.3267579999999999e+001	
  5.3110000000000000e+009	 -2.3124020000000002e+001	
  5.3116000000000000e+009	 -2.3186520000000002e+001	
  5.3122000000000000e+009	 -2.3173829999999999e+001	
  5.3128000000000000e+009	 -2.3072270000000000e+001	
  5.3134000000000000e+009	 -2.2983400000000000e+001	
  5.3140000000000000e+009	 -2.2920900000000000e+001	
  5.3146000000000000e+009	 -2.2852540000000001e+001	
  5.3152000000000000e+009	 -2.2868160000000000e+001	
  5.3158000000000000e+009	 -2.2774419999999999e+001	
  5.3164000000000000e+009	 -2.2699220000000000e+001	
  5.3170000000000000e+009	 -2.2683589999999999e+001	
  5.3176000000000000e+009	 -2.2666020000000000e+001	
  5.3182000000000000e+009	 -2.2632809999999999e+001	
  5.3188000000000000e+009	 -2.2565429999999999e+001	
  5.3194000000000000e+009	 -2.2502929999999999e+001	
  5.3200000000000000e+009	 -2.2498040000000000e+001	
  5.3206000000000000e+009	 -2.2404290000000000e+001	
  5.3212000000000000e+009	 -2.2404290000000000e+001	
  5.3218000000000000e+009	 -2.2368160000000000e+001	
  5.3224000000000000e+009	 -2.2354489999999998e+001	
  5.3230000000000000e+009	 -2.2357420000000001e+001	
  5.3236000000000000e+009	 -2.2359380000000002e+001	
  5.3242000000000000e+009	 -2.2323239999999998e+001	
  5.3248000000000000e+009	 -2.2323239999999998e+001	
  5.3254000000000000e+009	 -2.2341790000000000e+001	
  5.3260000000000000e+009	 -2.2358400000000000e+001	
  5.3266000000000000e+009	 -2.2357420000000001e+001	
  5.3272000000000000e+009	 -2.2375000000000000e+001	
  5.3278000000000000e+009	 -2.2375969999999999e+001	
  5.3284000000000000e+009	 -2.2388670000000001e+001	
  5.3290000000000000e+009	 -2.2500000000000000e+001	
  5.3296000000000000e+009	 -2.2493160000000000e+001	
  5.3302000000000000e+009	 -2.2618169999999999e+001	
  5.3308000000000000e+009	 -2.2682610000000000e+001	
  5.3314000000000000e+009	 -2.2663080000000001e+001	
  5.3320000000000000e+009	 -2.2764650000000000e+001	
  5.3326000000000000e+009	 -2.2875979999999998e+001	
  5.3332000000000000e+009	 -2.2923829999999999e+001	
  5.3338000000000000e+009	 -2.2998049999999999e+001	
  5.3344000000000000e+009	 -2.3041989999999998e+001	
  5.3350000000000000e+009	 -2.3209959999999999e+001	
  5.3356000000000000e+009	 -2.3210940000000001e+001	
  5.3362000000000000e+009	 -2.3301760000000002e+001	
  5.3368000000000000e+009	 -2.3410150000000002e+001	
  5.3374000000000000e+009	 -2.3451170000000001e+001	
  5.3380000000000000e+009	 -2.3566400000000002e+001	
  5.3386000000000000e+009	 -2.3689450000000001e+001	
  5.3392000000000000e+009	 -2.3801760000000002e+001	
  5.3398000000000000e+009	 -2.3946290000000001e+001	
  5.3404000000000000e+009	 -2.3952150000000000e+001	
  5.3410000000000000e+009	 -2.4000000000000000e+001	
  5.3416000000000000e+009	 -2.4109369999999998e+001	
  5.3422000000000000e+009	 -2.4208980000000000e+001	
  5.3428000000000000e+009	 -2.4308589999999999e+001	
  5.3434000000000000e+009	 -2.4379880000000000e+001	
  5.3440000000000000e+009	 -2.4453130000000002e+001	
  5.3446000000000000e+009	 -2.4542970000000000e+001	
  5.3452000000000000e+009	 -2.4570309999999999e+001	
  5.3458000000000000e+009	 -2.4625000000000000e+001	
  5.3464000000000000e+009	 -2.4692380000000000e+001	
  5.3470000000000000e+009	 -2.4774410000000000e+001	
  5.3476000000000000e+009	 -2.4797850000000000e+001	
  5.3482000000000000e+009	 -2.4857420000000001e+001	
  5.3488000000000000e+009	 -2.4827150000000000e+001	
  5.3494000000000000e+009	 -2.4876950000000001e+001	
  5.3500000000000000e+009	 -2.4898430000000001e+001	
  5.3506000000000000e+009	 -2.4924800000000001e+001	
  5.3512000000000000e+009	 -2.4910150000000002e+001	
  5.3518000000000000e+009	 -2.4921880000000002e+001	
  5.3524000000000000e+009	 -2.4895510000000002e+001	
  5.3530000000000000e+009	 -2.4934570000000001e+001	
  5.3536000000000000e+009	 -2.4860350000000000e+001	
  5.3542000000000000e+009	 -2.4877929999999999e+001	
  5.3548000000000000e+009	 -2.4837890000000002e+001	
  5.3554000000000000e+009	 -2.4814450000000001e+001	
  5.3560000000000000e+009	 -2.4760739999999998e+001	
  5.3566000000000000e+009	 -2.4718750000000000e+001	
  5.3572000000000000e+009	 -2.4663090000000000e+001	
  5.3578000000000000e+009	 -2.4586910000000000e+001	
  5.3584000000000000e+009	 -2.4560549999999999e+001	
  5.3590000000000000e+009	 -2.4461910000000000e+001	
  5.3596000000000000e+009	 -2.4390619999999998e+001	
  5.3602000000000000e+009	 -2.4339839999999999e+001	
  5.3608000000000000e+009	 -2.4222660000000001e+001	
  5.3614000000000000e+009	 -2.4144530000000000e+001	
  5.3620000000000000e+009	 -2.4033200000000001e+001	
  5.3626000000000000e+009	 -2.3968750000000000e+001	
  5.3632000000000000e+009	 -2.3864249999999998e+001	
  5.3638000000000000e+009	 -2.3735350000000000e+001	
  5.3644000000000000e+009	 -2.3634760000000000e+001	
  5.3650000000000000e+009	 -2.3542970000000000e+001	
  5.3656000000000000e+009	 -2.3391600000000000e+001	
  5.3662000000000000e+009	 -2.3290040000000001e+001	
  5.3668000000000000e+009	 -2.3199220000000000e+001	
  5.3674000000000000e+009	 -2.3043939999999999e+001	
  5.3680000000000000e+009	 -2.2944340000000000e+001	
  5.3686000000000000e+009	 -2.2810540000000000e+001	
  5.3692000000000000e+009	 -2.2656250000000000e+001	
  5.3698000000000000e+009	 -2.2563479999999998e+001	
  5.3704000000000000e+009	 -2.2411130000000000e+001	
  5.3710000000000000e+009	 -2.2348630000000000e+001	
  5.3716000000000000e+009	 -2.2222660000000001e+001	
  5.3722000000000000e+009	 -2.2107420000000001e+001	
  5.3728000000000000e+009	 -2.2015619999999998e+001	
  5.3734000000000000e+009	 -2.1958990000000000e+001	
  5.3740000000000000e+009	 -2.1901360000000000e+001	
  5.3746000000000000e+009	 -2.1718750000000000e+001	
  5.3752000000000000e+009	 -2.1598630000000000e+001	
  5.3758000000000000e+009	 -2.1595700000000001e+001	
  5.3764000000000000e+009	 -2.1510739999999998e+001	
  5.3770000000000000e+009	 -2.1417970000000000e+001	
  5.3776000000000000e+009	 -2.1331050000000001e+001	
  5.3782000000000000e+009	 -2.1335940000000001e+001	
  5.3788000000000000e+009	 -2.1249020000000002e+001	
  5.3794000000000000e+009	 -2.1210940000000001e+001	
  5.3800000000000000e+009	 -2.1172850000000000e+001	
  5.3806000000000000e+009	 -2.1177740000000000e+001	
  5.3812000000000000e+009	 -2.1118160000000000e+001	
  5.3818000000000000e+009	 -2.1110350000000000e+001	
  5.3824000000000000e+009	 -2.1104489999999998e+001	
  5.3830000000000000e+009	 -2.1094729999999998e+001	
  5.3836000000000000e+009	 -2.1101559999999999e+001	
  5.3842000000000000e+009	 -2.1107420000000001e+001	
  5.3848000000000000e+009	 -2.1125969999999999e+001	
  5.3854000000000000e+009	 -2.1099609999999998e+001	
  5.3860000000000000e+009	 -2.1174800000000001e+001	
  5.3866000000000000e+009	 -2.1194330000000001e+001	
  5.3872000000000000e+009	 -2.1233400000000000e+001	
  5.3878000000000000e+009	 -2.1259770000000000e+001	
  5.3884000000000000e+009	 -2.1311520000000002e+001	
  5.3890000000000000e+009	 -2.1348630000000000e+001	
  5.3896000000000000e+009	 -2.1414059999999999e+001	
  5.3902000000000000e+009	 -2.1429690000000001e+001	
  5.3908000000000000e+009	 -2.1514650000000000e+001	
  5.3914000000000000e+009	 -2.1574220000000000e+001	
  5.3920000000000000e+009	 -2.1589839999999999e+001	
  5.3926000000000000e+009	 -2.1663080000000001e+001	
  5.3932000000000000e+009	 -2.1689450000000001e+001	
  5.3938000000000000e+009	 -2.1761720000000000e+001	
  5.3944000000000000e+009	 -2.1840820000000001e+001	
  5.3950000000000000e+009	 -2.1846679999999999e+001	
  5.3956000000000000e+009	 -2.1903320000000001e+001	
  5.3962000000000000e+009	 -2.1973630000000000e+001	
  5.3968000000000000e+009	 -2.1981439999999999e+001	
  5.3974000000000000e+009	 -2.2063469999999999e+001	
  5.3980000000000000e+009	 -2.2124020000000002e+001	
  5.3986000000000000e+009	 -2.2196290000000001e+001	
  5.3992000000000000e+009	 -2.2181640000000002e+001	
  5.3998000000000000e+009	 -2.2238280000000000e+001	
  5.4004000000000000e+009	 -2.2221679999999999e+001	
  5.4010000000000000e+009	 -2.2247070000000001e+001	
  5.4016000000000000e+009	 -2.2312500000000000e+001	
  5.4022000000000000e+009	 -2.2295900000000000e+001	
  5.4028000000000000e+009	 -2.2359380000000002e+001	
  5.4034000000000000e+009	 -2.2459959999999999e+001	
  5.4040000000000000e+009	 -2.2547850000000000e+001	
  5.4046000000000000e+009	 -2.2470700000000001e+001	
  5.4052000000000000e+009	 -2.2497070000000001e+001	
  5.4058000000000000e+009	 -2.2547850000000000e+001	
  5.4064000000000000e+009	 -2.2541010000000000e+001	
  5.4070000000000000e+009	 -2.2605470000000000e+001	
  5.4076000000000000e+009	 -2.2553709999999999e+001	
  5.4082000000000000e+009	 -2.2571290000000001e+001	
  5.4088000000000000e+009	 -2.2515630000000002e+001	
  5.4094000000000000e+009	 -2.2533200000000001e+001	
  5.4100000000000000e+009	 -2.2550780000000000e+001	
  5.4106000000000000e+009	 -2.2533200000000001e+001	
  5.4112000000000000e+009	 -2.2511720000000000e+001	
  5.4118000000000000e+009	 -2.2539059999999999e+001	
  5.4124000000000000e+009	 -2.2486329999999999e+001	
  5.4130000000000000e+009	 -2.2481449999999999e+001	
  5.4136000000000000e+009	 -2.2458980000000000e+001	
  5.4142000000000000e+009	 -2.2450189999999999e+001	
  5.4148000000000000e+009	 -2.2453119999999998e+001	
  5.4154000000000000e+009	 -2.2459959999999999e+001	
  5.4160000000000000e+009	 -2.2417970000000000e+001	
  5.4166000000000000e+009	 -2.2392579999999999e+001	
  5.4172000000000000e+009	 -2.2377929999999999e+001	
  5.4178000000000000e+009	 -2.2338870000000000e+001	
  5.4184000000000000e+009	 -2.2329100000000000e+001	
  5.4190000000000000e+009	 -2.2263670000000001e+001	
  5.4196000000000000e+009	 -2.2249020000000002e+001	
  5.4202000000000000e+009	 -2.2215820000000001e+001	
  5.4208000000000000e+009	 -2.2156250000000000e+001	
  5.4214000000000000e+009	 -2.2159179999999999e+001	
  5.4220000000000000e+009	 -2.2078119999999998e+001	
  5.4226000000000000e+009	 -2.2080079999999999e+001	
  5.4232000000000000e+009	 -2.2030270000000002e+001	
  5.4238000000000000e+009	 -2.1965820000000001e+001	
  5.4244000000000000e+009	 -2.1905270000000002e+001	
  5.4250000000000000e+009	 -2.1900390000000002e+001	
  5.4256000000000000e+009	 -2.1828119999999998e+001	
  5.4262000000000000e+009	 -2.1760739999999998e+001	
  5.4268000000000000e+009	 -2.1767579999999999e+001	
  5.4274000000000000e+009	 -2.1691400000000002e+001	
  5.4280000000000000e+009	 -2.1586910000000000e+001	
  5.4286000000000000e+009	 -2.1615230000000000e+001	
  5.4292000000000000e+009	 -2.1473630000000000e+001	
  5.4298000000000000e+009	 -2.1443359999999998e+001	
  5.4304000000000000e+009	 -2.1360350000000000e+001	
  5.4310000000000000e+009	 -2.1371089999999999e+001	
  5.4316000000000000e+009	 -2.1229489999999998e+001	
  5.4322000000000000e+009	 -2.1170900000000000e+001	
  5.4328000000000000e+009	 -2.1118160000000000e+001	
  5.4334000000000000e+009	 -2.1118160000000000e+001	
  5.4340000000000000e+009	 -2.1008790000000001e+001	
  5.4346000000000000e+009	 -2.1014650000000000e+001	
  5.4352000000000000e+009	 -2.0845700000000001e+001	
  5.4358000000000000e+009	 -2.0857420000000001e+001	
  5.4364000000000000e+009	 -2.0734369999999998e+001	
  5.4370000000000000e+009	 -2.0709959999999999e+001	
  5.4376000000000000e+009	 -2.0562500000000000e+001	
  5.4382000000000000e+009	 -2.0531250000000000e+001	
  5.4388000000000000e+009	 -2.0499020000000002e+001	
  5.4394000000000000e+009	 -2.0398440000000001e+001	
  5.4400000000000000e+009	 -2.0376950000000001e+001	
  5.4406000000000000e+009	 -2.0296869999999998e+001	
  5.4412000000000000e+009	 -2.0104489999999998e+001	
  5.4418000000000000e+009	 -2.0105470000000000e+001	
  5.4424000000000000e+009	 -2.0046869999999998e+001	
  5.4430000000000000e+009	 -2.0017579999999999e+001	
  5.4436000000000000e+009	 -1.9946290000000001e+001	
  5.4442000000000000e+009	 -1.9934570000000001e+001	
  5.4448000000000000e+009	 -1.9839839999999999e+001	
  5.4454000000000000e+009	 -1.9833010000000002e+001	
  5.4460000000000000e+009	 -1.9745120000000000e+001	
  5.4466000000000000e+009	 -1.9732420000000001e+001	
  5.4472000000000000e+009	 -1.9698239999999998e+001	
  5.4478000000000000e+009	 -1.9617190000000001e+001	
  5.4484000000000000e+009	 -1.9611329999999999e+001	
  5.4490000000000000e+009	 -1.9541020000000000e+001	
  5.4496000000000000e+009	 -1.9502929999999999e+001	
  5.4502000000000000e+009	 -1.9437500000000000e+001	
  5.4508000000000000e+009	 -1.9413080000000001e+001	
  5.4514000000000000e+009	 -1.9365230000000000e+001	
  5.4520000000000000e+009	 -1.9376950000000001e+001	
  5.4526000000000000e+009	 -1.9342770000000002e+001	
  5.4532000000000000e+009	 -1.9328119999999998e+001	
  5.4538000000000000e+009	 -1.9289059999999999e+001	
  5.4544000000000000e+009	 -1.9291010000000000e+001	
  5.4550000000000000e+009	 -1.9252929999999999e+001	
  5.4556000000000000e+009	 -1.9219729999999998e+001	
  5.4562000000000000e+009	 -1.9186520000000002e+001	
  5.4568000000000000e+009	 -1.9175780000000000e+001	
  5.4574000000000000e+009	 -1.9191410000000001e+001	
  5.4580000000000000e+009	 -1.9182620000000000e+001	
  5.4586000000000000e+009	 -1.9199220000000000e+001	
  5.4592000000000000e+009	 -1.9170900000000000e+001	
  5.4598000000000000e+009	 -1.9251950000000001e+001	
  5.4604000000000000e+009	 -1.9175780000000000e+001	
  5.4610000000000000e+009	 -1.9125979999999998e+001	
  5.4616000000000000e+009	 -1.9156250000000000e+001	
  5.4622000000000000e+009	 -1.9129880000000000e+001	
  5.4628000000000000e+009	 -1.9111329999999999e+001	
  5.4634000000000000e+009	 -1.9159179999999999e+001	
  5.4640000000000000e+009	 -1.9081050000000001e+001	
  5.4646000000000000e+009	 -1.9161130000000000e+001	
  5.4652000000000000e+009	 -1.9090820000000001e+001	
  5.4658000000000000e+009	 -1.9118160000000000e+001	
  5.4664000000000000e+009	 -1.9163080000000001e+001	
  5.4670000000000000e+009	 -1.9133790000000001e+001	
  5.4676000000000000e+009	 -1.9127929999999999e+001	
  5.4682000000000000e+009	 -1.9120120000000000e+001	
  5.4688000000000000e+009	 -1.9108400000000000e+001	
  5.4694000000000000e+009	 -1.9016600000000000e+001	
  5.4700000000000000e+009	 -1.9061520000000002e+001	
  5.4706000000000000e+009	 -1.9136720000000000e+001	
  5.4712000000000000e+009	 -1.9136720000000000e+001	
  5.4718000000000000e+009	 -1.9061520000000002e+001	
  5.4724000000000000e+009	 -1.9066410000000001e+001	
  5.4730000000000000e+009	 -1.9124020000000002e+001	
  5.4736000000000000e+009	 -1.9075189999999999e+001	
  5.4742000000000000e+009	 -1.9082030000000000e+001	
  5.4748000000000000e+009	 -1.9085940000000001e+001	
  5.4754000000000000e+009	 -1.9073239999999998e+001	
  5.4760000000000000e+009	 -1.9080079999999999e+001	
  5.4766000000000000e+009	 -1.9093750000000000e+001	
  5.4772000000000000e+009	 -1.9050780000000000e+001	
  5.4778000000000000e+009	 -1.9050780000000000e+001	
  5.4784000000000000e+009	 -1.9035160000000001e+001	
  5.4790000000000000e+009	 -1.9043939999999999e+001	
  5.4796000000000000e+009	 -1.9034179999999999e+001	
  5.4802000000000000e+009	 -1.9002929999999999e+001	
  5.4808000000000000e+009	 -1.9006830000000001e+001	
  5.4814000000000000e+009	 -1.8996089999999999e+001	
  5.4820000000000000e+009	 -1.8999020000000002e+001	
  5.4826000000000000e+009	 -1.8992190000000001e+001	
  5.4832000000000000e+009	 -1.8978510000000000e+001	
  5.4838000000000000e+009	 -1.8966799999999999e+001	
  5.4844000000000000e+009	 -1.8967770000000002e+001	
  5.4850000000000000e+009	 -1.8938469999999999e+001	
  5.4856000000000000e+009	 -1.8927730000000000e+001	
  5.4862000000000000e+009	 -1.8953119999999998e+001	
  5.4868000000000000e+009	 -1.8918939999999999e+001	
  5.4874000000000000e+009	 -1.8891600000000000e+001	
  5.4880000000000000e+009	 -1.8905270000000002e+001	
  5.4886000000000000e+009	 -1.8880859999999998e+001	
  5.4892000000000000e+009	 -1.8897459999999999e+001	
  5.4898000000000000e+009	 -1.8894530000000000e+001	
  5.4904000000000000e+009	 -1.8858400000000000e+001	
  5.4910000000000000e+009	 -1.8871089999999999e+001	
  5.4916000000000000e+009	 -1.8848630000000000e+001	
  5.4922000000000000e+009	 -1.8784179999999999e+001	
  5.4928000000000000e+009	 -1.8813479999999998e+001	
  5.4934000000000000e+009	 -1.8842770000000002e+001	
  5.4940000000000000e+009	 -1.8771480000000000e+001	
  5.4946000000000000e+009	 -1.8754880000000000e+001	
  5.4952000000000000e+009	 -1.8641600000000000e+001	
  5.4958000000000000e+009	 -1.8693359999999998e+001	
  5.4964000000000000e+009	 -1.8692380000000000e+001	
  5.4970000000000000e+009	 -1.8671880000000002e+001	
  5.4976000000000000e+009	 -1.8526370000000000e+001	
  5.4982000000000000e+009	 -1.8498049999999999e+001	
  5.4988000000000000e+009	 -1.8518550000000001e+001	
  5.4994000000000000e+009	 -1.8474609999999998e+001	
  5.5000000000000000e+009	 -1.8449220000000000e+001	
