  3.5000000000000000e+009	 -2.2016600000000000e+001	
  3.5022000000000000e+009	 -2.2460940000000001e+001	
  3.5044000000000000e+009	 -2.2831050000000001e+001	
  3.5066000000000000e+009	 -2.3177730000000000e+001	
  3.5088000000000000e+009	 -2.3438479999999998e+001	
  3.5110000000000000e+009	 -2.3706050000000001e+001	
  3.5132000000000000e+009	 -2.3896480000000000e+001	
  3.5154000000000000e+009	 -2.4050780000000000e+001	
  3.5176000000000000e+009	 -2.4129880000000000e+001	
  3.5198000000000000e+009	 -2.4149410000000000e+001	
  3.5220000000000000e+009	 -2.4297850000000000e+001	
  3.5242000000000000e+009	 -2.4266600000000000e+001	
  3.5264000000000000e+009	 -2.4453130000000002e+001	
  3.5286000000000000e+009	 -2.4580079999999999e+001	
  3.5308000000000000e+009	 -2.4668939999999999e+001	
  3.5330000000000000e+009	 -2.4800780000000000e+001	
  3.5352000000000000e+009	 -2.5013670000000001e+001	
  3.5374000000000000e+009	 -2.5191400000000002e+001	
  3.5396000000000000e+009	 -2.5458980000000000e+001	
  3.5418000000000000e+009	 -2.5674800000000001e+001	
  3.5440000000000000e+009	 -2.5982420000000001e+001	
  3.5462000000000000e+009	 -2.6390619999999998e+001	
  3.5484000000000000e+009	 -2.6627929999999999e+001	
  3.5506000000000000e+009	 -2.6920900000000000e+001	
  3.5528000000000000e+009	 -2.7265630000000002e+001	
  3.5550000000000000e+009	 -2.7579100000000000e+001	
  3.5572000000000000e+009	 -2.7784179999999999e+001	
  3.5594000000000000e+009	 -2.7918939999999999e+001	
  3.5616000000000000e+009	 -2.7783200000000001e+001	
  3.5638000000000000e+009	 -2.7698239999999998e+001	
  3.5660000000000000e+009	 -2.7698239999999998e+001	
  3.5682000000000000e+009	 -2.7723630000000000e+001	
  3.5704000000000000e+009	 -2.7710930000000001e+001	
  3.5726000000000000e+009	 -2.7658200000000001e+001	
  3.5748000000000000e+009	 -2.7574210000000001e+001	
  3.5770000000000000e+009	 -2.7452140000000000e+001	
  3.5792000000000000e+009	 -2.7214839999999999e+001	
  3.5814000000000000e+009	 -2.6986329999999999e+001	
  3.5836000000000000e+009	 -2.6824220000000000e+001	
  3.5858000000000000e+009	 -2.6589839999999999e+001	
  3.5880000000000000e+009	 -2.6383790000000001e+001	
  3.5902000000000000e+009	 -2.6226559999999999e+001	
  3.5924000000000000e+009	 -2.6125000000000000e+001	
  3.5946000000000000e+009	 -2.5977540000000001e+001	
  3.5968000000000000e+009	 -2.5949220000000000e+001	
  3.5990000000000000e+009	 -2.5997070000000001e+001	
  3.6012000000000000e+009	 -2.6050780000000000e+001	
  3.6034000000000000e+009	 -2.6146480000000000e+001	
  3.6056000000000000e+009	 -2.6287109999999998e+001	
  3.6078000000000000e+009	 -2.6328130000000002e+001	
  3.6100000000000000e+009	 -2.6545900000000000e+001	
  3.6122000000000000e+009	 -2.6594719999999999e+001	
  3.6144000000000000e+009	 -2.6742190000000001e+001	
  3.6166000000000000e+009	 -2.6926760000000002e+001	
  3.6188000000000000e+009	 -2.6899410000000000e+001	
  3.6210000000000000e+009	 -2.6882809999999999e+001	
  3.6232000000000000e+009	 -2.6832999999999998e+001	
  3.6254000000000000e+009	 -2.6890619999999998e+001	
  3.6276000000000000e+009	 -2.6797850000000000e+001	
  3.6298000000000000e+009	 -2.6722660000000001e+001	
  3.6320000000000000e+009	 -2.6614260000000002e+001	
  3.6342000000000000e+009	 -2.6530270000000002e+001	
  3.6364000000000000e+009	 -2.6372070000000001e+001	
  3.6386000000000000e+009	 -2.6220700000000001e+001	
  3.6408000000000000e+009	 -2.6094719999999999e+001	
  3.6430000000000000e+009	 -2.5917970000000000e+001	
  3.6452000000000000e+009	 -2.5661130000000000e+001	
  3.6474000000000000e+009	 -2.5416010000000000e+001	
  3.6496000000000000e+009	 -2.5204100000000000e+001	
  3.6518000000000000e+009	 -2.4909179999999999e+001	
  3.6540000000000000e+009	 -2.4629880000000000e+001	
  3.6562000000000000e+009	 -2.4387689999999999e+001	
  3.6584000000000000e+009	 -2.4106449999999999e+001	
  3.6606000000000000e+009	 -2.3783200000000001e+001	
  3.6628000000000000e+009	 -2.3514650000000000e+001	
  3.6650000000000000e+009	 -2.3276370000000000e+001	
  3.6672000000000000e+009	 -2.3043939999999999e+001	
  3.6694000000000000e+009	 -2.2881840000000000e+001	
  3.6716000000000000e+009	 -2.2729489999999998e+001	
  3.6738000000000000e+009	 -2.2543949999999999e+001	
  3.6760000000000000e+009	 -2.2575189999999999e+001	
  3.6782000000000000e+009	 -2.2626950000000001e+001	
  3.6804000000000000e+009	 -2.2549810000000001e+001	
  3.6826000000000000e+009	 -2.2539059999999999e+001	
  3.6848000000000000e+009	 -2.2601559999999999e+001	
  3.6870000000000000e+009	 -2.2610350000000000e+001	
  3.6892000000000000e+009	 -2.2564450000000001e+001	
  3.6914000000000000e+009	 -2.2526360000000000e+001	
  3.6936000000000000e+009	 -2.2435549999999999e+001	
  3.6958000000000000e+009	 -2.2308589999999999e+001	
  3.6980000000000000e+009	 -2.2195309999999999e+001	
  3.7002000000000000e+009	 -2.2003900000000002e+001	
  3.7024000000000000e+009	 -2.1811520000000002e+001	
  3.7046000000000000e+009	 -2.1654299999999999e+001	
  3.7068000000000000e+009	 -2.1349609999999998e+001	
  3.7090000000000000e+009	 -2.1084959999999999e+001	
  3.7112000000000000e+009	 -2.0695309999999999e+001	
  3.7134000000000000e+009	 -2.0354489999999998e+001	
  3.7156000000000000e+009	 -2.0011720000000000e+001	
  3.7178000000000000e+009	 -1.9677730000000000e+001	
  3.7200000000000000e+009	 -1.9361329999999999e+001	
  3.7222000000000000e+009	 -1.9059570000000001e+001	
  3.7244000000000000e+009	 -1.8845700000000001e+001	
  3.7266000000000000e+009	 -1.8559570000000001e+001	
  3.7288000000000000e+009	 -1.8290040000000001e+001	
  3.7310000000000000e+009	 -1.7956050000000001e+001	
  3.7332000000000000e+009	 -1.7726559999999999e+001	
  3.7354000000000000e+009	 -1.7466799999999999e+001	
  3.7376000000000000e+009	 -1.7392579999999999e+001	
  3.7398000000000000e+009	 -1.7202150000000000e+001	
  3.7420000000000000e+009	 -1.7174800000000001e+001	
  3.7442000000000000e+009	 -1.7149410000000000e+001	
  3.7464000000000000e+009	 -1.7297850000000000e+001	
  3.7486000000000000e+009	 -1.7440429999999999e+001	
  3.7508000000000000e+009	 -1.7637689999999999e+001	
  3.7530000000000000e+009	 -1.7827150000000000e+001	
  3.7552000000000000e+009	 -1.8000969999999999e+001	
  3.7574000000000000e+009	 -1.8217770000000002e+001	
  3.7596000000000000e+009	 -1.8504880000000000e+001	
  3.7618000000000000e+009	 -1.8638670000000001e+001	
  3.7640000000000000e+009	 -1.8838870000000000e+001	
  3.7662000000000000e+009	 -1.9000979999999998e+001	
  3.7684000000000000e+009	 -1.9115230000000000e+001	
  3.7706000000000000e+009	 -1.9232420000000001e+001	
  3.7728000000000000e+009	 -1.9191410000000001e+001	
  3.7750000000000000e+009	 -1.9191410000000001e+001	
  3.7772000000000000e+009	 -1.9123049999999999e+001	
  3.7794000000000000e+009	 -1.9005859999999998e+001	
  3.7816000000000000e+009	 -1.8851559999999999e+001	
  3.7838000000000000e+009	 -1.8698239999999998e+001	
  3.7860000000000000e+009	 -1.8441410000000001e+001	
  3.7882000000000000e+009	 -1.8287109999999998e+001	
  3.7904000000000000e+009	 -1.8125000000000000e+001	
  3.7926000000000000e+009	 -1.7980470000000000e+001	
  3.7948000000000000e+009	 -1.7861329999999999e+001	
  3.7970000000000000e+009	 -1.7785160000000001e+001	
  3.7992000000000000e+009	 -1.7803709999999999e+001	
  3.8014000000000000e+009	 -1.7866209999999999e+001	
  3.8036000000000000e+009	 -1.7948239999999998e+001	
  3.8058000000000000e+009	 -1.8059570000000001e+001	
  3.8080000000000000e+009	 -1.8194330000000001e+001	
  3.8102000000000000e+009	 -1.8338870000000000e+001	
  3.8124000000000000e+009	 -1.8506830000000001e+001	
  3.8146000000000000e+009	 -1.8591790000000000e+001	
  3.8168000000000000e+009	 -1.8738280000000000e+001	
  3.8190000000000000e+009	 -1.8891600000000000e+001	
  3.8212000000000000e+009	 -1.8995120000000000e+001	
  3.8234000000000000e+009	 -1.8953119999999998e+001	
  3.8256000000000000e+009	 -1.9011720000000000e+001	
  3.8278000000000000e+009	 -1.9108400000000000e+001	
  3.8300000000000000e+009	 -1.8967770000000002e+001	
  3.8322000000000000e+009	 -1.8960940000000001e+001	
  3.8344000000000000e+009	 -1.8935549999999999e+001	
  3.8366000000000000e+009	 -1.8842770000000002e+001	
  3.8388000000000000e+009	 -1.8691410000000001e+001	
  3.8410000000000000e+009	 -1.8538080000000001e+001	
  3.8432000000000000e+009	 -1.8332030000000000e+001	
  3.8454000000000000e+009	 -1.8122070000000001e+001	
  3.8476000000000000e+009	 -1.7936520000000002e+001	
  3.8498000000000000e+009	 -1.7690429999999999e+001	
  3.8520000000000000e+009	 -1.7425780000000000e+001	
  3.8542000000000000e+009	 -1.7183589999999999e+001	
  3.8564000000000000e+009	 -1.6889650000000000e+001	
  3.8586000000000000e+009	 -1.6581050000000001e+001	
  3.8608000000000000e+009	 -1.6260739999999998e+001	
  3.8630000000000000e+009	 -1.6062500000000000e+001	
  3.8652000000000000e+009	 -1.5862299999999999e+001	
  3.8674000000000000e+009	 -1.5701660000000000e+001	
  3.8696000000000000e+009	 -1.5551270000000001e+001	
  3.8718000000000000e+009	 -1.5485350000000000e+001	
  3.8740000000000000e+009	 -1.5424320000000000e+001	
  3.8762000000000000e+009	 -1.5410640000000001e+001	
  3.8784000000000000e+009	 -1.5567869999999999e+001	
  3.8806000000000000e+009	 -1.5657230000000000e+001	
  3.8828000000000000e+009	 -1.5693849999999999e+001	
  3.8850000000000000e+009	 -1.5937989999999999e+001	
  3.8872000000000000e+009	 -1.6181640000000002e+001	
  3.8894000000000000e+009	 -1.6374020000000002e+001	
  3.8916000000000000e+009	 -1.6583980000000000e+001	
  3.8938000000000000e+009	 -1.6775390000000002e+001	
  3.8960000000000000e+009	 -1.7013670000000001e+001	
  3.8982000000000000e+009	 -1.7188479999999998e+001	
  3.9004000000000000e+009	 -1.7324220000000000e+001	
  3.9026000000000000e+009	 -1.7462890000000002e+001	
  3.9048000000000000e+009	 -1.7604489999999998e+001	
  3.9070000000000000e+009	 -1.7713870000000000e+001	
  3.9092000000000000e+009	 -1.7693359999999998e+001	
  3.9114000000000000e+009	 -1.7802730000000000e+001	
  3.9136000000000000e+009	 -1.7768550000000001e+001	
  3.9158000000000000e+009	 -1.7859369999999998e+001	
  3.9180000000000000e+009	 -1.7791989999999998e+001	
  3.9202000000000000e+009	 -1.7856449999999999e+001	
  3.9224000000000000e+009	 -1.7863280000000000e+001	
  3.9246000000000000e+009	 -1.7862300000000001e+001	
  3.9268000000000000e+009	 -1.7819340000000000e+001	
  3.9290000000000000e+009	 -1.7727540000000001e+001	
  3.9312000000000000e+009	 -1.7696290000000001e+001	
  3.9334000000000000e+009	 -1.7594729999999998e+001	
  3.9356000000000000e+009	 -1.7495120000000000e+001	
  3.9378000000000000e+009	 -1.7369140000000002e+001	
  3.9400000000000000e+009	 -1.7303709999999999e+001	
  3.9422000000000000e+009	 -1.7215820000000001e+001	
  3.9444000000000000e+009	 -1.7145510000000002e+001	
  3.9466000000000000e+009	 -1.7204100000000000e+001	
  3.9488000000000000e+009	 -1.7218750000000000e+001	
  3.9510000000000000e+009	 -1.7311520000000002e+001	
  3.9532000000000000e+009	 -1.7452150000000000e+001	
  3.9554000000000000e+009	 -1.7653320000000001e+001	
  3.9576000000000000e+009	 -1.7888670000000001e+001	
  3.9598000000000000e+009	 -1.8120120000000000e+001	
  3.9620000000000000e+009	 -1.8391600000000000e+001	
  3.9642000000000000e+009	 -1.8642579999999999e+001	
  3.9664000000000000e+009	 -1.8801760000000002e+001	
  3.9686000000000000e+009	 -1.9001950000000001e+001	
  3.9708000000000000e+009	 -1.9204100000000000e+001	
  3.9730000000000000e+009	 -1.9342770000000002e+001	
  3.9752000000000000e+009	 -1.9392579999999999e+001	
  3.9774000000000000e+009	 -1.9380859999999998e+001	
  3.9796000000000000e+009	 -1.9338870000000000e+001	
  3.9818000000000000e+009	 -1.9130859999999998e+001	
  3.9840000000000000e+009	 -1.9013670000000001e+001	
  3.9862000000000000e+009	 -1.8790040000000001e+001	
  3.9884000000000000e+009	 -1.8513670000000001e+001	
  3.9906000000000000e+009	 -1.8233400000000000e+001	
  3.9928000000000000e+009	 -1.7919920000000001e+001	
  3.9950000000000000e+009	 -1.7626950000000001e+001	
  3.9972000000000000e+009	 -1.7317380000000000e+001	
  3.9994000000000000e+009	 -1.7110350000000000e+001	
  4.0016000000000000e+009	 -1.6809570000000001e+001	
  4.0038000000000000e+009	 -1.6614260000000002e+001	
  4.0060000000000000e+009	 -1.6496089999999999e+001	
  4.0082000000000000e+009	 -1.6402339999999999e+001	
  4.0104000000000000e+009	 -1.6347660000000001e+001	
  4.0126000000000000e+009	 -1.6343750000000000e+001	
  4.0148000000000000e+009	 -1.6455079999999999e+001	
  4.0170000000000000e+009	 -1.6496089999999999e+001	
  4.0192000000000000e+009	 -1.6591799999999999e+001	
  4.0214000000000000e+009	 -1.6711910000000000e+001	
  4.0236000000000000e+009	 -1.6797850000000000e+001	
  4.0258000000000000e+009	 -1.6874020000000002e+001	
  4.0280000000000000e+009	 -1.6984369999999998e+001	
  4.0302000000000000e+009	 -1.6978510000000000e+001	
  4.0324000000000000e+009	 -1.6982420000000001e+001	
  4.0346000000000000e+009	 -1.6984369999999998e+001	
  4.0368000000000000e+009	 -1.6880859999999998e+001	
  4.0390000000000000e+009	 -1.6801760000000002e+001	
  4.0412000000000000e+009	 -1.6598630000000000e+001	
  4.0434000000000000e+009	 -1.6414059999999999e+001	
  4.0456000000000000e+009	 -1.6201170000000001e+001	
  4.0478000000000000e+009	 -1.5911619999999999e+001	
  4.0500000000000000e+009	 -1.5655760000000001e+001	
  4.0522000000000000e+009	 -1.5306150000000001e+001	
  4.0544000000000000e+009	 -1.4982910000000000e+001	
  4.0566000000000000e+009	 -1.4662110000000000e+001	
  4.0588000000000000e+009	 -1.4338870000000000e+001	
  4.0610000000000000e+009	 -1.4050780000000000e+001	
  4.0632000000000000e+009	 -1.3781739999999999e+001	
  4.0654000000000000e+009	 -1.3497560000000000e+001	
  4.0676000000000000e+009	 -1.3314450000000001e+001	
  4.0698000000000000e+009	 -1.3010249999999999e+001	
  4.0720000000000000e+009	 -1.2930180000000000e+001	
  4.0742000000000000e+009	 -1.2792479999999999e+001	
  4.0764000000000000e+009	 -1.2642090000000000e+001	
  4.0786000000000000e+009	 -1.2486330000000001e+001	
  4.0808000000000000e+009	 -1.2354979999999999e+001	
  4.0830000000000000e+009	 -1.2232419999999999e+001	
  4.0852000000000000e+009	 -1.2106450000000001e+001	
  4.0874000000000000e+009	 -1.1935060000000000e+001	
  4.0896000000000000e+009	 -1.1827640000000001e+001	
  4.0918000000000000e+009	 -1.1656250000000000e+001	
  4.0940000000000000e+009	 -1.1546880000000000e+001	
  4.0962000000000000e+009	 -1.1430180000000000e+001	
  4.0984000000000000e+009	 -1.1377929999999999e+001	
  4.1006000000000000e+009	 -1.1283200000000001e+001	
  4.1028000000000000e+009	 -1.1313960000000000e+001	
  4.1050000000000000e+009	 -1.1288090000000000e+001	
  4.1072000000000000e+009	 -1.1347170000000000e+001	
  4.1094000000000000e+009	 -1.1385740000000000e+001	
  4.1116000000000000e+009	 -1.1540039999999999e+001	
  4.1138000000000000e+009	 -1.1740230000000000e+001	
  4.1160000000000000e+009	 -1.1903320000000001e+001	
  4.1182000000000000e+009	 -1.2188960000000000e+001	
  4.1204000000000000e+009	 -1.2413090000000000e+001	
  4.1226000000000000e+009	 -1.2778810000000000e+001	
  4.1248000000000000e+009	 -1.3029299999999999e+001	
  4.1270000000000000e+009	 -1.3346679999999999e+001	
  4.1292000000000000e+009	 -1.3613280000000000e+001	
  4.1314000000000000e+009	 -1.3897950000000000e+001	
  4.1336000000000000e+009	 -1.4180180000000000e+001	
  4.1358000000000000e+009	 -1.4412599999999999e+001	
  4.1380000000000000e+009	 -1.4628909999999999e+001	
  4.1402000000000000e+009	 -1.4842290000000000e+001	
  4.1424000000000000e+009	 -1.5004390000000001e+001	
  4.1446000000000000e+009	 -1.5105960000000000e+001	
  4.1468000000000000e+009	 -1.5325680000000000e+001	
  4.1490000000000000e+009	 -1.5467770000000000e+001	
  4.1512000000000000e+009	 -1.5654299999999999e+001	
  4.1534000000000000e+009	 -1.5801270000000001e+001	
  4.1556000000000000e+009	 -1.5895510000000000e+001	
  4.1578000000000000e+009	 -1.5881840000000000e+001	
  4.1600000000000000e+009	 -1.5708500000000001e+001	
  4.1622000000000000e+009	 -1.5521480000000000e+001	
  4.1644000000000000e+009	 -1.5152830000000000e+001	
  4.1666000000000000e+009	 -1.4779790000000000e+001	
  4.1688000000000000e+009	 -1.4384770000000000e+001	
  4.1710000000000000e+009	 -1.4010740000000000e+001	
  4.1732000000000000e+009	 -1.3796880000000000e+001	
  4.1754000000000000e+009	 -1.3559570000000001e+001	
  4.1776000000000000e+009	 -1.3561520000000000e+001	
  4.1798000000000000e+009	 -1.3607419999999999e+001	
  4.1820000000000000e+009	 -1.3754880000000000e+001	
  4.1842000000000000e+009	 -1.3990720000000000e+001	
  4.1864000000000000e+009	 -1.4231930000000000e+001	
  4.1886000000000000e+009	 -1.4429690000000001e+001	
  4.1908000000000000e+009	 -1.4654790000000000e+001	
  4.1930000000000000e+009	 -1.4851070000000000e+001	
  4.1952000000000000e+009	 -1.5024900000000001e+001	
  4.1974000000000000e+009	 -1.5200200000000001e+001	
  4.1996000000000000e+009	 -1.5331049999999999e+001	
  4.2018000000000000e+009	 -1.5410159999999999e+001	
  4.2040000000000000e+009	 -1.5512700000000001e+001	
  4.2062000000000000e+009	 -1.5567380000000000e+001	
  4.2084000000000000e+009	 -1.5643070000000000e+001	
  4.2106000000000000e+009	 -1.5701660000000000e+001	
  4.2128000000000000e+009	 -1.5807130000000001e+001	
  4.2150000000000000e+009	 -1.6008790000000001e+001	
  4.2172000000000000e+009	 -1.6133790000000001e+001	
  4.2194000000000000e+009	 -1.6346679999999999e+001	
  4.2216000000000000e+009	 -1.6583010000000002e+001	
  4.2238000000000000e+009	 -1.6894530000000000e+001	
  4.2260000000000000e+009	 -1.7283200000000001e+001	
  4.2282000000000000e+009	 -1.7717770000000002e+001	
  4.2304000000000000e+009	 -1.8197260000000000e+001	
  4.2326000000000000e+009	 -1.8645510000000002e+001	
  4.2348000000000000e+009	 -1.8975580000000001e+001	
  4.2370000000000000e+009	 -1.9440429999999999e+001	
  4.2392000000000000e+009	 -1.9645510000000002e+001	
  4.2414000000000000e+009	 -1.9964839999999999e+001	
  4.2436000000000000e+009	 -2.0193359999999998e+001	
  4.2458000000000000e+009	 -2.0350580000000001e+001	
  4.2480000000000000e+009	 -2.0551760000000002e+001	
  4.2502000000000000e+009	 -2.0622070000000001e+001	
  4.2524000000000000e+009	 -2.0704100000000000e+001	
  4.2546000000000000e+009	 -2.0753900000000002e+001	
  4.2568000000000000e+009	 -2.0781250000000000e+001	
  4.2590000000000000e+009	 -2.0801760000000002e+001	
  4.2612000000000000e+009	 -2.0805660000000000e+001	
  4.2634000000000000e+009	 -2.0826170000000001e+001	
  4.2656000000000000e+009	 -2.0879880000000000e+001	
  4.2678000000000000e+009	 -2.0941410000000001e+001	
  4.2700000000000000e+009	 -2.1032219999999999e+001	
  4.2722000000000000e+009	 -2.1123049999999999e+001	
  4.2744000000000000e+009	 -2.1281250000000000e+001	
  4.2766000000000000e+009	 -2.1384760000000000e+001	
  4.2788000000000000e+009	 -2.1520499999999998e+001	
  4.2810000000000000e+009	 -2.1614260000000002e+001	
  4.2832000000000000e+009	 -2.1706050000000001e+001	
  4.2854000000000000e+009	 -2.1775390000000002e+001	
  4.2876000000000000e+009	 -2.1797850000000000e+001	
  4.2898000000000000e+009	 -2.1797850000000000e+001	
  4.2920000000000000e+009	 -2.1782229999999998e+001	
  4.2942000000000000e+009	 -2.1803709999999999e+001	
  4.2964000000000000e+009	 -2.1734380000000002e+001	
  4.2986000000000000e+009	 -2.1734380000000002e+001	
  4.3008000000000000e+009	 -2.1840820000000001e+001	
  4.3030000000000000e+009	 -2.1906250000000000e+001	
  4.3052000000000000e+009	 -2.2058589999999999e+001	
  4.3074000000000000e+009	 -2.2310549999999999e+001	
  4.3096000000000000e+009	 -2.2548829999999999e+001	
  4.3118000000000000e+009	 -2.2833010000000002e+001	
  4.3140000000000000e+009	 -2.3152339999999999e+001	
  4.3162000000000000e+009	 -2.3521490000000000e+001	
  4.3184000000000000e+009	 -2.3857420000000001e+001	
  4.3206000000000000e+009	 -2.4181640000000002e+001	
  4.3228000000000000e+009	 -2.4432620000000000e+001	
  4.3250000000000000e+009	 -2.4617190000000001e+001	
  4.3272000000000000e+009	 -2.4806640000000002e+001	
  4.3294000000000000e+009	 -2.4861329999999999e+001	
  4.3316000000000000e+009	 -2.4870110000000000e+001	
  4.3338000000000000e+009	 -2.4820309999999999e+001	
  4.3360000000000000e+009	 -2.4713860000000000e+001	
  4.3382000000000000e+009	 -2.4480470000000000e+001	
  4.3404000000000000e+009	 -2.4288080000000001e+001	
  4.3426000000000000e+009	 -2.4053709999999999e+001	
  4.3448000000000000e+009	 -2.3751950000000001e+001	
  4.3470000000000000e+009	 -2.3531250000000000e+001	
  4.3492000000000000e+009	 -2.3310549999999999e+001	
  4.3514000000000000e+009	 -2.3146480000000000e+001	
  4.3536000000000000e+009	 -2.3007809999999999e+001	
  4.3558000000000000e+009	 -2.2964839999999999e+001	
  4.3580000000000000e+009	 -2.3083980000000000e+001	
  4.3602000000000000e+009	 -2.3133790000000001e+001	
  4.3624000000000000e+009	 -2.3350590000000000e+001	
  4.3646000000000000e+009	 -2.3534179999999999e+001	
  4.3668000000000000e+009	 -2.3796869999999998e+001	
  4.3690000000000000e+009	 -2.4078119999999998e+001	
  4.3712000000000000e+009	 -2.4445309999999999e+001	
  4.3734000000000000e+009	 -2.4709959999999999e+001	
  4.3756000000000000e+009	 -2.5018550000000001e+001	
  4.3778000000000000e+009	 -2.5259760000000000e+001	
  4.3800000000000000e+009	 -2.5493160000000000e+001	
  4.3822000000000000e+009	 -2.5698239999999998e+001	
  4.3844000000000000e+009	 -2.5866209999999999e+001	
  4.3866000000000000e+009	 -2.5990230000000000e+001	
  4.3888000000000000e+009	 -2.6082030000000000e+001	
  4.3910000000000000e+009	 -2.6118160000000000e+001	
  4.3932000000000000e+009	 -2.6123049999999999e+001	
  4.3954000000000000e+009	 -2.6138670000000001e+001	
  4.3976000000000000e+009	 -2.6029299999999999e+001	
  4.3998000000000000e+009	 -2.5872070000000001e+001	
  4.4020000000000000e+009	 -2.5655270000000002e+001	
  4.4042000000000000e+009	 -2.5462890000000002e+001	
  4.4064000000000000e+009	 -2.5252929999999999e+001	
  4.4086000000000000e+009	 -2.5040040000000001e+001	
  4.4108000000000000e+009	 -2.4763670000000001e+001	
  4.4130000000000000e+009	 -2.4564450000000001e+001	
  4.4152000000000000e+009	 -2.4358400000000000e+001	
  4.4174000000000000e+009	 -2.4239249999999998e+001	
  4.4196000000000000e+009	 -2.4153320000000001e+001	
  4.4218000000000000e+009	 -2.4178709999999999e+001	
  4.4240000000000000e+009	 -2.4174800000000001e+001	
  4.4262000000000000e+009	 -2.4414059999999999e+001	
  4.4284000000000000e+009	 -2.4523430000000001e+001	
  4.4306000000000000e+009	 -2.4837890000000002e+001	
  4.4328000000000000e+009	 -2.5013670000000001e+001	
  4.4350000000000000e+009	 -2.5300780000000000e+001	
  4.4372000000000000e+009	 -2.5498049999999999e+001	
  4.4394000000000000e+009	 -2.5650390000000002e+001	
  4.4416000000000000e+009	 -2.5809570000000001e+001	
  4.4438000000000000e+009	 -2.5958980000000000e+001	
  4.4460000000000000e+009	 -2.6005859999999998e+001	
  4.4482000000000000e+009	 -2.6066400000000002e+001	
  4.4504000000000000e+009	 -2.6050780000000000e+001	
  4.4526000000000000e+009	 -2.5958980000000000e+001	
  4.4548000000000000e+009	 -2.5947270000000000e+001	
  4.4570000000000000e+009	 -2.5856439999999999e+001	
  4.4592000000000000e+009	 -2.5749020000000002e+001	
  4.4614000000000000e+009	 -2.5674800000000001e+001	
  4.4636000000000000e+009	 -2.5587890000000002e+001	
  4.4658000000000000e+009	 -2.5519530000000000e+001	
  4.4680000000000000e+009	 -2.5510739999999998e+001	
  4.4702000000000000e+009	 -2.5533200000000001e+001	
  4.4724000000000000e+009	 -2.5557610000000000e+001	
  4.4746000000000000e+009	 -2.5528320000000001e+001	
  4.4768000000000000e+009	 -2.5572260000000000e+001	
  4.4790000000000000e+009	 -2.5541989999999998e+001	
  4.4812000000000000e+009	 -2.5458980000000000e+001	
  4.4834000000000000e+009	 -2.5421869999999998e+001	
  4.4856000000000000e+009	 -2.5261720000000000e+001	
  4.4878000000000000e+009	 -2.5148430000000001e+001	
  4.4900000000000000e+009	 -2.4975590000000000e+001	
  4.4922000000000000e+009	 -2.4750000000000000e+001	
  4.4944000000000000e+009	 -2.4652339999999999e+001	
  4.4966000000000000e+009	 -2.4422850000000000e+001	
  4.4988000000000000e+009	 -2.4227540000000001e+001	
  4.5010000000000000e+009	 -2.4223630000000000e+001	
  4.5032000000000000e+009	 -2.4133790000000001e+001	
  4.5054000000000000e+009	 -2.4168939999999999e+001	
  4.5076000000000000e+009	 -2.4285150000000002e+001	
  4.5098000000000000e+009	 -2.4445309999999999e+001	
  4.5120000000000000e+009	 -2.4632809999999999e+001	
  4.5142000000000000e+009	 -2.4837890000000002e+001	
  4.5164000000000000e+009	 -2.5044920000000001e+001	
  4.5186000000000000e+009	 -2.5199220000000000e+001	
  4.5208000000000000e+009	 -2.5392579999999999e+001	
  4.5230000000000000e+009	 -2.5382809999999999e+001	
  4.5252000000000000e+009	 -2.5289059999999999e+001	
  4.5274000000000000e+009	 -2.5133790000000001e+001	
  4.5296000000000000e+009	 -2.4895510000000002e+001	
  4.5318000000000000e+009	 -2.4355470000000000e+001	
  4.5340000000000000e+009	 -2.3745120000000000e+001	
  4.5362000000000000e+009	 -2.3659179999999999e+001	
  4.5384000000000000e+009	 -2.6107420000000001e+001	
  4.5406000000000000e+009	 -3.0194330000000001e+001	
  4.5428000000000000e+009	 -3.0599609999999998e+001	
  4.5450000000000000e+009	 -2.9391600000000000e+001	
  4.5472000000000000e+009	 -2.8367190000000001e+001	
  4.5494000000000000e+009	 -2.7527339999999999e+001	
  4.5516000000000000e+009	 -2.6838870000000000e+001	
  4.5538000000000000e+009	 -2.6362300000000001e+001	
  4.5560000000000000e+009	 -2.5909179999999999e+001	
  4.5582000000000000e+009	 -2.5692380000000000e+001	
  4.5604000000000000e+009	 -2.5470700000000001e+001	
  4.5626000000000000e+009	 -2.5374020000000002e+001	
  4.5648000000000000e+009	 -2.5278320000000001e+001	
  4.5670000000000000e+009	 -2.5374020000000002e+001	
  4.5692000000000000e+009	 -2.5448239999999998e+001	
  4.5714000000000000e+009	 -2.5567380000000000e+001	
  4.5736000000000000e+009	 -2.5744140000000002e+001	
  4.5758000000000000e+009	 -2.5921869999999998e+001	
  4.5780000000000000e+009	 -2.6069340000000000e+001	
  4.5802000000000000e+009	 -2.6296869999999998e+001	
  4.5824000000000000e+009	 -2.6421869999999998e+001	
  4.5846000000000000e+009	 -2.6510739999999998e+001	
  4.5868000000000000e+009	 -2.6628900000000002e+001	
  4.5890000000000000e+009	 -2.6573239999999998e+001	
  4.5912000000000000e+009	 -2.6572270000000000e+001	
  4.5934000000000000e+009	 -2.6509760000000000e+001	
  4.5956000000000000e+009	 -2.6428709999999999e+001	
  4.5978000000000000e+009	 -2.6300780000000000e+001	
  4.6000000000000000e+009	 -2.6145510000000002e+001	
  4.6022000000000000e+009	 -2.5949220000000000e+001	
  4.6044000000000000e+009	 -2.5670900000000000e+001	
  4.6066000000000000e+009	 -2.5406250000000000e+001	
  4.6088000000000000e+009	 -2.5091799999999999e+001	
  4.6110000000000000e+009	 -2.4809570000000001e+001	
  4.6132000000000000e+009	 -2.4551749999999998e+001	
  4.6154000000000000e+009	 -2.4305660000000000e+001	
  4.6176000000000000e+009	 -2.4130859999999998e+001	
  4.6198000000000000e+009	 -2.4021480000000000e+001	
  4.6220000000000000e+009	 -2.3879880000000000e+001	
  4.6242000000000000e+009	 -2.3912109999999998e+001	
  4.6264000000000000e+009	 -2.3962890000000002e+001	
  4.6286000000000000e+009	 -2.3966790000000000e+001	
  4.6308000000000000e+009	 -2.4041989999999998e+001	
  4.6330000000000000e+009	 -2.4173829999999999e+001	
  4.6352000000000000e+009	 -2.4209959999999999e+001	
  4.6374000000000000e+009	 -2.4311520000000002e+001	
  4.6396000000000000e+009	 -2.4349609999999998e+001	
  4.6418000000000000e+009	 -2.4375969999999999e+001	
  4.6440000000000000e+009	 -2.4359369999999998e+001	
  4.6462000000000000e+009	 -2.4358400000000000e+001	
  4.6484000000000000e+009	 -2.4329100000000000e+001	
  4.6506000000000000e+009	 -2.4260739999999998e+001	
  4.6528000000000000e+009	 -2.4207030000000000e+001	
  4.6550000000000000e+009	 -2.4091799999999999e+001	
  4.6572000000000000e+009	 -2.3958980000000000e+001	
  4.6594000000000000e+009	 -2.4035150000000002e+001	
  4.6616000000000000e+009	 -2.4081050000000001e+001	
  4.6638000000000000e+009	 -2.3991209999999999e+001	
  4.6660000000000000e+009	 -2.4000969999999999e+001	
  4.6682000000000000e+009	 -2.4046869999999998e+001	
  4.6704000000000000e+009	 -2.4077150000000000e+001	
  4.6726000000000000e+009	 -2.4071290000000001e+001	
  4.6748000000000000e+009	 -2.4097650000000002e+001	
  4.6770000000000000e+009	 -2.4078119999999998e+001	
  4.6792000000000000e+009	 -2.3958010000000002e+001	
  4.6814000000000000e+009	 -2.3879880000000000e+001	
  4.6836000000000000e+009	 -2.3768550000000001e+001	
  4.6858000000000000e+009	 -2.3639650000000000e+001	
  4.6880000000000000e+009	 -2.3432620000000000e+001	
  4.6902000000000000e+009	 -2.3175780000000000e+001	
  4.6924000000000000e+009	 -2.2929690000000001e+001	
  4.6946000000000000e+009	 -2.2708980000000000e+001	
  4.6968000000000000e+009	 -2.2460940000000001e+001	
  4.6990000000000000e+009	 -2.2246089999999999e+001	
  4.7012000000000000e+009	 -2.2085940000000001e+001	
  4.7034000000000000e+009	 -2.1991209999999999e+001	
  4.7056000000000000e+009	 -2.1901360000000000e+001	
  4.7078000000000000e+009	 -2.1837890000000002e+001	
  4.7100000000000000e+009	 -2.1692380000000000e+001	
  4.7122000000000000e+009	 -2.1730470000000000e+001	
  4.7144000000000000e+009	 -2.1950189999999999e+001	
  4.7166000000000000e+009	 -2.1980470000000000e+001	
  4.7188000000000000e+009	 -2.2137689999999999e+001	
  4.7210000000000000e+009	 -2.2296869999999998e+001	
  4.7232000000000000e+009	 -2.2497070000000001e+001	
  4.7254000000000000e+009	 -2.2575189999999999e+001	
  4.7276000000000000e+009	 -2.2641600000000000e+001	
  4.7298000000000000e+009	 -2.2732420000000001e+001	
  4.7320000000000000e+009	 -2.2740240000000000e+001	
  4.7342000000000000e+009	 -2.2693359999999998e+001	
  4.7364000000000000e+009	 -2.2617190000000001e+001	
  4.7386000000000000e+009	 -2.2537109999999998e+001	
  4.7408000000000000e+009	 -2.2368160000000000e+001	
  4.7430000000000000e+009	 -2.2098630000000000e+001	
  4.7452000000000000e+009	 -2.1908200000000001e+001	
  4.7474000000000000e+009	 -2.1708010000000002e+001	
  4.7496000000000000e+009	 -2.1385739999999998e+001	
  4.7518000000000000e+009	 -2.0996089999999999e+001	
  4.7540000000000000e+009	 -2.0623040000000000e+001	
  4.7562000000000000e+009	 -2.0355470000000000e+001	
  4.7584000000000000e+009	 -1.9989260000000002e+001	
  4.7606000000000000e+009	 -1.9739260000000002e+001	
  4.7628000000000000e+009	 -1.9403320000000001e+001	
  4.7650000000000000e+009	 -1.9174800000000001e+001	
  4.7672000000000000e+009	 -1.8976559999999999e+001	
  4.7694000000000000e+009	 -1.8849609999999998e+001	
  4.7716000000000000e+009	 -1.8781250000000000e+001	
  4.7738000000000000e+009	 -1.8795900000000000e+001	
  4.7760000000000000e+009	 -1.8847660000000001e+001	
  4.7782000000000000e+009	 -1.8966799999999999e+001	
  4.7804000000000000e+009	 -1.9019530000000000e+001	
  4.7826000000000000e+009	 -1.9146480000000000e+001	
  4.7848000000000000e+009	 -1.9208980000000000e+001	
  4.7870000000000000e+009	 -1.9339839999999999e+001	
  4.7892000000000000e+009	 -1.9321290000000001e+001	
  4.7914000000000000e+009	 -1.9287109999999998e+001	
  4.7936000000000000e+009	 -1.9253900000000002e+001	
  4.7958000000000000e+009	 -1.9069340000000000e+001	
  4.7980000000000000e+009	 -1.8831050000000001e+001	
  4.8002000000000000e+009	 -1.8539059999999999e+001	
  4.8024000000000000e+009	 -1.8204100000000000e+001	
  4.8046000000000000e+009	 -1.7792970000000000e+001	
  4.8068000000000000e+009	 -1.7345700000000001e+001	
  4.8090000000000000e+009	 -1.6795900000000000e+001	
  4.8112000000000000e+009	 -1.6426760000000002e+001	
  4.8134000000000000e+009	 -1.5936520000000000e+001	
  4.8156000000000000e+009	 -1.5478030000000000e+001	
  4.8178000000000000e+009	 -1.5055660000000000e+001	
  4.8200000000000000e+009	 -1.4789550000000000e+001	
  4.8222000000000000e+009	 -1.4381840000000000e+001	
  4.8244000000000000e+009	 -1.4120120000000000e+001	
  4.8266000000000000e+009	 -1.3890140000000001e+001	
  4.8288000000000000e+009	 -1.3671390000000001e+001	
  4.8310000000000000e+009	 -1.3476559999999999e+001	
  4.8332000000000000e+009	 -1.3229490000000000e+001	
  4.8354000000000000e+009	 -1.2982419999999999e+001	
  4.8376000000000000e+009	 -1.2707520000000001e+001	
  4.8398000000000000e+009	 -1.2481450000000001e+001	
  4.8420000000000000e+009	 -1.2127440000000000e+001	
  4.8442000000000000e+009	 -1.1704590000000000e+001	
  4.8464000000000000e+009	 -1.1394040000000000e+001	
  4.8486000000000000e+009	 -1.1016109999999999e+001	
  4.8508000000000000e+009	 -1.0566409999999999e+001	
  4.8530000000000000e+009	 -1.0187989999999999e+001	
  4.8552000000000000e+009	 -9.8354490000000006e+000	
  4.8574000000000000e+009	 -9.5371089999999992e+000	
  4.8596000000000000e+009	 -9.1870119999999993e+000	
  4.8618000000000000e+009	 -8.9174799999999994e+000	
  4.8640000000000000e+009	 -8.6254880000000007e+000	
  4.8662000000000000e+009	 -8.3896479999999993e+000	
  4.8684000000000000e+009	 -8.0791020000000007e+000	
  4.8706000000000000e+009	 -7.9042969999999997e+000	
  4.8728000000000000e+009	 -7.6938480000000000e+000	
  4.8750000000000000e+009	 -7.4841309999999996e+000	
  4.8772000000000000e+009	 -7.3723140000000003e+000	
  4.8794000000000000e+009	 -7.2458499999999999e+000	
  4.8816000000000000e+009	 -7.2336429999999998e+000	
  4.8838000000000000e+009	 -7.3395999999999999e+000	
  4.8860000000000000e+009	 -7.4814449999999999e+000	
  4.8882000000000000e+009	 -7.6362300000000003e+000	
  4.8904000000000000e+009	 -7.9663089999999999e+000	
  4.8926000000000000e+009	 -8.0332030000000003e+000	
  4.8948000000000000e+009	 -8.3251950000000008e+000	
  4.8970000000000000e+009	 -8.4833979999999993e+000	
  4.8992000000000000e+009	 -8.6640630000000005e+000	
  4.9014000000000000e+009	 -8.7109380000000005e+000	
  4.9036000000000000e+009	 -8.8911130000000007e+000	
  4.9058000000000000e+009	 -9.0102539999999998e+000	
  4.9080000000000000e+009	 -9.1625979999999991e+000	
  4.9102000000000000e+009	 -9.3168950000000006e+000	
  4.9124000000000000e+009	 -9.5351560000000006e+000	
  4.9146000000000000e+009	 -9.8417969999999997e+000	
  4.9168000000000000e+009	 -1.0110350000000000e+001	
  4.9190000000000000e+009	 -1.0511720000000000e+001	
  4.9212000000000000e+009	 -1.0931640000000000e+001	
  4.9234000000000000e+009	 -1.1375980000000000e+001	
  4.9256000000000000e+009	 -1.1904790000000000e+001	
  4.9278000000000000e+009	 -1.2442869999999999e+001	
  4.9300000000000000e+009	 -1.2982419999999999e+001	
  4.9322000000000000e+009	 -1.3443360000000000e+001	
  4.9344000000000000e+009	 -1.3960450000000000e+001	
  4.9366000000000000e+009	 -1.4428710000000001e+001	
  4.9388000000000000e+009	 -1.4840820000000001e+001	
  4.9410000000000000e+009	 -1.5251460000000000e+001	
  4.9432000000000000e+009	 -1.5579100000000000e+001	
  4.9454000000000000e+009	 -1.5806640000000000e+001	
  4.9476000000000000e+009	 -1.6073239999999998e+001	
  4.9498000000000000e+009	 -1.6194330000000001e+001	
  4.9520000000000000e+009	 -1.6365230000000000e+001	
  4.9542000000000000e+009	 -1.6415040000000001e+001	
  4.9564000000000000e+009	 -1.6381840000000000e+001	
  4.9586000000000000e+009	 -1.6310549999999999e+001	
  4.9608000000000000e+009	 -1.6238280000000000e+001	
  4.9630000000000000e+009	 -1.6194330000000001e+001	
  4.9652000000000000e+009	 -1.6019530000000000e+001	
  4.9674000000000000e+009	 -1.5995609999999999e+001	
  4.9696000000000000e+009	 -1.5903810000000000e+001	
  4.9718000000000000e+009	 -1.5861820000000000e+001	
  4.9740000000000000e+009	 -1.5912110000000000e+001	
  4.9762000000000000e+009	 -1.5986820000000000e+001	
  4.9784000000000000e+009	 -1.6227540000000001e+001	
  4.9806000000000000e+009	 -1.6481439999999999e+001	
  4.9828000000000000e+009	 -1.6891600000000000e+001	
  4.9850000000000000e+009	 -1.7213870000000000e+001	
  4.9872000000000000e+009	 -1.7587890000000002e+001	
  4.9894000000000000e+009	 -1.7925780000000000e+001	
  4.9916000000000000e+009	 -1.8446290000000001e+001	
  4.9938000000000000e+009	 -1.8803709999999999e+001	
  4.9960000000000000e+009	 -1.9119140000000002e+001	
  4.9982000000000000e+009	 -1.9437500000000000e+001	
  5.0004000000000000e+009	 -1.9670900000000000e+001	
  5.0026000000000000e+009	 -1.9865230000000000e+001	
  5.0048000000000000e+009	 -1.9996089999999999e+001	
  5.0070000000000000e+009	 -2.0099609999999998e+001	
  5.0092000000000000e+009	 -2.0155270000000002e+001	
  5.0114000000000000e+009	 -2.0149410000000000e+001	
  5.0136000000000000e+009	 -2.0178709999999999e+001	
  5.0158000000000000e+009	 -2.0146480000000000e+001	
  5.0180000000000000e+009	 -2.0087890000000002e+001	
  5.0202000000000000e+009	 -2.0049810000000001e+001	
  5.0224000000000000e+009	 -1.9990230000000000e+001	
  5.0246000000000000e+009	 -2.0074220000000000e+001	
  5.0268000000000000e+009	 -2.0114249999999998e+001	
  5.0290000000000000e+009	 -2.0099609999999998e+001	
  5.0312000000000000e+009	 -2.0131840000000000e+001	
  5.0334000000000000e+009	 -2.0155270000000002e+001	
  5.0356000000000000e+009	 -2.0193359999999998e+001	
  5.0378000000000000e+009	 -2.0244140000000002e+001	
  5.0400000000000000e+009	 -2.0191410000000001e+001	
  5.0422000000000000e+009	 -2.0240240000000000e+001	
  5.0444000000000000e+009	 -2.0244140000000002e+001	
  5.0466000000000000e+009	 -2.0300780000000000e+001	
  5.0488000000000000e+009	 -2.0257809999999999e+001	
  5.0510000000000000e+009	 -2.0356449999999999e+001	
  5.0532000000000000e+009	 -2.0371089999999999e+001	
  5.0554000000000000e+009	 -2.0474609999999998e+001	
  5.0576000000000000e+009	 -2.0610350000000000e+001	
  5.0598000000000000e+009	 -2.0764650000000000e+001	
  5.0620000000000000e+009	 -2.1030270000000002e+001	
  5.0642000000000000e+009	 -2.1264650000000000e+001	
  5.0664000000000000e+009	 -2.1543949999999999e+001	
  5.0686000000000000e+009	 -2.1830079999999999e+001	
  5.0708000000000000e+009	 -2.2120120000000000e+001	
  5.0730000000000000e+009	 -2.2412109999999998e+001	
  5.0752000000000000e+009	 -2.2671880000000002e+001	
  5.0774000000000000e+009	 -2.2938479999999998e+001	
  5.0796000000000000e+009	 -2.2988280000000000e+001	
  5.0818000000000000e+009	 -2.3159179999999999e+001	
  5.0840000000000000e+009	 -2.3330079999999999e+001	
  5.0862000000000000e+009	 -2.3318359999999998e+001	
  5.0884000000000000e+009	 -2.3270510000000002e+001	
  5.0906000000000000e+009	 -2.3195309999999999e+001	
  5.0928000000000000e+009	 -2.3058589999999999e+001	
  5.0950000000000000e+009	 -2.2864260000000002e+001	
  5.0972000000000000e+009	 -2.2680660000000000e+001	
  5.0994000000000000e+009	 -2.2433589999999999e+001	
  5.1016000000000000e+009	 -2.2183589999999999e+001	
  5.1038000000000000e+009	 -2.1935540000000000e+001	
  5.1060000000000000e+009	 -2.1756830000000001e+001	
  5.1082000000000000e+009	 -2.1514650000000000e+001	
  5.1104000000000000e+009	 -2.1288080000000001e+001	
  5.1126000000000000e+009	 -2.1302730000000000e+001	
  5.1148000000000000e+009	 -2.1250979999999998e+001	
  5.1170000000000000e+009	 -2.1296869999999998e+001	
  5.1192000000000000e+009	 -2.1460940000000001e+001	
  5.1214000000000000e+009	 -2.1652339999999999e+001	
  5.1236000000000000e+009	 -2.1918949999999999e+001	
  5.1258000000000000e+009	 -2.2210940000000001e+001	
  5.1280000000000000e+009	 -2.2547850000000000e+001	
  5.1302000000000000e+009	 -2.2937500000000000e+001	
  5.1324000000000000e+009	 -2.3333980000000000e+001	
  5.1346000000000000e+009	 -2.3585930000000001e+001	
  5.1368000000000000e+009	 -2.3969729999999998e+001	
  5.1390000000000000e+009	 -2.4262699999999999e+001	
  5.1412000000000000e+009	 -2.4520510000000002e+001	
  5.1434000000000000e+009	 -2.4661130000000000e+001	
  5.1456000000000000e+009	 -2.4799800000000001e+001	
  5.1478000000000000e+009	 -2.4827150000000000e+001	
  5.1500000000000000e+009	 -2.4798829999999999e+001	
  5.1522000000000000e+009	 -2.4762689999999999e+001	
  5.1544000000000000e+009	 -2.4587890000000002e+001	
  5.1566000000000000e+009	 -2.4408200000000001e+001	
  5.1588000000000000e+009	 -2.4094719999999999e+001	
  5.1610000000000000e+009	 -2.3822260000000000e+001	
  5.1632000000000000e+009	 -2.3491209999999999e+001	
  5.1654000000000000e+009	 -2.3182620000000000e+001	
  5.1676000000000000e+009	 -2.2904299999999999e+001	
  5.1698000000000000e+009	 -2.2625000000000000e+001	
  5.1720000000000000e+009	 -2.2413090000000000e+001	
  5.1742000000000000e+009	 -2.2286130000000000e+001	
  5.1764000000000000e+009	 -2.2204100000000000e+001	
  5.1786000000000000e+009	 -2.2146480000000000e+001	
  5.1808000000000000e+009	 -2.2283200000000001e+001	
  5.1830000000000000e+009	 -2.2504880000000000e+001	
  5.1852000000000000e+009	 -2.2619140000000002e+001	
  5.1874000000000000e+009	 -2.2864260000000002e+001	
  5.1896000000000000e+009	 -2.3095700000000001e+001	
  5.1918000000000000e+009	 -2.3350590000000000e+001	
  5.1940000000000000e+009	 -2.3602540000000001e+001	
  5.1962000000000000e+009	 -2.3802730000000000e+001	
  5.1984000000000000e+009	 -2.4000969999999999e+001	
  5.2006000000000000e+009	 -2.4202150000000000e+001	
  5.2028000000000000e+009	 -2.4371089999999999e+001	
  5.2050000000000000e+009	 -2.4418949999999999e+001	
  5.2072000000000000e+009	 -2.4597650000000002e+001	
  5.2094000000000000e+009	 -2.4608400000000000e+001	
  5.2116000000000000e+009	 -2.4700189999999999e+001	
  5.2138000000000000e+009	 -2.4707030000000000e+001	
  5.2160000000000000e+009	 -2.4741209999999999e+001	
  5.2182000000000000e+009	 -2.4690429999999999e+001	
  5.2204000000000000e+009	 -2.4570309999999999e+001	
  5.2226000000000000e+009	 -2.4554690000000001e+001	
  5.2248000000000000e+009	 -2.4388670000000001e+001	
  5.2270000000000000e+009	 -2.4234369999999998e+001	
  5.2292000000000000e+009	 -2.4054680000000001e+001	
  5.2314000000000000e+009	 -2.3833990000000000e+001	
  5.2336000000000000e+009	 -2.3610350000000000e+001	
  5.2358000000000000e+009	 -2.3364260000000002e+001	
  5.2380000000000000e+009	 -2.3109369999999998e+001	
  5.2402000000000000e+009	 -2.2911130000000000e+001	
  5.2424000000000000e+009	 -2.2684570000000001e+001	
  5.2446000000000000e+009	 -2.2509770000000000e+001	
  5.2468000000000000e+009	 -2.2449220000000000e+001	
  5.2490000000000000e+009	 -2.2283200000000001e+001	
  5.2512000000000000e+009	 -2.2393560000000001e+001	
  5.2534000000000000e+009	 -2.2475590000000000e+001	
  5.2556000000000000e+009	 -2.2647459999999999e+001	
  5.2578000000000000e+009	 -2.2803709999999999e+001	
  5.2600000000000000e+009	 -2.3028320000000001e+001	
