  4.5000000000000000e+009	 -2.4765630000000002e+001	
  4.5011000000000000e+009	 -2.4708980000000000e+001	
  4.5022000000000000e+009	 -2.4636720000000000e+001	
  4.5033000000000000e+009	 -2.4609380000000002e+001	
  4.5044000000000000e+009	 -2.4601559999999999e+001	
  4.5055000000000000e+009	 -2.4562500000000000e+001	
  4.5066000000000000e+009	 -2.4546869999999998e+001	
  4.5077000000000000e+009	 -2.4576170000000001e+001	
  4.5088000000000000e+009	 -2.4577150000000000e+001	
  4.5099000000000000e+009	 -2.4617190000000001e+001	
  4.5110000000000000e+009	 -2.4708980000000000e+001	
  4.5121000000000000e+009	 -2.4812500000000000e+001	
  4.5132000000000000e+009	 -2.4941410000000001e+001	
  4.5143000000000000e+009	 -2.5225580000000001e+001	
  4.5154000000000000e+009	 -2.5617180000000001e+001	
  4.5165000000000000e+009	 -2.6278320000000001e+001	
  4.5176000000000000e+009	 -2.7064450000000001e+001	
  4.5187000000000000e+009	 -2.7792970000000000e+001	
  4.5198000000000000e+009	 -2.8655270000000002e+001	
  4.5209000000000000e+009	 -2.9227540000000001e+001	
  4.5220000000000000e+009	 -2.9641600000000000e+001	
  4.5231000000000000e+009	 -2.9895510000000002e+001	
  4.5242000000000000e+009	 -2.9907229999999998e+001	
  4.5253000000000000e+009	 -2.9921880000000002e+001	
  4.5264000000000000e+009	 -2.9829100000000000e+001	
  4.5275000000000000e+009	 -2.9803709999999999e+001	
  4.5286000000000000e+009	 -2.9701170000000001e+001	
  4.5297000000000000e+009	 -2.9653320000000001e+001	
  4.5308000000000000e+009	 -2.9508790000000001e+001	
  4.5319000000000000e+009	 -2.9356439999999999e+001	
  4.5330000000000000e+009	 -2.9243160000000000e+001	
  4.5341000000000000e+009	 -2.9077150000000000e+001	
  4.5352000000000000e+009	 -2.8930660000000000e+001	
  4.5363000000000000e+009	 -2.8764650000000000e+001	
  4.5374000000000000e+009	 -2.8642579999999999e+001	
  4.5385000000000000e+009	 -2.8486329999999999e+001	
  4.5396000000000000e+009	 -2.8316400000000002e+001	
  4.5407000000000000e+009	 -2.8100590000000000e+001	
  4.5418000000000000e+009	 -2.7890630000000002e+001	
  4.5429000000000000e+009	 -2.7749020000000002e+001	
  4.5440000000000000e+009	 -2.7541989999999998e+001	
  4.5451000000000000e+009	 -2.7356439999999999e+001	
  4.5462000000000000e+009	 -2.7166989999999998e+001	
  4.5473000000000000e+009	 -2.7001950000000001e+001	
  4.5484000000000000e+009	 -2.6784179999999999e+001	
  4.5495000000000000e+009	 -2.6647459999999999e+001	
  4.5506000000000000e+009	 -2.6482420000000001e+001	
  4.5517000000000000e+009	 -2.6347660000000001e+001	
  4.5528000000000000e+009	 -2.6194330000000001e+001	
  4.5539000000000000e+009	 -2.6111329999999999e+001	
  4.5550000000000000e+009	 -2.5926760000000002e+001	
  4.5561000000000000e+009	 -2.5850580000000001e+001	
  4.5572000000000000e+009	 -2.5799800000000001e+001	
  4.5583000000000000e+009	 -2.5661130000000000e+001	
  4.5594000000000000e+009	 -2.5673829999999999e+001	
  4.5605000000000000e+009	 -2.5595700000000001e+001	
  4.5616000000000000e+009	 -2.5547850000000000e+001	
  4.5627000000000000e+009	 -2.5677730000000000e+001	
  4.5638000000000000e+009	 -2.5633790000000001e+001	
  4.5649000000000000e+009	 -2.5749020000000002e+001	
  4.5660000000000000e+009	 -2.5754880000000000e+001	
  4.5671000000000000e+009	 -2.5848630000000000e+001	
  4.5682000000000000e+009	 -2.5975580000000001e+001	
  4.5693000000000000e+009	 -2.6007809999999999e+001	
  4.5704000000000000e+009	 -2.6084959999999999e+001	
  4.5715000000000000e+009	 -2.6193359999999998e+001	
  4.5726000000000000e+009	 -2.6214839999999999e+001	
  4.5737000000000000e+009	 -2.6291989999999998e+001	
  4.5748000000000000e+009	 -2.6391600000000000e+001	
  4.5759000000000000e+009	 -2.6502929999999999e+001	
  4.5770000000000000e+009	 -2.6585940000000001e+001	
  4.5781000000000000e+009	 -2.6692380000000000e+001	
  4.5792000000000000e+009	 -2.6782229999999998e+001	
  4.5803000000000000e+009	 -2.6863280000000000e+001	
  4.5814000000000000e+009	 -2.6960940000000001e+001	
  4.5825000000000000e+009	 -2.7001950000000001e+001	
  4.5836000000000000e+009	 -2.7120110000000000e+001	
  4.5847000000000000e+009	 -2.7196290000000001e+001	
  4.5858000000000000e+009	 -2.7246089999999999e+001	
  4.5869000000000000e+009	 -2.7282219999999999e+001	
  4.5880000000000000e+009	 -2.7323239999999998e+001	
  4.5891000000000000e+009	 -2.7359369999999998e+001	
  4.5902000000000000e+009	 -2.7381830000000001e+001	
  4.5913000000000000e+009	 -2.7405270000000002e+001	
  4.5924000000000000e+009	 -2.7374020000000002e+001	
  4.5935000000000000e+009	 -2.7366209999999999e+001	
  4.5946000000000000e+009	 -2.7366209999999999e+001	
  4.5957000000000000e+009	 -2.7331050000000001e+001	
  4.5968000000000000e+009	 -2.7273440000000001e+001	
  4.5979000000000000e+009	 -2.7251950000000001e+001	
  4.5990000000000000e+009	 -2.7152339999999999e+001	
  4.6001000000000000e+009	 -2.7094729999999998e+001	
  4.6012000000000000e+009	 -2.7007809999999999e+001	
  4.6023000000000000e+009	 -2.6962890000000002e+001	
  4.6034000000000000e+009	 -2.6840820000000001e+001	
  4.6045000000000000e+009	 -2.6706050000000001e+001	
  4.6056000000000000e+009	 -2.6582999999999998e+001	
  4.6067000000000000e+009	 -2.6458980000000000e+001	
  4.6078000000000000e+009	 -2.6328130000000002e+001	
  4.6089000000000000e+009	 -2.6190429999999999e+001	
  4.6100000000000000e+009	 -2.6072260000000000e+001	
  4.6111000000000000e+009	 -2.5949220000000000e+001	
  4.6122000000000000e+009	 -2.5821290000000001e+001	
  4.6133000000000000e+009	 -2.5683589999999999e+001	
  4.6144000000000000e+009	 -2.5608400000000000e+001	
  4.6155000000000000e+009	 -2.5493160000000000e+001	
  4.6166000000000000e+009	 -2.5415040000000001e+001	
  4.6177000000000000e+009	 -2.5301760000000002e+001	
  4.6188000000000000e+009	 -2.5241209999999999e+001	
  4.6199000000000000e+009	 -2.5251950000000001e+001	
  4.6210000000000000e+009	 -2.5151370000000000e+001	
  4.6221000000000000e+009	 -2.5119140000000002e+001	
  4.6232000000000000e+009	 -2.5141600000000000e+001	
  4.6243000000000000e+009	 -2.5133790000000001e+001	
  4.6254000000000000e+009	 -2.5156250000000000e+001	
  4.6265000000000000e+009	 -2.5131840000000000e+001	
  4.6276000000000000e+009	 -2.5121089999999999e+001	
  4.6287000000000000e+009	 -2.5195309999999999e+001	
  4.6298000000000000e+009	 -2.5254880000000000e+001	
  4.6309000000000000e+009	 -2.5301760000000002e+001	
  4.6320000000000000e+009	 -2.5302730000000000e+001	
  4.6331000000000000e+009	 -2.5387689999999999e+001	
  4.6342000000000000e+009	 -2.5400390000000002e+001	
  4.6353000000000000e+009	 -2.5436520000000002e+001	
  4.6364000000000000e+009	 -2.5491209999999999e+001	
  4.6375000000000000e+009	 -2.5493160000000000e+001	
  4.6386000000000000e+009	 -2.5555660000000000e+001	
  4.6397000000000000e+009	 -2.5572260000000000e+001	
  4.6408000000000000e+009	 -2.5599609999999998e+001	
  4.6419000000000000e+009	 -2.5617180000000001e+001	
  4.6430000000000000e+009	 -2.5596679999999999e+001	
  4.6441000000000000e+009	 -2.5630859999999998e+001	
  4.6452000000000000e+009	 -2.5604489999999998e+001	
  4.6463000000000000e+009	 -2.5641600000000000e+001	
  4.6474000000000000e+009	 -2.5558589999999999e+001	
  4.6485000000000000e+009	 -2.5639650000000000e+001	
  4.6496000000000000e+009	 -2.5589839999999999e+001	
  4.6507000000000000e+009	 -2.5531250000000000e+001	
  4.6518000000000000e+009	 -2.5485350000000000e+001	
  4.6529000000000000e+009	 -2.5518550000000001e+001	
  4.6540000000000000e+009	 -2.5412109999999998e+001	
  4.6551000000000000e+009	 -2.5343750000000000e+001	
  4.6562000000000000e+009	 -2.5435540000000000e+001	
  4.6573000000000000e+009	 -2.5340820000000001e+001	
  4.6584000000000000e+009	 -2.5327150000000000e+001	
  4.6595000000000000e+009	 -2.5254880000000000e+001	
  4.6606000000000000e+009	 -2.5212890000000002e+001	
  4.6617000000000000e+009	 -2.5219729999999998e+001	
  4.6628000000000000e+009	 -2.5253910000000001e+001	
  4.6639000000000000e+009	 -2.5213870000000000e+001	
  4.6650000000000000e+009	 -2.5206050000000001e+001	
  4.6661000000000000e+009	 -2.5239260000000002e+001	
  4.6672000000000000e+009	 -2.5198239999999998e+001	
  4.6683000000000000e+009	 -2.5188469999999999e+001	
  4.6694000000000000e+009	 -2.5211910000000000e+001	
  4.6705000000000000e+009	 -2.5209959999999999e+001	
  4.6716000000000000e+009	 -2.5179690000000001e+001	
  4.6727000000000000e+009	 -2.5177730000000000e+001	
  4.6738000000000000e+009	 -2.5187500000000000e+001	
  4.6749000000000000e+009	 -2.5169920000000001e+001	
  4.6760000000000000e+009	 -2.5176749999999998e+001	
  4.6771000000000000e+009	 -2.5123040000000000e+001	
  4.6782000000000000e+009	 -2.5105470000000000e+001	
  4.6793000000000000e+009	 -2.5051760000000002e+001	
  4.6804000000000000e+009	 -2.5000000000000000e+001	
  4.6815000000000000e+009	 -2.4970700000000001e+001	
  4.6826000000000000e+009	 -2.4860350000000000e+001	
  4.6837000000000000e+009	 -2.4799800000000001e+001	
  4.6848000000000000e+009	 -2.4668939999999999e+001	
  4.6859000000000000e+009	 -2.4638670000000001e+001	
  4.6870000000000000e+009	 -2.4498040000000000e+001	
  4.6881000000000000e+009	 -2.4346679999999999e+001	
  4.6892000000000000e+009	 -2.4258790000000001e+001	
  4.6903000000000000e+009	 -2.4107420000000001e+001	
  4.6914000000000000e+009	 -2.3963870000000000e+001	
  4.6925000000000000e+009	 -2.3736329999999999e+001	
  4.6936000000000000e+009	 -2.3666010000000000e+001	
  4.6947000000000000e+009	 -2.3555669999999999e+001	
  4.6958000000000000e+009	 -2.3384770000000000e+001	
  4.6969000000000000e+009	 -2.3219719999999999e+001	
  4.6980000000000000e+009	 -2.3065429999999999e+001	
  4.6991000000000000e+009	 -2.2915040000000001e+001	
  4.7002000000000000e+009	 -2.2811520000000002e+001	
  4.7013000000000000e+009	 -2.2680660000000000e+001	
  4.7024000000000000e+009	 -2.2554690000000001e+001	
  4.7035000000000000e+009	 -2.2478510000000000e+001	
  4.7046000000000000e+009	 -2.2402339999999999e+001	
  4.7057000000000000e+009	 -2.2290040000000001e+001	
  4.7068000000000000e+009	 -2.2256840000000000e+001	
  4.7079000000000000e+009	 -2.2222660000000001e+001	
  4.7090000000000000e+009	 -2.2156250000000000e+001	
  4.7101000000000000e+009	 -2.2000979999999998e+001	
  4.7112000000000000e+009	 -2.2028320000000001e+001	
  4.7123000000000000e+009	 -2.2054690000000001e+001	
  4.7134000000000000e+009	 -2.2056640000000002e+001	
  4.7145000000000000e+009	 -2.2107420000000001e+001	
  4.7156000000000000e+009	 -2.2229489999999998e+001	
  4.7167000000000000e+009	 -2.2222660000000001e+001	
  4.7178000000000000e+009	 -2.2245120000000000e+001	
  4.7189000000000000e+009	 -2.2269530000000000e+001	
  4.7200000000000000e+009	 -2.2429690000000001e+001	
  4.7211000000000000e+009	 -2.2448239999999998e+001	
  4.7222000000000000e+009	 -2.2523440000000001e+001	
  4.7233000000000000e+009	 -2.2552730000000000e+001	
  4.7244000000000000e+009	 -2.2612300000000001e+001	
  4.7255000000000000e+009	 -2.2617190000000001e+001	
  4.7266000000000000e+009	 -2.2614249999999998e+001	
  4.7277000000000000e+009	 -2.2666989999999998e+001	
  4.7288000000000000e+009	 -2.2686520000000002e+001	
  4.7299000000000000e+009	 -2.2684570000000001e+001	
  4.7310000000000000e+009	 -2.2681640000000002e+001	
  4.7321000000000000e+009	 -2.2654290000000000e+001	
  4.7332000000000000e+009	 -2.2611329999999999e+001	
  4.7343000000000000e+009	 -2.2557620000000000e+001	
  4.7354000000000000e+009	 -2.2531250000000000e+001	
  4.7365000000000000e+009	 -2.2466799999999999e+001	
  4.7376000000000000e+009	 -2.2384760000000000e+001	
  4.7387000000000000e+009	 -2.2288080000000001e+001	
  4.7398000000000000e+009	 -2.2196290000000001e+001	
  4.7409000000000000e+009	 -2.2072260000000000e+001	
  4.7420000000000000e+009	 -2.1916989999999998e+001	
  4.7431000000000000e+009	 -2.1845700000000001e+001	
  4.7442000000000000e+009	 -2.1654299999999999e+001	
  4.7453000000000000e+009	 -2.1485350000000000e+001	
  4.7464000000000000e+009	 -2.1333990000000000e+001	
  4.7475000000000000e+009	 -2.1141600000000000e+001	
  4.7486000000000000e+009	 -2.0969719999999999e+001	
  4.7497000000000000e+009	 -2.0750979999999998e+001	
  4.7508000000000000e+009	 -2.0594729999999998e+001	
  4.7519000000000000e+009	 -2.0378900000000002e+001	
  4.7530000000000000e+009	 -2.0228510000000000e+001	
  4.7541000000000000e+009	 -2.0003910000000001e+001	
  4.7552000000000000e+009	 -1.9744140000000002e+001	
  4.7563000000000000e+009	 -1.9499020000000002e+001	
  4.7574000000000000e+009	 -1.9328119999999998e+001	
  4.7585000000000000e+009	 -1.9201170000000001e+001	
  4.7596000000000000e+009	 -1.8964839999999999e+001	
  4.7607000000000000e+009	 -1.8756840000000000e+001	
  4.7618000000000000e+009	 -1.8537109999999998e+001	
  4.7629000000000000e+009	 -1.8403320000000001e+001	
  4.7640000000000000e+009	 -1.8216799999999999e+001	
  4.7651000000000000e+009	 -1.8113280000000000e+001	
  4.7662000000000000e+009	 -1.7932620000000000e+001	
  4.7673000000000000e+009	 -1.7842770000000002e+001	
  4.7684000000000000e+009	 -1.7744140000000002e+001	
  4.7695000000000000e+009	 -1.7654290000000000e+001	
  4.7706000000000000e+009	 -1.7574220000000000e+001	
  4.7717000000000000e+009	 -1.7567380000000000e+001	
  4.7728000000000000e+009	 -1.7536130000000000e+001	
  4.7739000000000000e+009	 -1.7515619999999998e+001	
  4.7750000000000000e+009	 -1.7551760000000002e+001	
  4.7761000000000000e+009	 -1.7503910000000001e+001	
  4.7772000000000000e+009	 -1.7529299999999999e+001	
  4.7783000000000000e+009	 -1.7684570000000001e+001	
  4.7794000000000000e+009	 -1.7707030000000000e+001	
  4.7805000000000000e+009	 -1.7711910000000000e+001	
  4.7816000000000000e+009	 -1.7802730000000000e+001	
  4.7827000000000000e+009	 -1.7876950000000001e+001	
  4.7838000000000000e+009	 -1.7925780000000000e+001	
  4.7849000000000000e+009	 -1.7962890000000002e+001	
  4.7860000000000000e+009	 -1.7967770000000002e+001	
  4.7871000000000000e+009	 -1.7977540000000001e+001	
  4.7882000000000000e+009	 -1.7952150000000000e+001	
  4.7893000000000000e+009	 -1.7950189999999999e+001	
  4.7904000000000000e+009	 -1.8017579999999999e+001	
  4.7915000000000000e+009	 -1.7947260000000000e+001	
  4.7926000000000000e+009	 -1.7841799999999999e+001	
  4.7937000000000000e+009	 -1.7800780000000000e+001	
  4.7948000000000000e+009	 -1.7737300000000001e+001	
  4.7959000000000000e+009	 -1.7564450000000001e+001	
  4.7970000000000000e+009	 -1.7471679999999999e+001	
  4.7981000000000000e+009	 -1.7313479999999998e+001	
  4.7992000000000000e+009	 -1.7141600000000000e+001	
  4.8003000000000000e+009	 -1.6957030000000000e+001	
  4.8014000000000000e+009	 -1.6756830000000001e+001	
  4.8025000000000000e+009	 -1.6511720000000000e+001	
  4.8036000000000000e+009	 -1.6298829999999999e+001	
  4.8047000000000000e+009	 -1.6062500000000000e+001	
  4.8058000000000000e+009	 -1.5793950000000001e+001	
  4.8069000000000000e+009	 -1.5510740000000000e+001	
  4.8080000000000000e+009	 -1.5306640000000000e+001	
  4.8091000000000000e+009	 -1.5007320000000000e+001	
  4.8102000000000000e+009	 -1.4745609999999999e+001	
  4.8113000000000000e+009	 -1.4420900000000000e+001	
  4.8124000000000000e+009	 -1.4132320000000000e+001	
  4.8135000000000000e+009	 -1.3863770000000001e+001	
  4.8146000000000000e+009	 -1.3693360000000000e+001	
  4.8157000000000000e+009	 -1.3464840000000001e+001	
  4.8168000000000000e+009	 -1.3190429999999999e+001	
  4.8179000000000000e+009	 -1.2989260000000000e+001	
  4.8190000000000000e+009	 -1.2847170000000000e+001	
  4.8201000000000000e+009	 -1.2540530000000000e+001	
  4.8212000000000000e+009	 -1.2425290000000000e+001	
  4.8223000000000000e+009	 -1.2277830000000000e+001	
  4.8234000000000000e+009	 -1.2075200000000001e+001	
  4.8245000000000000e+009	 -1.1960940000000001e+001	
  4.8256000000000000e+009	 -1.1866700000000000e+001	
  4.8267000000000000e+009	 -1.1693849999999999e+001	
  4.8278000000000000e+009	 -1.1615230000000000e+001	
  4.8289000000000000e+009	 -1.1514650000000000e+001	
  4.8300000000000000e+009	 -1.1367680000000000e+001	
  4.8311000000000000e+009	 -1.1237790000000000e+001	
  4.8322000000000000e+009	 -1.1128909999999999e+001	
  4.8333000000000000e+009	 -1.1028810000000000e+001	
  4.8344000000000000e+009	 -1.0884280000000000e+001	
  4.8355000000000000e+009	 -1.0740720000000000e+001	
  4.8366000000000000e+009	 -1.0659670000000000e+001	
  4.8377000000000000e+009	 -1.0479490000000000e+001	
  4.8388000000000000e+009	 -1.0291020000000000e+001	
  4.8399000000000000e+009	 -1.0106930000000000e+001	
  4.8410000000000000e+009	 -9.9980469999999997e+000	
  4.8421000000000000e+009	 -9.7675780000000003e+000	
  4.8432000000000000e+009	 -9.5898439999999994e+000	
  4.8443000000000000e+009	 -9.3544920000000005e+000	
  4.8454000000000000e+009	 -9.1523439999999994e+000	
  4.8465000000000000e+009	 -9.0019530000000003e+000	
  4.8476000000000000e+009	 -8.7758789999999998e+000	
  4.8487000000000000e+009	 -8.6259770000000007e+000	
  4.8498000000000000e+009	 -8.4477539999999998e+000	
  4.8509000000000000e+009	 -8.2451170000000005e+000	
  4.8520000000000000e+009	 -8.1103520000000007e+000	
  4.8531000000000000e+009	 -7.9196780000000002e+000	
  4.8542000000000000e+009	 -7.7385250000000001e+000	
  4.8553000000000000e+009	 -7.6145019999999999e+000	
  4.8564000000000000e+009	 -7.4831539999999999e+000	
  4.8575000000000000e+009	 -7.3649899999999997e+000	
  4.8586000000000000e+009	 -7.2490230000000002e+000	
  4.8597000000000000e+009	 -7.1376949999999999e+000	
  4.8608000000000000e+009	 -7.0207519999999999e+000	
  4.8619000000000000e+009	 -7.0034179999999999e+000	
  4.8630000000000000e+009	 -6.9401859999999997e+000	
  4.8641000000000000e+009	 -6.8813480000000000e+000	
  4.8652000000000000e+009	 -6.7985840000000000e+000	
  4.8663000000000000e+009	 -6.7224120000000003e+000	
  4.8674000000000000e+009	 -6.6987300000000003e+000	
  4.8685000000000000e+009	 -6.6591800000000001e+000	
  4.8696000000000000e+009	 -6.7199710000000001e+000	
  4.8707000000000000e+009	 -6.6826169999999996e+000	
  4.8718000000000000e+009	 -6.7119140000000002e+000	
  4.8729000000000000e+009	 -6.7480469999999997e+000	
  4.8740000000000000e+009	 -6.7651370000000002e+000	
  4.8751000000000000e+009	 -6.8413089999999999e+000	
  4.8762000000000000e+009	 -6.9541019999999998e+000	
  4.8773000000000000e+009	 -7.0629879999999998e+000	
  4.8784000000000000e+009	 -7.2050780000000003e+000	
  4.8795000000000000e+009	 -7.3798830000000004e+000	
  4.8806000000000000e+009	 -7.5275879999999997e+000	
  4.8817000000000000e+009	 -7.6972659999999999e+000	
  4.8828000000000000e+009	 -7.8676760000000003e+000	
  4.8839000000000000e+009	 -8.0595700000000008e+000	
  4.8850000000000000e+009	 -8.2392579999999995e+000	
  4.8861000000000000e+009	 -8.4462890000000002e+000	
  4.8872000000000000e+009	 -8.5971679999999999e+000	
  4.8883000000000000e+009	 -8.7529299999999992e+000	
  4.8894000000000000e+009	 -8.9057619999999993e+000	
  4.8905000000000000e+009	 -9.0239259999999994e+000	
  4.8916000000000000e+009	 -9.2392579999999995e+000	
  4.8927000000000000e+009	 -9.3334960000000002e+000	
  4.8938000000000000e+009	 -9.3691410000000008e+000	
  4.8949000000000000e+009	 -9.5410160000000008e+000	
  4.8960000000000000e+009	 -9.5776369999999993e+000	
  4.8971000000000000e+009	 -9.6274409999999992e+000	
  4.8982000000000000e+009	 -9.7294920000000005e+000	
  4.8993000000000000e+009	 -9.7734380000000005e+000	
  4.9004000000000000e+009	 -9.8164060000000006e+000	
  4.9015000000000000e+009	 -9.8808589999999992e+000	
  4.9026000000000000e+009	 -9.9160160000000008e+000	
  4.9037000000000000e+009	 -9.9462890000000002e+000	
  4.9048000000000000e+009	 -9.9643549999999994e+000	
  4.9059000000000000e+009	 -1.0043950000000001e+001	
  4.9070000000000000e+009	 -1.0082520000000001e+001	
  4.9081000000000000e+009	 -1.0126460000000000e+001	
  4.9092000000000000e+009	 -1.0208500000000001e+001	
  4.9103000000000000e+009	 -1.0320309999999999e+001	
  4.9114000000000000e+009	 -1.0374020000000000e+001	
  4.9125000000000000e+009	 -1.0495609999999999e+001	
  4.9136000000000000e+009	 -1.0647460000000001e+001	
  4.9147000000000000e+009	 -1.0754880000000000e+001	
  4.9158000000000000e+009	 -1.1012700000000001e+001	
  4.9169000000000000e+009	 -1.1135249999999999e+001	
  4.9180000000000000e+009	 -1.1300780000000000e+001	
  4.9191000000000000e+009	 -1.1425780000000000e+001	
  4.9202000000000000e+009	 -1.1677730000000000e+001	
  4.9213000000000000e+009	 -1.1869630000000001e+001	
  4.9224000000000000e+009	 -1.2189940000000000e+001	
  4.9235000000000000e+009	 -1.2358400000000000e+001	
  4.9246000000000000e+009	 -1.2600099999999999e+001	
  4.9257000000000000e+009	 -1.2893549999999999e+001	
  4.9268000000000000e+009	 -1.3067380000000000e+001	
  4.9279000000000000e+009	 -1.3296880000000000e+001	
  4.9290000000000000e+009	 -1.3606930000000000e+001	
  4.9301000000000000e+009	 -1.3858400000000000e+001	
  4.9312000000000000e+009	 -1.4087890000000000e+001	
  4.9323000000000000e+009	 -1.4315429999999999e+001	
  4.9334000000000000e+009	 -1.4549320000000000e+001	
  4.9345000000000000e+009	 -1.4773440000000001e+001	
  4.9356000000000000e+009	 -1.5015630000000000e+001	
  4.9367000000000000e+009	 -1.5192380000000000e+001	
  4.9378000000000000e+009	 -1.5405270000000000e+001	
  4.9389000000000000e+009	 -1.5595700000000001e+001	
  4.9400000000000000e+009	 -1.5739750000000001e+001	
  4.9411000000000000e+009	 -1.5958980000000000e+001	
  4.9422000000000000e+009	 -1.6100590000000000e+001	
  4.9433000000000000e+009	 -1.6247070000000001e+001	
  4.9444000000000000e+009	 -1.6358400000000000e+001	
  4.9455000000000000e+009	 -1.6425780000000000e+001	
  4.9466000000000000e+009	 -1.6574220000000000e+001	
  4.9477000000000000e+009	 -1.6659179999999999e+001	
  4.9488000000000000e+009	 -1.6714839999999999e+001	
  4.9499000000000000e+009	 -1.6753900000000002e+001	
  4.9510000000000000e+009	 -1.6818359999999998e+001	
  4.9521000000000000e+009	 -1.6892579999999999e+001	
  4.9532000000000000e+009	 -1.6866209999999999e+001	
  4.9543000000000000e+009	 -1.6865230000000000e+001	
  4.9554000000000000e+009	 -1.6809570000000001e+001	
  4.9565000000000000e+009	 -1.6855470000000000e+001	
  4.9576000000000000e+009	 -1.6753900000000002e+001	
  4.9587000000000000e+009	 -1.6782229999999998e+001	
  4.9598000000000000e+009	 -1.6704100000000000e+001	
  4.9609000000000000e+009	 -1.6615230000000000e+001	
  4.9620000000000000e+009	 -1.6552730000000000e+001	
  4.9631000000000000e+009	 -1.6470700000000001e+001	
  4.9642000000000000e+009	 -1.6441400000000002e+001	
  4.9653000000000000e+009	 -1.6343750000000000e+001	
  4.9664000000000000e+009	 -1.6299800000000001e+001	
  4.9675000000000000e+009	 -1.6217770000000002e+001	
  4.9686000000000000e+009	 -1.6150390000000002e+001	
  4.9697000000000000e+009	 -1.6111329999999999e+001	
  4.9708000000000000e+009	 -1.6105470000000000e+001	
  4.9719000000000000e+009	 -1.6080079999999999e+001	
  4.9730000000000000e+009	 -1.6079100000000000e+001	
  4.9741000000000000e+009	 -1.6074220000000000e+001	
  4.9752000000000000e+009	 -1.6122070000000001e+001	
  4.9763000000000000e+009	 -1.6285150000000002e+001	
  4.9774000000000000e+009	 -1.6305660000000000e+001	
  4.9785000000000000e+009	 -1.6370120000000000e+001	
  4.9796000000000000e+009	 -1.6500000000000000e+001	
  4.9807000000000000e+009	 -1.6707030000000000e+001	
  4.9818000000000000e+009	 -1.6826170000000001e+001	
  4.9829000000000000e+009	 -1.6991209999999999e+001	
  4.9840000000000000e+009	 -1.7268550000000001e+001	
  4.9851000000000000e+009	 -1.7414059999999999e+001	
  4.9862000000000000e+009	 -1.7619140000000002e+001	
  4.9873000000000000e+009	 -1.7767579999999999e+001	
  4.9884000000000000e+009	 -1.7911130000000000e+001	
  4.9895000000000000e+009	 -1.8246089999999999e+001	
  4.9906000000000000e+009	 -1.8392579999999999e+001	
  4.9917000000000000e+009	 -1.8615230000000000e+001	
  4.9928000000000000e+009	 -1.8800780000000000e+001	
  4.9939000000000000e+009	 -1.8990230000000000e+001	
  4.9950000000000000e+009	 -1.9155270000000002e+001	
  4.9961000000000000e+009	 -1.9301760000000002e+001	
  4.9972000000000000e+009	 -1.9445309999999999e+001	
  4.9983000000000000e+009	 -1.9584959999999999e+001	
  4.9994000000000000e+009	 -1.9699220000000000e+001	
  5.0005000000000000e+009	 -1.9789059999999999e+001	
  5.0016000000000000e+009	 -1.9902339999999999e+001	
  5.0027000000000000e+009	 -1.9963870000000000e+001	
  5.0038000000000000e+009	 -2.0091799999999999e+001	
  5.0049000000000000e+009	 -2.0116209999999999e+001	
  5.0060000000000000e+009	 -2.0153320000000001e+001	
  5.0071000000000000e+009	 -2.0232420000000001e+001	
  5.0082000000000000e+009	 -2.0158200000000001e+001	
  5.0093000000000000e+009	 -2.0215820000000001e+001	
  5.0104000000000000e+009	 -2.0224609999999998e+001	
  5.0115000000000000e+009	 -2.0192380000000000e+001	
  5.0126000000000000e+009	 -2.0265619999999998e+001	
  5.0137000000000000e+009	 -2.0116209999999999e+001	
  5.0148000000000000e+009	 -2.0188469999999999e+001	
  5.0159000000000000e+009	 -2.0136720000000000e+001	
  5.0170000000000000e+009	 -2.0122070000000001e+001	
  5.0181000000000000e+009	 -2.0117190000000001e+001	
  5.0192000000000000e+009	 -2.0163080000000001e+001	
  5.0203000000000000e+009	 -2.0087890000000002e+001	
  5.0214000000000000e+009	 -2.0038080000000001e+001	
  5.0225000000000000e+009	 -2.0016600000000000e+001	
  5.0236000000000000e+009	 -2.0042970000000000e+001	
  5.0247000000000000e+009	 -2.0028320000000001e+001	
  5.0258000000000000e+009	 -2.0030270000000002e+001	
  5.0269000000000000e+009	 -2.0039059999999999e+001	
  5.0280000000000000e+009	 -2.0061520000000002e+001	
  5.0291000000000000e+009	 -2.0065429999999999e+001	
  5.0302000000000000e+009	 -2.0066400000000002e+001	
  5.0313000000000000e+009	 -2.0080079999999999e+001	
  5.0324000000000000e+009	 -2.0112300000000001e+001	
  5.0335000000000000e+009	 -2.0101559999999999e+001	
  5.0346000000000000e+009	 -2.0116209999999999e+001	
  5.0357000000000000e+009	 -2.0066400000000002e+001	
  5.0368000000000000e+009	 -2.0123049999999999e+001	
  5.0379000000000000e+009	 -2.0129880000000000e+001	
  5.0390000000000000e+009	 -2.0141600000000000e+001	
  5.0401000000000000e+009	 -2.0160160000000001e+001	
  5.0412000000000000e+009	 -2.0191410000000001e+001	
  5.0423000000000000e+009	 -2.0189450000000001e+001	
  5.0434000000000000e+009	 -2.0083990000000000e+001	
  5.0445000000000000e+009	 -2.0157229999999998e+001	
  5.0456000000000000e+009	 -2.0126950000000001e+001	
  5.0467000000000000e+009	 -2.0172850000000000e+001	
  5.0478000000000000e+009	 -2.0140619999999998e+001	
  5.0489000000000000e+009	 -2.0177730000000000e+001	
  5.0500000000000000e+009	 -2.0098630000000000e+001	
  5.0511000000000000e+009	 -2.0219729999999998e+001	
  5.0522000000000000e+009	 -2.0200199999999999e+001	
  5.0533000000000000e+009	 -2.0241209999999999e+001	
  5.0544000000000000e+009	 -2.0340820000000001e+001	
  5.0555000000000000e+009	 -2.0310540000000000e+001	
  5.0566000000000000e+009	 -2.0481439999999999e+001	
  5.0577000000000000e+009	 -2.0508790000000001e+001	
  5.0588000000000000e+009	 -2.0601559999999999e+001	
  5.0599000000000000e+009	 -2.0676760000000002e+001	
  5.0610000000000000e+009	 -2.0772459999999999e+001	
  5.0621000000000000e+009	 -2.0914059999999999e+001	
  5.0632000000000000e+009	 -2.1015630000000002e+001	
  5.0643000000000000e+009	 -2.1144530000000000e+001	
  5.0654000000000000e+009	 -2.1291010000000000e+001	
  5.0665000000000000e+009	 -2.1411130000000000e+001	
  5.0676000000000000e+009	 -2.1577150000000000e+001	
  5.0687000000000000e+009	 -2.1695309999999999e+001	
  5.0698000000000000e+009	 -2.1924810000000001e+001	
  5.0709000000000000e+009	 -2.2046880000000002e+001	
  5.0720000000000000e+009	 -2.2199220000000000e+001	
  5.0731000000000000e+009	 -2.2274410000000000e+001	
  5.0742000000000000e+009	 -2.2436520000000002e+001	
  5.0753000000000000e+009	 -2.2507809999999999e+001	
  5.0764000000000000e+009	 -2.2647459999999999e+001	
  5.0775000000000000e+009	 -2.2713870000000000e+001	
  5.0786000000000000e+009	 -2.2884760000000000e+001	
  5.0797000000000000e+009	 -2.2904299999999999e+001	
  5.0808000000000000e+009	 -2.3030270000000002e+001	
  5.0819000000000000e+009	 -2.3093750000000000e+001	
  5.0830000000000000e+009	 -2.3125979999999998e+001	
  5.0841000000000000e+009	 -2.3096679999999999e+001	
  5.0852000000000000e+009	 -2.3118160000000000e+001	
  5.0863000000000000e+009	 -2.3086919999999999e+001	
  5.0874000000000000e+009	 -2.3059570000000001e+001	
  5.0885000000000000e+009	 -2.3053709999999999e+001	
  5.0896000000000000e+009	 -2.3077150000000000e+001	
  5.0907000000000000e+009	 -2.2970700000000001e+001	
  5.0918000000000000e+009	 -2.2933589999999999e+001	
  5.0929000000000000e+009	 -2.2837890000000002e+001	
  5.0940000000000000e+009	 -2.2782229999999998e+001	
  5.0951000000000000e+009	 -2.2710940000000001e+001	
  5.0962000000000000e+009	 -2.2580079999999999e+001	
  5.0973000000000000e+009	 -2.2491209999999999e+001	
  5.0984000000000000e+009	 -2.2375969999999999e+001	
  5.0995000000000000e+009	 -2.2260739999999998e+001	
  5.1006000000000000e+009	 -2.2140619999999998e+001	
  5.1017000000000000e+009	 -2.2029290000000000e+001	
  5.1028000000000000e+009	 -2.1915040000000001e+001	
  5.1039000000000000e+009	 -2.1779290000000000e+001	
  5.1050000000000000e+009	 -2.1714839999999999e+001	
  5.1061000000000000e+009	 -2.1574220000000000e+001	
  5.1072000000000000e+009	 -2.1508790000000001e+001	
  5.1083000000000000e+009	 -2.1385739999999998e+001	
  5.1094000000000000e+009	 -2.1252929999999999e+001	
  5.1105000000000000e+009	 -2.1151370000000000e+001	
  5.1116000000000000e+009	 -2.1185549999999999e+001	
  5.1127000000000000e+009	 -2.1121089999999999e+001	
  5.1138000000000000e+009	 -2.1107420000000001e+001	
  5.1149000000000000e+009	 -2.1125969999999999e+001	
  5.1160000000000000e+009	 -2.1049800000000001e+001	
  5.1171000000000000e+009	 -2.1112300000000001e+001	
  5.1182000000000000e+009	 -2.1171880000000002e+001	
  5.1193000000000000e+009	 -2.1207030000000000e+001	
  5.1204000000000000e+009	 -2.1418939999999999e+001	
  5.1215000000000000e+009	 -2.1456060000000001e+001	
  5.1226000000000000e+009	 -2.1619140000000002e+001	
  5.1237000000000000e+009	 -2.1709959999999999e+001	
  5.1248000000000000e+009	 -2.1872070000000001e+001	
  5.1259000000000000e+009	 -2.2031250000000000e+001	
  5.1270000000000000e+009	 -2.2181640000000002e+001	
  5.1281000000000000e+009	 -2.2361329999999999e+001	
  5.1292000000000000e+009	 -2.2551760000000002e+001	
  5.1303000000000000e+009	 -2.2707030000000000e+001	
  5.1314000000000000e+009	 -2.2901370000000000e+001	
  5.1325000000000000e+009	 -2.3048829999999999e+001	
  5.1336000000000000e+009	 -2.3295900000000000e+001	
  5.1347000000000000e+009	 -2.3407229999999998e+001	
  5.1358000000000000e+009	 -2.3553709999999999e+001	
  5.1369000000000000e+009	 -2.3715820000000001e+001	
  5.1380000000000000e+009	 -2.3865230000000000e+001	
  5.1391000000000000e+009	 -2.4000969999999999e+001	
  5.1402000000000000e+009	 -2.4151360000000000e+001	
  5.1413000000000000e+009	 -2.4200189999999999e+001	
  5.1424000000000000e+009	 -2.4320309999999999e+001	
  5.1435000000000000e+009	 -2.4356439999999999e+001	
  5.1446000000000000e+009	 -2.4375969999999999e+001	
  5.1457000000000000e+009	 -2.4440429999999999e+001	
  5.1468000000000000e+009	 -2.4432620000000000e+001	
  5.1479000000000000e+009	 -2.4501950000000001e+001	
  5.1490000000000000e+009	 -2.4481439999999999e+001	
  5.1501000000000000e+009	 -2.4415040000000001e+001	
  5.1512000000000000e+009	 -2.4341790000000000e+001	
  5.1523000000000000e+009	 -2.4282229999999998e+001	
  5.1534000000000000e+009	 -2.4154299999999999e+001	
  5.1545000000000000e+009	 -2.4048819999999999e+001	
  5.1556000000000000e+009	 -2.3999020000000002e+001	
  5.1567000000000000e+009	 -2.3866209999999999e+001	
  5.1578000000000000e+009	 -2.3738280000000000e+001	
  5.1589000000000000e+009	 -2.3565429999999999e+001	
  5.1600000000000000e+009	 -2.3416010000000000e+001	
  5.1611000000000000e+009	 -2.3222660000000001e+001	
  5.1622000000000000e+009	 -2.3088870000000000e+001	
  5.1633000000000000e+009	 -2.2920900000000000e+001	
  5.1644000000000000e+009	 -2.2740240000000000e+001	
  5.1655000000000000e+009	 -2.2555660000000000e+001	
  5.1666000000000000e+009	 -2.2386720000000000e+001	
  5.1677000000000000e+009	 -2.2215820000000001e+001	
  5.1688000000000000e+009	 -2.2102540000000001e+001	
  5.1699000000000000e+009	 -2.1961910000000000e+001	
  5.1710000000000000e+009	 -2.1891600000000000e+001	
  5.1721000000000000e+009	 -2.1648440000000001e+001	
  5.1732000000000000e+009	 -2.1669920000000001e+001	
  5.1743000000000000e+009	 -2.1603510000000000e+001	
  5.1754000000000000e+009	 -2.1510739999999998e+001	
  5.1765000000000000e+009	 -2.1471679999999999e+001	
  5.1776000000000000e+009	 -2.1469729999999998e+001	
  5.1787000000000000e+009	 -2.1434570000000001e+001	
  5.1798000000000000e+009	 -2.1565429999999999e+001	
  5.1809000000000000e+009	 -2.1544920000000001e+001	
  5.1820000000000000e+009	 -2.1632809999999999e+001	
  5.1831000000000000e+009	 -2.1751950000000001e+001	
  5.1842000000000000e+009	 -2.1788090000000000e+001	
  5.1853000000000000e+009	 -2.1896480000000000e+001	
  5.1864000000000000e+009	 -2.2036130000000000e+001	
  5.1875000000000000e+009	 -2.2101559999999999e+001	
  5.1886000000000000e+009	 -2.2221679999999999e+001	
  5.1897000000000000e+009	 -2.2367190000000001e+001	
  5.1908000000000000e+009	 -2.2470700000000001e+001	
  5.1919000000000000e+009	 -2.2601559999999999e+001	
  5.1930000000000000e+009	 -2.2757809999999999e+001	
  5.1941000000000000e+009	 -2.2849609999999998e+001	
  5.1952000000000000e+009	 -2.2948239999999998e+001	
  5.1963000000000000e+009	 -2.3108400000000000e+001	
  5.1974000000000000e+009	 -2.3193359999999998e+001	
  5.1985000000000000e+009	 -2.3350590000000000e+001	
  5.1996000000000000e+009	 -2.3422850000000000e+001	
  5.2007000000000000e+009	 -2.3531250000000000e+001	
  5.2018000000000000e+009	 -2.3683589999999999e+001	
  5.2029000000000000e+009	 -2.3736329999999999e+001	
  5.2040000000000000e+009	 -2.3768550000000001e+001	
  5.2051000000000000e+009	 -2.3901370000000000e+001	
  5.2062000000000000e+009	 -2.3983400000000000e+001	
  5.2073000000000000e+009	 -2.4034179999999999e+001	
  5.2084000000000000e+009	 -2.4083980000000000e+001	
  5.2095000000000000e+009	 -2.4201170000000001e+001	
  5.2106000000000000e+009	 -2.4261720000000000e+001	
  5.2117000000000000e+009	 -2.4355470000000000e+001	
  5.2128000000000000e+009	 -2.4402339999999999e+001	
  5.2139000000000000e+009	 -2.4485350000000000e+001	
  5.2150000000000000e+009	 -2.4531250000000000e+001	
  5.2161000000000000e+009	 -2.4590820000000001e+001	
  5.2172000000000000e+009	 -2.4661130000000000e+001	
  5.2183000000000000e+009	 -2.4674800000000001e+001	
  5.2194000000000000e+009	 -2.4635739999999998e+001	
  5.2205000000000000e+009	 -2.4750979999999998e+001	
  5.2216000000000000e+009	 -2.4734369999999998e+001	
  5.2227000000000000e+009	 -2.4687500000000000e+001	
  5.2238000000000000e+009	 -2.4706050000000001e+001	
  5.2249000000000000e+009	 -2.4649410000000000e+001	
  5.2260000000000000e+009	 -2.4661130000000000e+001	
  5.2271000000000000e+009	 -2.4560549999999999e+001	
  5.2282000000000000e+009	 -2.4533200000000001e+001	
  5.2293000000000000e+009	 -2.4448239999999998e+001	
  5.2304000000000000e+009	 -2.4417970000000000e+001	
  5.2315000000000000e+009	 -2.4335940000000001e+001	
  5.2326000000000000e+009	 -2.4149410000000000e+001	
  5.2337000000000000e+009	 -2.4082999999999998e+001	
  5.2348000000000000e+009	 -2.3958010000000002e+001	
  5.2359000000000000e+009	 -2.3843750000000000e+001	
  5.2370000000000000e+009	 -2.3662109999999998e+001	
  5.2381000000000000e+009	 -2.3661130000000000e+001	
  5.2392000000000000e+009	 -2.3448239999999998e+001	
  5.2403000000000000e+009	 -2.3308589999999999e+001	
  5.2414000000000000e+009	 -2.3216799999999999e+001	
  5.2425000000000000e+009	 -2.3140630000000002e+001	
  5.2436000000000000e+009	 -2.3098630000000000e+001	
  5.2447000000000000e+009	 -2.3041010000000000e+001	
  5.2458000000000000e+009	 -2.2979489999999998e+001	
  5.2469000000000000e+009	 -2.2894530000000000e+001	
  5.2480000000000000e+009	 -2.2847660000000001e+001	
  5.2491000000000000e+009	 -2.2825189999999999e+001	
  5.2502000000000000e+009	 -2.2843750000000000e+001	
  5.2513000000000000e+009	 -2.2855470000000000e+001	
  5.2524000000000000e+009	 -2.2877929999999999e+001	
  5.2535000000000000e+009	 -2.2915040000000001e+001	
  5.2546000000000000e+009	 -2.3022459999999999e+001	
  5.2557000000000000e+009	 -2.3089839999999999e+001	
  5.2568000000000000e+009	 -2.3210940000000001e+001	
  5.2579000000000000e+009	 -2.3292970000000000e+001	
  5.2590000000000000e+009	 -2.3407229999999998e+001	
  5.2601000000000000e+009	 -2.3500000000000000e+001	
  5.2612000000000000e+009	 -2.3578119999999998e+001	
  5.2623000000000000e+009	 -2.3720700000000001e+001	
  5.2634000000000000e+009	 -2.3813479999999998e+001	
  5.2645000000000000e+009	 -2.3969729999999998e+001	
  5.2656000000000000e+009	 -2.4004880000000000e+001	
  5.2667000000000000e+009	 -2.4105470000000000e+001	
  5.2678000000000000e+009	 -2.4288080000000001e+001	
  5.2689000000000000e+009	 -2.4273430000000001e+001	
  5.2700000000000000e+009	 -2.4397459999999999e+001	
  5.2711000000000000e+009	 -2.4427730000000000e+001	
  5.2722000000000000e+009	 -2.4442380000000000e+001	
  5.2733000000000000e+009	 -2.4507809999999999e+001	
  5.2744000000000000e+009	 -2.4609380000000002e+001	
  5.2755000000000000e+009	 -2.4537109999999998e+001	
  5.2766000000000000e+009	 -2.4615230000000000e+001	
  5.2777000000000000e+009	 -2.4559570000000001e+001	
  5.2788000000000000e+009	 -2.4571290000000001e+001	
  5.2799000000000000e+009	 -2.4584959999999999e+001	
  5.2810000000000000e+009	 -2.4557610000000000e+001	
  5.2821000000000000e+009	 -2.4473630000000000e+001	
  5.2832000000000000e+009	 -2.4474609999999998e+001	
  5.2843000000000000e+009	 -2.4398440000000001e+001	
  5.2854000000000000e+009	 -2.4373040000000000e+001	
  5.2865000000000000e+009	 -2.4285150000000002e+001	
  5.2876000000000000e+009	 -2.4236329999999999e+001	
  5.2887000000000000e+009	 -2.4186520000000002e+001	
  5.2898000000000000e+009	 -2.4116209999999999e+001	
  5.2909000000000000e+009	 -2.4084959999999999e+001	
  5.2920000000000000e+009	 -2.3949220000000000e+001	
  5.2931000000000000e+009	 -2.3953119999999998e+001	
  5.2942000000000000e+009	 -2.3892579999999999e+001	
  5.2953000000000000e+009	 -2.3852540000000001e+001	
  5.2964000000000000e+009	 -2.3811520000000002e+001	
  5.2975000000000000e+009	 -2.3693359999999998e+001	
  5.2986000000000000e+009	 -2.3617190000000001e+001	
  5.2997000000000000e+009	 -2.3598630000000000e+001	
  5.3008000000000000e+009	 -2.3513670000000001e+001	
  5.3019000000000000e+009	 -2.3445309999999999e+001	
  5.3030000000000000e+009	 -2.3410150000000002e+001	
  5.3041000000000000e+009	 -2.3421869999999998e+001	
  5.3052000000000000e+009	 -2.3295900000000000e+001	
  5.3063000000000000e+009	 -2.3186520000000002e+001	
  5.3074000000000000e+009	 -2.3135739999999998e+001	
  5.3085000000000000e+009	 -2.3025390000000002e+001	
  5.3096000000000000e+009	 -2.2951170000000001e+001	
  5.3107000000000000e+009	 -2.2804680000000001e+001	
  5.3118000000000000e+009	 -2.2769530000000000e+001	
  5.3129000000000000e+009	 -2.2601559999999999e+001	
  5.3140000000000000e+009	 -2.2477540000000001e+001	
  5.3151000000000000e+009	 -2.2450189999999999e+001	
  5.3162000000000000e+009	 -2.2431640000000002e+001	
  5.3173000000000000e+009	 -2.2316400000000002e+001	
  5.3184000000000000e+009	 -2.2198239999999998e+001	
  5.3195000000000000e+009	 -2.2104489999999998e+001	
  5.3206000000000000e+009	 -2.2041989999999998e+001	
  5.3217000000000000e+009	 -2.1997070000000001e+001	
  5.3228000000000000e+009	 -2.1994140000000002e+001	
  5.3239000000000000e+009	 -2.1992190000000001e+001	
  5.3250000000000000e+009	 -2.1978520000000000e+001	
  5.3261000000000000e+009	 -2.1949220000000000e+001	
  5.3272000000000000e+009	 -2.2016600000000000e+001	
  5.3283000000000000e+009	 -2.1996089999999999e+001	
  5.3294000000000000e+009	 -2.2125969999999999e+001	
  5.3305000000000000e+009	 -2.2232420000000001e+001	
  5.3316000000000000e+009	 -2.2304690000000001e+001	
  5.3327000000000000e+009	 -2.2446290000000001e+001	
  5.3338000000000000e+009	 -2.2623049999999999e+001	
  5.3349000000000000e+009	 -2.2798829999999999e+001	
  5.3360000000000000e+009	 -2.2834959999999999e+001	
  5.3371000000000000e+009	 -2.3021480000000000e+001	
  5.3382000000000000e+009	 -2.3249020000000002e+001	
  5.3393000000000000e+009	 -2.3343750000000000e+001	
  5.3404000000000000e+009	 -2.3467770000000002e+001	
  5.3415000000000000e+009	 -2.3715820000000001e+001	
  5.3426000000000000e+009	 -2.3791989999999998e+001	
  5.3437000000000000e+009	 -2.3944330000000001e+001	
  5.3448000000000000e+009	 -2.4115230000000000e+001	
  5.3459000000000000e+009	 -2.4163080000000001e+001	
  5.3470000000000000e+009	 -2.4308589999999999e+001	
  5.3481000000000000e+009	 -2.4326170000000001e+001	
  5.3492000000000000e+009	 -2.4428709999999999e+001	
  5.3503000000000000e+009	 -2.4456050000000001e+001	
  5.3514000000000000e+009	 -2.4448239999999998e+001	
  5.3525000000000000e+009	 -2.4488280000000000e+001	
  5.3536000000000000e+009	 -2.4438479999999998e+001	
  5.3547000000000000e+009	 -2.4394530000000000e+001	
  5.3558000000000000e+009	 -2.4347650000000002e+001	
  5.3569000000000000e+009	 -2.4276370000000000e+001	
  5.3580000000000000e+009	 -2.4149410000000000e+001	
  5.3591000000000000e+009	 -2.4084959999999999e+001	
  5.3602000000000000e+009	 -2.3911130000000000e+001	
  5.3613000000000000e+009	 -2.3790040000000001e+001	
  5.3624000000000000e+009	 -2.3618160000000000e+001	
  5.3635000000000000e+009	 -2.3404299999999999e+001	
  5.3646000000000000e+009	 -2.3182620000000000e+001	
  5.3657000000000000e+009	 -2.3033200000000001e+001	
  5.3668000000000000e+009	 -2.2855470000000000e+001	
  5.3679000000000000e+009	 -2.2666989999999998e+001	
  5.3690000000000000e+009	 -2.2441410000000001e+001	
  5.3701000000000000e+009	 -2.2267579999999999e+001	
  5.3712000000000000e+009	 -2.2052730000000000e+001	
  5.3723000000000000e+009	 -2.1816410000000001e+001	
  5.3734000000000000e+009	 -2.1702150000000000e+001	
  5.3745000000000000e+009	 -2.1557620000000000e+001	
  5.3756000000000000e+009	 -2.1371089999999999e+001	
  5.3767000000000000e+009	 -2.1159179999999999e+001	
  5.3778000000000000e+009	 -2.1125000000000000e+001	
  5.3789000000000000e+009	 -2.1058589999999999e+001	
  5.3800000000000000e+009	 -2.0999020000000002e+001	
