  3.5000000000000000e+009	 -2.2652339999999999e+001	
  3.5023000000000000e+009	 -2.1801760000000002e+001	
  3.5046000000000000e+009	 -2.0872070000000001e+001	
  3.5069000000000000e+009	 -1.9884770000000000e+001	
  3.5092000000000000e+009	 -1.8913090000000000e+001	
  3.5115000000000000e+009	 -1.7847650000000002e+001	
  3.5138000000000000e+009	 -1.6859369999999998e+001	
  3.5161000000000000e+009	 -1.5894530000000000e+001	
  3.5184000000000000e+009	 -1.5066409999999999e+001	
  3.5207000000000000e+009	 -1.4408690000000000e+001	
  3.5230000000000000e+009	 -1.4045900000000000e+001	
  3.5253000000000000e+009	 -1.3919919999999999e+001	
  3.5276000000000000e+009	 -1.4020020000000001e+001	
  3.5299000000000000e+009	 -1.4373049999999999e+001	
  3.5322000000000000e+009	 -1.4819820000000000e+001	
  3.5345000000000000e+009	 -1.5361820000000000e+001	
  3.5368000000000000e+009	 -1.5964359999999999e+001	
  3.5391000000000000e+009	 -1.6610350000000000e+001	
  3.5414000000000000e+009	 -1.7289059999999999e+001	
  3.5437000000000000e+009	 -1.8040040000000001e+001	
  3.5460000000000000e+009	 -1.8720700000000001e+001	
  3.5483000000000000e+009	 -1.9454100000000000e+001	
  3.5506000000000000e+009	 -2.0181640000000002e+001	
  3.5529000000000000e+009	 -2.0895499999999998e+001	
  3.5552000000000000e+009	 -2.1713870000000000e+001	
  3.5575000000000000e+009	 -2.2535160000000001e+001	
  3.5598000000000000e+009	 -2.3460940000000001e+001	
  3.5621000000000000e+009	 -2.3474609999999998e+001	
  3.5644000000000000e+009	 -2.3526370000000000e+001	
  3.5667000000000000e+009	 -2.2901370000000000e+001	
  3.5690000000000000e+009	 -2.2150390000000002e+001	
  3.5713000000000000e+009	 -2.2620120000000000e+001	
  3.5736000000000000e+009	 -2.2911130000000000e+001	
  3.5759000000000000e+009	 -2.3109369999999998e+001	
  3.5782000000000000e+009	 -2.3158200000000001e+001	
  3.5805000000000000e+009	 -2.3144530000000000e+001	
  3.5828000000000000e+009	 -2.3134770000000000e+001	
  3.5851000000000000e+009	 -2.3061520000000002e+001	
  3.5874000000000000e+009	 -2.3000969999999999e+001	
  3.5897000000000000e+009	 -2.2924800000000001e+001	
  3.5920000000000000e+009	 -2.2892579999999999e+001	
  3.5943000000000000e+009	 -2.2846679999999999e+001	
  3.5966000000000000e+009	 -2.2967770000000002e+001	
  3.5989000000000000e+009	 -2.3093750000000000e+001	
  3.6012000000000000e+009	 -2.3273430000000001e+001	
  3.6035000000000000e+009	 -2.3457030000000000e+001	
  3.6058000000000000e+009	 -2.3688469999999999e+001	
  3.6081000000000000e+009	 -2.4001950000000001e+001	
  3.6104000000000000e+009	 -2.4199220000000000e+001	
  3.6127000000000000e+009	 -2.4457030000000000e+001	
  3.6150000000000000e+009	 -2.4687500000000000e+001	
  3.6173000000000000e+009	 -2.4788080000000001e+001	
  3.6196000000000000e+009	 -2.4928709999999999e+001	
  3.6219000000000000e+009	 -2.5045900000000000e+001	
  3.6242000000000000e+009	 -2.5151370000000000e+001	
  3.6265000000000000e+009	 -2.5225580000000001e+001	
  3.6288000000000000e+009	 -2.5230460000000001e+001	
  3.6311000000000000e+009	 -2.5238280000000000e+001	
  3.6334000000000000e+009	 -2.5173829999999999e+001	
  3.6357000000000000e+009	 -2.5150390000000002e+001	
  3.6380000000000000e+009	 -2.5075189999999999e+001	
  3.6403000000000000e+009	 -2.4975590000000000e+001	
  3.6426000000000000e+009	 -2.4866209999999999e+001	
  3.6449000000000000e+009	 -2.4753900000000002e+001	
  3.6472000000000000e+009	 -2.4595700000000001e+001	
  3.6495000000000000e+009	 -2.4417970000000000e+001	
  3.6518000000000000e+009	 -2.4291989999999998e+001	
  3.6541000000000000e+009	 -2.3948239999999998e+001	
  3.6564000000000000e+009	 -2.3758790000000001e+001	
  3.6587000000000000e+009	 -2.3502929999999999e+001	
  3.6610000000000000e+009	 -2.3308589999999999e+001	
  3.6633000000000000e+009	 -2.3068359999999998e+001	
  3.6656000000000000e+009	 -2.2895510000000002e+001	
  3.6679000000000000e+009	 -2.2707030000000000e+001	
  3.6702000000000000e+009	 -2.2594719999999999e+001	
  3.6725000000000000e+009	 -2.2534179999999999e+001	
  3.6748000000000000e+009	 -2.2511720000000000e+001	
  3.6771000000000000e+009	 -2.2609369999999998e+001	
  3.6794000000000000e+009	 -2.2601559999999999e+001	
  3.6817000000000000e+009	 -2.2765619999999998e+001	
  3.6840000000000000e+009	 -2.2833010000000002e+001	
  3.6863000000000000e+009	 -2.2854489999999998e+001	
  3.6886000000000000e+009	 -2.2947260000000000e+001	
  3.6909000000000000e+009	 -2.2996089999999999e+001	
  3.6932000000000000e+009	 -2.2974609999999998e+001	
  3.6955000000000000e+009	 -2.2945309999999999e+001	
  3.6978000000000000e+009	 -2.2865230000000000e+001	
  3.7001000000000000e+009	 -2.2785150000000002e+001	
  3.7024000000000000e+009	 -2.2647459999999999e+001	
  3.7047000000000000e+009	 -2.2460940000000001e+001	
  3.7070000000000000e+009	 -2.2286130000000000e+001	
  3.7093000000000000e+009	 -2.2008790000000001e+001	
  3.7116000000000000e+009	 -2.1683589999999999e+001	
  3.7139000000000000e+009	 -2.1277339999999999e+001	
  3.7162000000000000e+009	 -2.0950189999999999e+001	
  3.7185000000000000e+009	 -2.0629880000000000e+001	
  3.7208000000000000e+009	 -2.0286130000000000e+001	
  3.7231000000000000e+009	 -1.9913080000000001e+001	
  3.7254000000000000e+009	 -1.9596679999999999e+001	
  3.7277000000000000e+009	 -1.9265619999999998e+001	
  3.7300000000000000e+009	 -1.8865230000000000e+001	
  3.7323000000000000e+009	 -1.8469719999999999e+001	
  3.7346000000000000e+009	 -1.8051760000000002e+001	
  3.7369000000000000e+009	 -1.7744140000000002e+001	
  3.7392000000000000e+009	 -1.7409179999999999e+001	
  3.7415000000000000e+009	 -1.7202150000000000e+001	
  3.7438000000000000e+009	 -1.7031250000000000e+001	
  3.7461000000000000e+009	 -1.6885739999999998e+001	
  3.7484000000000000e+009	 -1.6770510000000002e+001	
  3.7507000000000000e+009	 -1.6796880000000002e+001	
  3.7530000000000000e+009	 -1.6816410000000001e+001	
  3.7553000000000000e+009	 -1.6783200000000001e+001	
  3.7576000000000000e+009	 -1.6712890000000002e+001	
  3.7599000000000000e+009	 -1.6623049999999999e+001	
  3.7622000000000000e+009	 -1.6492190000000001e+001	
  3.7645000000000000e+009	 -1.6316400000000002e+001	
  3.7668000000000000e+009	 -1.6011720000000000e+001	
  3.7691000000000000e+009	 -1.5651859999999999e+001	
  3.7714000000000000e+009	 -1.5223140000000001e+001	
  3.7737000000000000e+009	 -1.4698729999999999e+001	
  3.7760000000000000e+009	 -1.4056640000000000e+001	
  3.7783000000000000e+009	 -1.3429200000000000e+001	
  3.7806000000000000e+009	 -1.2755369999999999e+001	
  3.7829000000000000e+009	 -1.2041020000000000e+001	
  3.7852000000000000e+009	 -1.1340820000000001e+001	
  3.7875000000000000e+009	 -1.0694820000000000e+001	
  3.7898000000000000e+009	 -1.0135249999999999e+001	
  3.7921000000000000e+009	 -9.6000979999999991e+000	
  3.7944000000000000e+009	 -9.1577149999999996e+000	
  3.7967000000000000e+009	 -8.8041990000000006e+000	
  3.7990000000000000e+009	 -8.5385740000000006e+000	
  3.8013000000000000e+009	 -8.2905270000000009e+000	
  3.8036000000000000e+009	 -8.1000979999999991e+000	
  3.8059000000000000e+009	 -8.0126950000000008e+000	
  3.8082000000000000e+009	 -7.9716800000000001e+000	
  3.8105000000000000e+009	 -7.9797359999999999e+000	
  3.8128000000000000e+009	 -8.0488280000000003e+000	
  3.8151000000000000e+009	 -8.1977539999999998e+000	
  3.8174000000000000e+009	 -8.4428710000000002e+000	
  3.8197000000000000e+009	 -8.7060549999999992e+000	
  3.8220000000000000e+009	 -9.0253910000000008e+000	
  3.8243000000000000e+009	 -9.5151369999999993e+000	
  3.8266000000000000e+009	 -9.8940429999999999e+000	
  3.8289000000000000e+009	 -1.0453130000000000e+001	
  3.8312000000000000e+009	 -1.0911130000000000e+001	
  3.8335000000000000e+009	 -1.1372560000000000e+001	
  3.8358000000000000e+009	 -1.1823240000000000e+001	
  3.8381000000000000e+009	 -1.2257809999999999e+001	
  3.8404000000000000e+009	 -1.2646970000000000e+001	
  3.8427000000000000e+009	 -1.2998540000000000e+001	
  3.8450000000000000e+009	 -1.3227539999999999e+001	
  3.8473000000000000e+009	 -1.3654299999999999e+001	
  3.8496000000000000e+009	 -1.3888669999999999e+001	
  3.8519000000000000e+009	 -1.4082030000000000e+001	
  3.8542000000000000e+009	 -1.4253909999999999e+001	
  3.8565000000000000e+009	 -1.4327150000000000e+001	
  3.8588000000000000e+009	 -1.4386720000000000e+001	
  3.8611000000000000e+009	 -1.4467290000000000e+001	
  3.8634000000000000e+009	 -1.4495609999999999e+001	
  3.8657000000000000e+009	 -1.4557130000000001e+001	
  3.8680000000000000e+009	 -1.4594730000000000e+001	
  3.8703000000000000e+009	 -1.4615720000000000e+001	
  3.8726000000000000e+009	 -1.4785159999999999e+001	
  3.8749000000000000e+009	 -1.4997560000000000e+001	
  3.8772000000000000e+009	 -1.5246580000000000e+001	
  3.8795000000000000e+009	 -1.5480960000000000e+001	
  3.8818000000000000e+009	 -1.5846190000000000e+001	
  3.8841000000000000e+009	 -1.6117190000000001e+001	
  3.8864000000000000e+009	 -1.6492190000000001e+001	
  3.8887000000000000e+009	 -1.6819330000000001e+001	
  3.8910000000000000e+009	 -1.7159179999999999e+001	
  3.8933000000000000e+009	 -1.7480470000000000e+001	
  3.8956000000000000e+009	 -1.7758790000000001e+001	
  3.8979000000000000e+009	 -1.7979489999999998e+001	
  3.9002000000000000e+009	 -1.8219729999999998e+001	
  3.9025000000000000e+009	 -1.8371089999999999e+001	
  3.9048000000000000e+009	 -1.8500979999999998e+001	
  3.9071000000000000e+009	 -1.8564450000000001e+001	
  3.9094000000000000e+009	 -1.8675780000000000e+001	
  3.9117000000000000e+009	 -1.8707030000000000e+001	
  3.9140000000000000e+009	 -1.8738280000000000e+001	
  3.9163000000000000e+009	 -1.8821290000000001e+001	
  3.9186000000000000e+009	 -1.8803709999999999e+001	
  3.9209000000000000e+009	 -1.8812500000000000e+001	
  3.9232000000000000e+009	 -1.8788080000000001e+001	
  3.9255000000000000e+009	 -1.8759770000000000e+001	
  3.9278000000000000e+009	 -1.8684570000000001e+001	
  3.9301000000000000e+009	 -1.8614260000000002e+001	
  3.9324000000000000e+009	 -1.8490230000000000e+001	
  3.9347000000000000e+009	 -1.8420900000000000e+001	
  3.9370000000000000e+009	 -1.8285160000000001e+001	
  3.9393000000000000e+009	 -1.8089839999999999e+001	
  3.9416000000000000e+009	 -1.8054690000000001e+001	
  3.9439000000000000e+009	 -1.7988280000000000e+001	
  3.9462000000000000e+009	 -1.7980470000000000e+001	
  3.9485000000000000e+009	 -1.7881830000000001e+001	
  3.9508000000000000e+009	 -1.8007809999999999e+001	
  3.9531000000000000e+009	 -1.8169920000000001e+001	
  3.9554000000000000e+009	 -1.8348630000000000e+001	
  3.9577000000000000e+009	 -1.8567380000000000e+001	
  3.9600000000000000e+009	 -1.8825189999999999e+001	
  3.9623000000000000e+009	 -1.9088870000000000e+001	
  3.9646000000000000e+009	 -1.9414059999999999e+001	
  3.9669000000000000e+009	 -1.9620120000000000e+001	
  3.9692000000000000e+009	 -1.9851559999999999e+001	
  3.9715000000000000e+009	 -1.9848630000000000e+001	
  3.9738000000000000e+009	 -2.0123049999999999e+001	
  3.9761000000000000e+009	 -2.0219729999999998e+001	
  3.9784000000000000e+009	 -2.0175780000000000e+001	
  3.9807000000000000e+009	 -1.9997070000000001e+001	
  3.9830000000000000e+009	 -1.9912109999999998e+001	
  3.9853000000000000e+009	 -1.9696290000000001e+001	
  3.9876000000000000e+009	 -1.9439450000000001e+001	
  3.9899000000000000e+009	 -1.9190429999999999e+001	
  3.9922000000000000e+009	 -1.8846679999999999e+001	
  3.9945000000000000e+009	 -1.8537109999999998e+001	
  3.9968000000000000e+009	 -1.8280270000000002e+001	
  3.9991000000000000e+009	 -1.8027339999999999e+001	
  4.0014000000000000e+009	 -1.7743160000000000e+001	
  4.0037000000000000e+009	 -1.7511720000000000e+001	
  4.0060000000000000e+009	 -1.7412109999999998e+001	
  4.0083000000000000e+009	 -1.7256830000000001e+001	
  4.0106000000000000e+009	 -1.7253900000000002e+001	
  4.0129000000000000e+009	 -1.7305660000000000e+001	
  4.0152000000000000e+009	 -1.7339839999999999e+001	
  4.0175000000000000e+009	 -1.7461910000000000e+001	
  4.0198000000000000e+009	 -1.7584959999999999e+001	
  4.0221000000000000e+009	 -1.7749020000000002e+001	
  4.0244000000000000e+009	 -1.7832030000000000e+001	
  4.0267000000000000e+009	 -1.7958980000000000e+001	
  4.0290000000000000e+009	 -1.8033200000000001e+001	
  4.0313000000000000e+009	 -1.8053709999999999e+001	
  4.0336000000000000e+009	 -1.8099609999999998e+001	
  4.0359000000000000e+009	 -1.8127929999999999e+001	
  4.0382000000000000e+009	 -1.8013670000000001e+001	
  4.0405000000000000e+009	 -1.7871089999999999e+001	
  4.0428000000000000e+009	 -1.7745120000000000e+001	
  4.0451000000000000e+009	 -1.7536130000000000e+001	
  4.0474000000000000e+009	 -1.7254880000000000e+001	
  4.0497000000000000e+009	 -1.6977540000000001e+001	
  4.0520000000000000e+009	 -1.6691410000000001e+001	
  4.0543000000000000e+009	 -1.6370120000000000e+001	
  4.0566000000000000e+009	 -1.6026370000000000e+001	
  4.0589000000000000e+009	 -1.5758300000000000e+001	
  4.0612000000000000e+009	 -1.5381840000000000e+001	
  4.0635000000000000e+009	 -1.5091310000000000e+001	
  4.0658000000000000e+009	 -1.4919430000000000e+001	
  4.0681000000000000e+009	 -1.4678220000000000e+001	
  4.0704000000000000e+009	 -1.4452150000000000e+001	
  4.0727000000000000e+009	 -1.4296880000000000e+001	
  4.0750000000000000e+009	 -1.4112790000000000e+001	
  4.0773000000000000e+009	 -1.4000980000000000e+001	
  4.0796000000000000e+009	 -1.3853520000000000e+001	
  4.0819000000000000e+009	 -1.3693849999999999e+001	
  4.0842000000000000e+009	 -1.3520510000000000e+001	
  4.0865000000000000e+009	 -1.3325680000000000e+001	
  4.0888000000000000e+009	 -1.3151859999999999e+001	
  4.0911000000000000e+009	 -1.3017090000000000e+001	
  4.0934000000000000e+009	 -1.2732910000000000e+001	
  4.0957000000000000e+009	 -1.2531739999999999e+001	
  4.0980000000000000e+009	 -1.2185549999999999e+001	
  4.1003000000000000e+009	 -1.2089840000000001e+001	
  4.1026000000000000e+009	 -1.1990720000000000e+001	
  4.1049000000000000e+009	 -1.1780760000000001e+001	
  4.1072000000000000e+009	 -1.1598630000000000e+001	
  4.1095000000000000e+009	 -1.1459470000000000e+001	
  4.1118000000000000e+009	 -1.1290039999999999e+001	
  4.1141000000000000e+009	 -1.1129880000000000e+001	
  4.1164000000000000e+009	 -1.0943849999999999e+001	
  4.1187000000000000e+009	 -1.0773440000000001e+001	
  4.1210000000000000e+009	 -1.0570309999999999e+001	
  4.1233000000000000e+009	 -1.0326169999999999e+001	
  4.1256000000000000e+009	 -1.0122560000000000e+001	
  4.1279000000000000e+009	 -9.9306640000000002e+000	
  4.1302000000000000e+009	 -9.7880859999999998e+000	
  4.1325000000000000e+009	 -9.5937500000000000e+000	
  4.1348000000000000e+009	 -9.4907229999999991e+000	
  4.1371000000000000e+009	 -9.4091799999999992e+000	
  4.1394000000000000e+009	 -9.4038090000000008e+000	
  4.1417000000000000e+009	 -9.4252929999999999e+000	
  4.1440000000000000e+009	 -9.4433589999999992e+000	
  4.1463000000000000e+009	 -9.4267579999999995e+000	
  4.1486000000000000e+009	 -9.5698240000000006e+000	
  4.1509000000000000e+009	 -9.6933589999999992e+000	
  4.1532000000000000e+009	 -9.7041020000000007e+000	
  4.1555000000000000e+009	 -9.9941410000000008e+000	
  4.1578000000000000e+009	 -1.0190920000000000e+001	
  4.1601000000000000e+009	 -1.0594730000000000e+001	
  4.1624000000000000e+009	 -1.0931150000000001e+001	
  4.1647000000000000e+009	 -1.1375000000000000e+001	
  4.1670000000000000e+009	 -1.1821780000000000e+001	
  4.1693000000000000e+009	 -1.2282710000000000e+001	
  4.1716000000000000e+009	 -1.2808590000000001e+001	
  4.1739000000000000e+009	 -1.3333010000000000e+001	
  4.1762000000000000e+009	 -1.3698729999999999e+001	
  4.1785000000000000e+009	 -1.4265140000000001e+001	
  4.1808000000000000e+009	 -1.4611330000000001e+001	
  4.1831000000000000e+009	 -1.4934570000000001e+001	
  4.1854000000000000e+009	 -1.5361820000000000e+001	
  4.1877000000000000e+009	 -1.5557130000000001e+001	
  4.1900000000000000e+009	 -1.5841799999999999e+001	
  4.1923000000000000e+009	 -1.5974119999999999e+001	
  4.1946000000000000e+009	 -1.6125969999999999e+001	
  4.1969000000000000e+009	 -1.6197260000000000e+001	
  4.1992000000000000e+009	 -1.6202150000000000e+001	
  4.2015000000000000e+009	 -1.6186520000000002e+001	
  4.2038000000000000e+009	 -1.6151370000000000e+001	
  4.2061000000000000e+009	 -1.6153320000000001e+001	
  4.2084000000000000e+009	 -1.6066410000000001e+001	
  4.2107000000000000e+009	 -1.5984859999999999e+001	
  4.2130000000000000e+009	 -1.6034179999999999e+001	
  4.2153000000000000e+009	 -1.6070309999999999e+001	
  4.2176000000000000e+009	 -1.6166989999999998e+001	
  4.2199000000000000e+009	 -1.6359369999999998e+001	
  4.2222000000000000e+009	 -1.6558589999999999e+001	
  4.2245000000000000e+009	 -1.6832030000000000e+001	
  4.2268000000000000e+009	 -1.7115230000000000e+001	
  4.2291000000000000e+009	 -1.7507809999999999e+001	
  4.2314000000000000e+009	 -1.7831050000000001e+001	
  4.2337000000000000e+009	 -1.8228510000000000e+001	
  4.2360000000000000e+009	 -1.8530270000000002e+001	
  4.2383000000000000e+009	 -1.8770510000000002e+001	
  4.2406000000000000e+009	 -1.9081050000000001e+001	
  4.2429000000000000e+009	 -1.9231439999999999e+001	
  4.2452000000000000e+009	 -1.9423829999999999e+001	
  4.2475000000000000e+009	 -1.9635739999999998e+001	
  4.2498000000000000e+009	 -1.9871089999999999e+001	
  4.2521000000000000e+009	 -1.9943359999999998e+001	
  4.2544000000000000e+009	 -2.0100580000000001e+001	
  4.2567000000000000e+009	 -2.0158200000000001e+001	
  4.2590000000000000e+009	 -2.0200199999999999e+001	
  4.2613000000000000e+009	 -2.0250000000000000e+001	
  4.2636000000000000e+009	 -2.0302730000000000e+001	
  4.2659000000000000e+009	 -2.0220700000000001e+001	
  4.2682000000000000e+009	 -2.0325189999999999e+001	
  4.2705000000000000e+009	 -2.0364260000000002e+001	
  4.2728000000000000e+009	 -2.0486329999999999e+001	
  4.2751000000000000e+009	 -2.0590820000000001e+001	
  4.2774000000000000e+009	 -2.0773430000000001e+001	
  4.2797000000000000e+009	 -2.0788080000000001e+001	
  4.2820000000000000e+009	 -2.0860350000000000e+001	
  4.2843000000000000e+009	 -2.0912109999999998e+001	
  4.2866000000000000e+009	 -2.0944330000000001e+001	
  4.2889000000000000e+009	 -2.0892579999999999e+001	
  4.2912000000000000e+009	 -2.0912109999999998e+001	
  4.2935000000000000e+009	 -2.0853510000000000e+001	
  4.2958000000000000e+009	 -2.0790040000000001e+001	
  4.2981000000000000e+009	 -2.0825199999999999e+001	
  4.3004000000000000e+009	 -2.0795900000000000e+001	
  4.3027000000000000e+009	 -2.0887689999999999e+001	
  4.3050000000000000e+009	 -2.1090820000000001e+001	
  4.3073000000000000e+009	 -2.1230470000000000e+001	
  4.3096000000000000e+009	 -2.1485350000000000e+001	
  4.3119000000000000e+009	 -2.1771480000000000e+001	
  4.3142000000000000e+009	 -2.2135739999999998e+001	
  4.3165000000000000e+009	 -2.2471679999999999e+001	
  4.3188000000000000e+009	 -2.2826170000000001e+001	
  4.3211000000000000e+009	 -2.3120120000000000e+001	
  4.3234000000000000e+009	 -2.3361329999999999e+001	
  4.3257000000000000e+009	 -2.3648440000000001e+001	
  4.3280000000000000e+009	 -2.3714839999999999e+001	
  4.3303000000000000e+009	 -2.3803709999999999e+001	
  4.3326000000000000e+009	 -2.3837890000000002e+001	
  4.3349000000000000e+009	 -2.3733400000000000e+001	
  4.3372000000000000e+009	 -2.3563479999999998e+001	
  4.3395000000000000e+009	 -2.3314450000000001e+001	
  4.3418000000000000e+009	 -2.3074220000000000e+001	
  4.3441000000000000e+009	 -2.2842770000000002e+001	
  4.3464000000000000e+009	 -2.2549810000000001e+001	
  4.3487000000000000e+009	 -2.2329100000000000e+001	
  4.3510000000000000e+009	 -2.2116209999999999e+001	
  4.3533000000000000e+009	 -2.1968750000000000e+001	
  4.3556000000000000e+009	 -2.1914059999999999e+001	
  4.3579000000000000e+009	 -2.1949220000000000e+001	
  4.3602000000000000e+009	 -2.2049800000000001e+001	
  4.3625000000000000e+009	 -2.2243160000000000e+001	
  4.3648000000000000e+009	 -2.2460940000000001e+001	
  4.3671000000000000e+009	 -2.2682610000000000e+001	
  4.3694000000000000e+009	 -2.3165040000000001e+001	
  4.3717000000000000e+009	 -2.3373049999999999e+001	
  4.3740000000000000e+009	 -2.3668939999999999e+001	
  4.3763000000000000e+009	 -2.3993160000000000e+001	
  4.3786000000000000e+009	 -2.4319330000000001e+001	
  4.3809000000000000e+009	 -2.4546869999999998e+001	
  4.3832000000000000e+009	 -2.4780270000000002e+001	
  4.3855000000000000e+009	 -2.4914059999999999e+001	
  4.3878000000000000e+009	 -2.5061520000000002e+001	
  4.3901000000000000e+009	 -2.5174800000000001e+001	
  4.3924000000000000e+009	 -2.5199220000000000e+001	
  4.3947000000000000e+009	 -2.5248049999999999e+001	
  4.3970000000000000e+009	 -2.5115230000000000e+001	
  4.3993000000000000e+009	 -2.4985350000000000e+001	
  4.4016000000000000e+009	 -2.4770510000000002e+001	
  4.4039000000000000e+009	 -2.4767579999999999e+001	
  4.4062000000000000e+009	 -2.4418949999999999e+001	
  4.4085000000000000e+009	 -2.4238280000000000e+001	
  4.4108000000000000e+009	 -2.3953119999999998e+001	
  4.4131000000000000e+009	 -2.3708980000000000e+001	
  4.4154000000000000e+009	 -2.3527339999999999e+001	
  4.4177000000000000e+009	 -2.3361329999999999e+001	
  4.4200000000000000e+009	 -2.3321290000000001e+001	
  4.4223000000000000e+009	 -2.3336910000000000e+001	
  4.4246000000000000e+009	 -2.3374020000000002e+001	
  4.4269000000000000e+009	 -2.3634760000000000e+001	
  4.4292000000000000e+009	 -2.3784179999999999e+001	
  4.4315000000000000e+009	 -2.3973630000000000e+001	
  4.4338000000000000e+009	 -2.4212890000000002e+001	
  4.4361000000000000e+009	 -2.4536130000000000e+001	
  4.4384000000000000e+009	 -2.4810540000000000e+001	
  4.4407000000000000e+009	 -2.4950189999999999e+001	
  4.4430000000000000e+009	 -2.5139650000000000e+001	
  4.4453000000000000e+009	 -2.5258790000000001e+001	
  4.4476000000000000e+009	 -2.5300780000000000e+001	
  4.4499000000000000e+009	 -2.5303709999999999e+001	
  4.4522000000000000e+009	 -2.5241209999999999e+001	
  4.4545000000000000e+009	 -2.5281250000000000e+001	
  4.4568000000000000e+009	 -2.5130859999999998e+001	
  4.4591000000000000e+009	 -2.5035150000000002e+001	
  4.4614000000000000e+009	 -2.4979489999999998e+001	
  4.4637000000000000e+009	 -2.4922850000000000e+001	
  4.4660000000000000e+009	 -2.4850580000000001e+001	
  4.4683000000000000e+009	 -2.4914059999999999e+001	
  4.4706000000000000e+009	 -2.4852540000000001e+001	
  4.4729000000000000e+009	 -2.4883790000000001e+001	
  4.4752000000000000e+009	 -2.4953119999999998e+001	
  4.4775000000000000e+009	 -2.4907229999999998e+001	
  4.4798000000000000e+009	 -2.4908200000000001e+001	
  4.4821000000000000e+009	 -2.4850580000000001e+001	
  4.4844000000000000e+009	 -2.4770510000000002e+001	
  4.4867000000000000e+009	 -2.4608400000000000e+001	
  4.4890000000000000e+009	 -2.4419920000000001e+001	
  4.4913000000000000e+009	 -2.4268550000000001e+001	
  4.4936000000000000e+009	 -2.4059570000000001e+001	
  4.4959000000000000e+009	 -2.3813479999999998e+001	
  4.4982000000000000e+009	 -2.3601559999999999e+001	
  4.5005000000000000e+009	 -2.3569340000000000e+001	
  4.5028000000000000e+009	 -2.3470700000000001e+001	
  4.5051000000000000e+009	 -2.3511720000000000e+001	
  4.5074000000000000e+009	 -2.3644530000000000e+001	
  4.5097000000000000e+009	 -2.3783200000000001e+001	
  4.5120000000000000e+009	 -2.4005859999999998e+001	
  4.5143000000000000e+009	 -2.4250000000000000e+001	
  4.5166000000000000e+009	 -2.4517569999999999e+001	
  4.5189000000000000e+009	 -2.4724609999999998e+001	
  4.5212000000000000e+009	 -2.4916010000000000e+001	
  4.5235000000000000e+009	 -2.5074210000000001e+001	
  4.5258000000000000e+009	 -2.5034179999999999e+001	
  4.5281000000000000e+009	 -2.4858400000000000e+001	
  4.5304000000000000e+009	 -2.4712890000000002e+001	
  4.5327000000000000e+009	 -2.4361319999999999e+001	
  4.5350000000000000e+009	 -2.3921880000000002e+001	
  4.5373000000000000e+009	 -2.3180660000000000e+001	
  4.5396000000000000e+009	 -2.2779299999999999e+001	
  4.5419000000000000e+009	 -2.4454100000000000e+001	
  4.5442000000000000e+009	 -2.8490230000000000e+001	
  4.5465000000000000e+009	 -2.9015619999999998e+001	
  4.5488000000000000e+009	 -2.7853510000000000e+001	
  4.5511000000000000e+009	 -2.6767579999999999e+001	
  4.5534000000000000e+009	 -2.5951170000000001e+001	
  4.5557000000000000e+009	 -2.5400390000000002e+001	
  4.5580000000000000e+009	 -2.5006830000000001e+001	
  4.5603000000000000e+009	 -2.4691410000000001e+001	
  4.5626000000000000e+009	 -2.4493160000000000e+001	
  4.5649000000000000e+009	 -2.4505859999999998e+001	
  4.5672000000000000e+009	 -2.4461910000000000e+001	
  4.5695000000000000e+009	 -2.4536130000000000e+001	
  4.5718000000000000e+009	 -2.4677730000000000e+001	
  4.5741000000000000e+009	 -2.4861329999999999e+001	
  4.5764000000000000e+009	 -2.5061520000000002e+001	
  4.5787000000000000e+009	 -2.5218750000000000e+001	
  4.5810000000000000e+009	 -2.5392579999999999e+001	
  4.5833000000000000e+009	 -2.5553709999999999e+001	
  4.5856000000000000e+009	 -2.5720700000000001e+001	
  4.5879000000000000e+009	 -2.5774410000000000e+001	
  4.5902000000000000e+009	 -2.5770510000000002e+001	
  4.5925000000000000e+009	 -2.5843750000000000e+001	
  4.5948000000000000e+009	 -2.5698239999999998e+001	
  4.5971000000000000e+009	 -2.5683589999999999e+001	
  4.5994000000000000e+009	 -2.5457030000000000e+001	
  4.6017000000000000e+009	 -2.5208010000000002e+001	
  4.6040000000000000e+009	 -2.4966790000000000e+001	
  4.6063000000000000e+009	 -2.4584959999999999e+001	
  4.6086000000000000e+009	 -2.4301760000000002e+001	
  4.6109000000000000e+009	 -2.4012689999999999e+001	
  4.6132000000000000e+009	 -2.3701170000000001e+001	
  4.6155000000000000e+009	 -2.3438479999999998e+001	
  4.6178000000000000e+009	 -2.3211910000000000e+001	
  4.6201000000000000e+009	 -2.3067380000000000e+001	
  4.6224000000000000e+009	 -2.2996089999999999e+001	
  4.6247000000000000e+009	 -2.2991209999999999e+001	
  4.6270000000000000e+009	 -2.2909179999999999e+001	
  4.6293000000000000e+009	 -2.3016600000000000e+001	
  4.6316000000000000e+009	 -2.3113280000000000e+001	
  4.6339000000000000e+009	 -2.3251950000000001e+001	
  4.6362000000000000e+009	 -2.3313469999999999e+001	
  4.6385000000000000e+009	 -2.3397459999999999e+001	
  4.6408000000000000e+009	 -2.3437500000000000e+001	
  4.6431000000000000e+009	 -2.3435540000000000e+001	
  4.6454000000000000e+009	 -2.3400390000000002e+001	
  4.6477000000000000e+009	 -2.3353510000000000e+001	
  4.6500000000000000e+009	 -2.3296880000000002e+001	
  4.6523000000000000e+009	 -2.3250000000000000e+001	
  4.6546000000000000e+009	 -2.3126950000000001e+001	
  4.6569000000000000e+009	 -2.3051760000000002e+001	
  4.6592000000000000e+009	 -2.3041010000000000e+001	
  4.6615000000000000e+009	 -2.2985350000000000e+001	
  4.6638000000000000e+009	 -2.3008790000000001e+001	
  4.6661000000000000e+009	 -2.2998049999999999e+001	
  4.6684000000000000e+009	 -2.3021480000000000e+001	
  4.6707000000000000e+009	 -2.3028320000000001e+001	
  4.6730000000000000e+009	 -2.3073239999999998e+001	
  4.6753000000000000e+009	 -2.3045900000000000e+001	
  4.6776000000000000e+009	 -2.2982420000000001e+001	
  4.6799000000000000e+009	 -2.2938479999999998e+001	
  4.6822000000000000e+009	 -2.2773440000000001e+001	
  4.6845000000000000e+009	 -2.2641600000000000e+001	
  4.6868000000000000e+009	 -2.2325199999999999e+001	
  4.6891000000000000e+009	 -2.2096679999999999e+001	
  4.6914000000000000e+009	 -2.1871089999999999e+001	
  4.6937000000000000e+009	 -2.1520499999999998e+001	
  4.6960000000000000e+009	 -2.1222650000000002e+001	
  4.6983000000000000e+009	 -2.0933589999999999e+001	
  4.7006000000000000e+009	 -2.0687500000000000e+001	
  4.7029000000000000e+009	 -2.0516600000000000e+001	
  4.7052000000000000e+009	 -2.0413080000000001e+001	
  4.7075000000000000e+009	 -2.0332030000000000e+001	
  4.7098000000000000e+009	 -2.0375979999999998e+001	
  4.7121000000000000e+009	 -2.0308589999999999e+001	
  4.7144000000000000e+009	 -2.0417970000000000e+001	
  4.7167000000000000e+009	 -2.0524410000000000e+001	
  4.7190000000000000e+009	 -2.0688479999999998e+001	
  4.7213000000000000e+009	 -2.0872070000000001e+001	
  4.7236000000000000e+009	 -2.1013670000000001e+001	
  4.7259000000000000e+009	 -2.1106439999999999e+001	
  4.7282000000000000e+009	 -2.1206050000000001e+001	
  4.7305000000000000e+009	 -2.1216799999999999e+001	
  4.7328000000000000e+009	 -2.1182620000000000e+001	
  4.7351000000000000e+009	 -2.1115230000000000e+001	
  4.7374000000000000e+009	 -2.0994140000000002e+001	
  4.7397000000000000e+009	 -2.0860350000000000e+001	
  4.7420000000000000e+009	 -2.0635739999999998e+001	
  4.7443000000000000e+009	 -2.0362310000000001e+001	
  4.7466000000000000e+009	 -2.0087890000000002e+001	
  4.7489000000000000e+009	 -1.9699220000000000e+001	
  4.7512000000000000e+009	 -1.9340820000000001e+001	
  4.7535000000000000e+009	 -1.8971679999999999e+001	
  4.7558000000000000e+009	 -1.8510739999999998e+001	
  4.7581000000000000e+009	 -1.8209959999999999e+001	
  4.7604000000000000e+009	 -1.7876950000000001e+001	
  4.7627000000000000e+009	 -1.7565429999999999e+001	
  4.7650000000000000e+009	 -1.7353520000000000e+001	
  4.7673000000000000e+009	 -1.7187500000000000e+001	
  4.7696000000000000e+009	 -1.7066400000000002e+001	
  4.7719000000000000e+009	 -1.7107420000000001e+001	
  4.7742000000000000e+009	 -1.7210940000000001e+001	
  4.7765000000000000e+009	 -1.7351559999999999e+001	
  4.7788000000000000e+009	 -1.7460940000000001e+001	
  4.7811000000000000e+009	 -1.7661130000000000e+001	
  4.7834000000000000e+009	 -1.7770510000000002e+001	
  4.7857000000000000e+009	 -1.7895510000000002e+001	
  4.7880000000000000e+009	 -1.8049800000000001e+001	
  4.7903000000000000e+009	 -1.7986329999999999e+001	
  4.7926000000000000e+009	 -1.7946290000000001e+001	
  4.7949000000000000e+009	 -1.7825189999999999e+001	
  4.7972000000000000e+009	 -1.7619140000000002e+001	
  4.7995000000000000e+009	 -1.7328119999999998e+001	
  4.8018000000000000e+009	 -1.7029290000000000e+001	
  4.8041000000000000e+009	 -1.6668939999999999e+001	
  4.8064000000000000e+009	 -1.6232420000000001e+001	
  4.8087000000000000e+009	 -1.5807130000000001e+001	
  4.8110000000000000e+009	 -1.5424320000000000e+001	
  4.8133000000000000e+009	 -1.5033690000000000e+001	
  4.8156000000000000e+009	 -1.4564450000000001e+001	
  4.8179000000000000e+009	 -1.4319340000000000e+001	
  4.8202000000000000e+009	 -1.4031250000000000e+001	
  4.8225000000000000e+009	 -1.3845210000000000e+001	
  4.8248000000000000e+009	 -1.3646000000000001e+001	
  4.8271000000000000e+009	 -1.3473140000000001e+001	
  4.8294000000000000e+009	 -1.3322749999999999e+001	
  4.8317000000000000e+009	 -1.3126950000000001e+001	
  4.8340000000000000e+009	 -1.2949710000000000e+001	
  4.8363000000000000e+009	 -1.2751950000000001e+001	
  4.8386000000000000e+009	 -1.2517580000000001e+001	
  4.8409000000000000e+009	 -1.2285159999999999e+001	
  4.8432000000000000e+009	 -1.1980470000000000e+001	
  4.8455000000000000e+009	 -1.1647460000000001e+001	
  4.8478000000000000e+009	 -1.1408200000000001e+001	
  4.8501000000000000e+009	 -1.1118650000000001e+001	
  4.8524000000000000e+009	 -1.0782230000000000e+001	
  4.8547000000000000e+009	 -1.0515630000000000e+001	
  4.8570000000000000e+009	 -1.0260249999999999e+001	
  4.8593000000000000e+009	 -9.9995119999999993e+000	
  4.8616000000000000e+009	 -9.7456049999999994e+000	
  4.8639000000000000e+009	 -9.5087890000000002e+000	
  4.8662000000000000e+009	 -9.2846679999999999e+000	
  4.8685000000000000e+009	 -9.0688479999999991e+000	
  4.8708000000000000e+009	 -8.8344729999999991e+000	
  4.8731000000000000e+009	 -8.5166020000000007e+000	
  4.8754000000000000e+009	 -8.2954100000000004e+000	
  4.8777000000000000e+009	 -7.9741210000000002e+000	
  4.8800000000000000e+009	 -7.8032230000000000e+000	
  4.8823000000000000e+009	 -7.6208499999999999e+000	
  4.8846000000000000e+009	 -7.5656739999999996e+000	
  4.8869000000000000e+009	 -7.5249020000000000e+000	
  4.8892000000000000e+009	 -7.5512699999999997e+000	
  4.8915000000000000e+009	 -7.6403809999999996e+000	
  4.8938000000000000e+009	 -7.7832030000000003e+000	
  4.8961000000000000e+009	 -7.8486330000000004e+000	
  4.8984000000000000e+009	 -7.9216309999999996e+000	
  4.9007000000000000e+009	 -8.0747070000000001e+000	
  4.9030000000000000e+009	 -8.1552729999999993e+000	
  4.9053000000000000e+009	 -8.2919920000000005e+000	
  4.9076000000000000e+009	 -8.3837890000000002e+000	
  4.9099000000000000e+009	 -8.5971679999999999e+000	
  4.9122000000000000e+009	 -8.8100590000000008e+000	
  4.9145000000000000e+009	 -9.0400390000000002e+000	
  4.9168000000000000e+009	 -9.3476560000000006e+000	
  4.9191000000000000e+009	 -9.7031250000000000e+000	
  4.9214000000000000e+009	 -1.0187010000000001e+001	
  4.9237000000000000e+009	 -1.0685549999999999e+001	
  4.9260000000000000e+009	 -1.1236330000000001e+001	
  4.9283000000000000e+009	 -1.1748049999999999e+001	
  4.9306000000000000e+009	 -1.2359859999999999e+001	
  4.9329000000000000e+009	 -1.2894040000000000e+001	
  4.9352000000000000e+009	 -1.3405760000000001e+001	
  4.9375000000000000e+009	 -1.3937500000000000e+001	
  4.9398000000000000e+009	 -1.4434570000000001e+001	
  4.9421000000000000e+009	 -1.4815920000000000e+001	
  4.9444000000000000e+009	 -1.5194820000000000e+001	
  4.9467000000000000e+009	 -1.5507809999999999e+001	
  4.9490000000000000e+009	 -1.5788090000000000e+001	
  4.9513000000000000e+009	 -1.5934080000000000e+001	
  4.9536000000000000e+009	 -1.6105470000000000e+001	
  4.9559000000000000e+009	 -1.6141600000000000e+001	
  4.9582000000000000e+009	 -1.6175780000000000e+001	
  4.9605000000000000e+009	 -1.6128900000000002e+001	
  4.9628000000000000e+009	 -1.6097660000000001e+001	
  4.9651000000000000e+009	 -1.6007809999999999e+001	
  4.9674000000000000e+009	 -1.5907710000000000e+001	
  4.9697000000000000e+009	 -1.5847659999999999e+001	
  4.9720000000000000e+009	 -1.5824710000000000e+001	
  4.9743000000000000e+009	 -1.5839840000000001e+001	
  4.9766000000000000e+009	 -1.5970210000000000e+001	
  4.9789000000000000e+009	 -1.6233400000000000e+001	
  4.9812000000000000e+009	 -1.6500000000000000e+001	
  4.9835000000000000e+009	 -1.6812500000000000e+001	
  4.9858000000000000e+009	 -1.7193359999999998e+001	
  4.9881000000000000e+009	 -1.7669920000000001e+001	
  4.9904000000000000e+009	 -1.8069330000000001e+001	
  4.9927000000000000e+009	 -1.8487300000000001e+001	
  4.9950000000000000e+009	 -1.8889650000000000e+001	
  4.9973000000000000e+009	 -1.9216790000000000e+001	
  4.9996000000000000e+009	 -1.9527339999999999e+001	
  5.0019000000000000e+009	 -1.9796869999999998e+001	
  5.0042000000000000e+009	 -1.9978510000000000e+001	
  5.0065000000000000e+009	 -2.0137699999999999e+001	
  5.0088000000000000e+009	 -2.0205079999999999e+001	
  5.0111000000000000e+009	 -2.0247070000000001e+001	
  5.0134000000000000e+009	 -2.0213870000000000e+001	
  5.0157000000000000e+009	 -2.0178709999999999e+001	
  5.0180000000000000e+009	 -2.0182610000000000e+001	
  5.0203000000000000e+009	 -2.0199220000000000e+001	
  5.0226000000000000e+009	 -2.0175780000000000e+001	
  5.0249000000000000e+009	 -2.0185549999999999e+001	
  5.0272000000000000e+009	 -2.0176760000000002e+001	
  5.0295000000000000e+009	 -2.0202150000000000e+001	
  5.0318000000000000e+009	 -2.0243160000000000e+001	
  5.0341000000000000e+009	 -2.0260739999999998e+001	
  5.0364000000000000e+009	 -2.0299800000000001e+001	
  5.0387000000000000e+009	 -2.0332030000000000e+001	
  5.0410000000000000e+009	 -2.0326170000000001e+001	
  5.0433000000000000e+009	 -2.0355470000000000e+001	
  5.0456000000000000e+009	 -2.0371089999999999e+001	
  5.0479000000000000e+009	 -2.0383790000000001e+001	
  5.0502000000000000e+009	 -2.0455079999999999e+001	
  5.0525000000000000e+009	 -2.0530270000000002e+001	
  5.0548000000000000e+009	 -2.0614260000000002e+001	
  5.0571000000000000e+009	 -2.0704100000000000e+001	
  5.0594000000000000e+009	 -2.0885739999999998e+001	
  5.0617000000000000e+009	 -2.1115230000000000e+001	
  5.0640000000000000e+009	 -2.1369140000000002e+001	
  5.0663000000000000e+009	 -2.1660160000000001e+001	
  5.0686000000000000e+009	 -2.1952150000000000e+001	
  5.0709000000000000e+009	 -2.2291989999999998e+001	
  5.0732000000000000e+009	 -2.2546869999999998e+001	
  5.0755000000000000e+009	 -2.2814450000000001e+001	
  5.0778000000000000e+009	 -2.3045900000000000e+001	
  5.0801000000000000e+009	 -2.3302730000000000e+001	
  5.0824000000000000e+009	 -2.3406250000000000e+001	
  5.0847000000000000e+009	 -2.3474609999999998e+001	
  5.0870000000000000e+009	 -2.3547850000000000e+001	
  5.0893000000000000e+009	 -2.3534179999999999e+001	
  5.0916000000000000e+009	 -2.3481449999999999e+001	
  5.0939000000000000e+009	 -2.3321290000000001e+001	
  5.0962000000000000e+009	 -2.3143550000000001e+001	
  5.0985000000000000e+009	 -2.2933589999999999e+001	
  5.1008000000000000e+009	 -2.2674800000000001e+001	
  5.1031000000000000e+009	 -2.2419920000000001e+001	
  5.1054000000000000e+009	 -2.2205079999999999e+001	
  5.1077000000000000e+009	 -2.1958010000000002e+001	
  5.1100000000000000e+009	 -2.1722660000000001e+001	
  5.1123000000000000e+009	 -2.1606449999999999e+001	
  5.1146000000000000e+009	 -2.1508790000000001e+001	
  5.1169000000000000e+009	 -2.1541010000000000e+001	
  5.1192000000000000e+009	 -2.1655270000000002e+001	
  5.1215000000000000e+009	 -2.1860350000000000e+001	
  5.1238000000000000e+009	 -2.2089839999999999e+001	
  5.1261000000000000e+009	 -2.2425780000000000e+001	
  5.1284000000000000e+009	 -2.2776370000000000e+001	
  5.1307000000000000e+009	 -2.3116209999999999e+001	
  5.1330000000000000e+009	 -2.3524410000000000e+001	
  5.1353000000000000e+009	 -2.3896480000000000e+001	
  5.1376000000000000e+009	 -2.4213870000000000e+001	
  5.1399000000000000e+009	 -2.4540040000000001e+001	
  5.1422000000000000e+009	 -2.4797850000000000e+001	
  5.1445000000000000e+009	 -2.4876950000000001e+001	
  5.1468000000000000e+009	 -2.5043949999999999e+001	
  5.1491000000000000e+009	 -2.4982420000000001e+001	
  5.1514000000000000e+009	 -2.4887699999999999e+001	
  5.1537000000000000e+009	 -2.4849609999999998e+001	
  5.1560000000000000e+009	 -2.4556640000000002e+001	
  5.1583000000000000e+009	 -2.4258790000000001e+001	
  5.1606000000000000e+009	 -2.3903320000000001e+001	
  5.1629000000000000e+009	 -2.3510739999999998e+001	
  5.1652000000000000e+009	 -2.3111329999999999e+001	
  5.1675000000000000e+009	 -2.2677730000000000e+001	
  5.1698000000000000e+009	 -2.2228510000000000e+001	
  5.1721000000000000e+009	 -2.1987300000000001e+001	
  5.1744000000000000e+009	 -2.1733400000000000e+001	
  5.1767000000000000e+009	 -2.2124020000000002e+001	
  5.1790000000000000e+009	 -2.3291020000000000e+001	
  5.1813000000000000e+009	 -2.4222660000000001e+001	
  5.1836000000000000e+009	 -2.4301760000000002e+001	
  5.1859000000000000e+009	 -2.4229489999999998e+001	
  5.1882000000000000e+009	 -2.4257809999999999e+001	
  5.1905000000000000e+009	 -2.4281250000000000e+001	
  5.1928000000000000e+009	 -2.4458010000000002e+001	
  5.1951000000000000e+009	 -2.4616209999999999e+001	
  5.1974000000000000e+009	 -2.4773440000000001e+001	
  5.1997000000000000e+009	 -2.4943359999999998e+001	
  5.2020000000000000e+009	 -2.5040040000000001e+001	
  5.2043000000000000e+009	 -2.5153320000000001e+001	
  5.2066000000000000e+009	 -2.5248049999999999e+001	
  5.2089000000000000e+009	 -2.5267579999999999e+001	
  5.2112000000000000e+009	 -2.5357420000000001e+001	
  5.2135000000000000e+009	 -2.5393550000000001e+001	
  5.2158000000000000e+009	 -2.5462890000000002e+001	
  5.2181000000000000e+009	 -2.5391600000000000e+001	
  5.2204000000000000e+009	 -2.5330079999999999e+001	
  5.2227000000000000e+009	 -2.5216790000000000e+001	
  5.2250000000000000e+009	 -2.5091799999999999e+001	
  5.2273000000000000e+009	 -2.4948239999999998e+001	
  5.2296000000000000e+009	 -2.4771480000000000e+001	
  5.2319000000000000e+009	 -2.4562500000000000e+001	
  5.2342000000000000e+009	 -2.4289059999999999e+001	
  5.2365000000000000e+009	 -2.3982420000000001e+001	
  5.2388000000000000e+009	 -2.3793949999999999e+001	
  5.2411000000000000e+009	 -2.3545900000000000e+001	
  5.2434000000000000e+009	 -2.3395499999999998e+001	
  5.2457000000000000e+009	 -2.3237300000000001e+001	
  5.2480000000000000e+009	 -2.3144530000000000e+001	
  5.2503000000000000e+009	 -2.3125000000000000e+001	
  5.2526000000000000e+009	 -2.3162109999999998e+001	
  5.2549000000000000e+009	 -2.3284179999999999e+001	
  5.2572000000000000e+009	 -2.3465820000000001e+001	
  5.2595000000000000e+009	 -2.3669920000000001e+001	
  5.2618000000000000e+009	 -2.3924800000000001e+001	
  5.2641000000000000e+009	 -2.4196290000000001e+001	
  5.2664000000000000e+009	 -2.4355470000000000e+001	
  5.2687000000000000e+009	 -2.4555660000000000e+001	
  5.2710000000000000e+009	 -2.4768550000000001e+001	
  5.2733000000000000e+009	 -2.4889650000000000e+001	
  5.2756000000000000e+009	 -2.4932610000000000e+001	
  5.2779000000000000e+009	 -2.5014650000000000e+001	
  5.2802000000000000e+009	 -2.4956050000000001e+001	
  5.2825000000000000e+009	 -2.4939450000000001e+001	
  5.2848000000000000e+009	 -2.4814450000000001e+001	
  5.2871000000000000e+009	 -2.4718750000000000e+001	
  5.2894000000000000e+009	 -2.4612300000000001e+001	
  5.2917000000000000e+009	 -2.4486329999999999e+001	
  5.2940000000000000e+009	 -2.4374020000000002e+001	
  5.2963000000000000e+009	 -2.4246089999999999e+001	
  5.2986000000000000e+009	 -2.4143550000000001e+001	
  5.3009000000000000e+009	 -2.3993160000000000e+001	
  5.3032000000000000e+009	 -2.3834959999999999e+001	
  5.3055000000000000e+009	 -2.3700189999999999e+001	
  5.3078000000000000e+009	 -2.3537109999999998e+001	
  5.3101000000000000e+009	 -2.3363280000000000e+001	
  5.3124000000000000e+009	 -2.3155270000000002e+001	
  5.3147000000000000e+009	 -2.2958980000000000e+001	
  5.3170000000000000e+009	 -2.2750000000000000e+001	
  5.3193000000000000e+009	 -2.2545900000000000e+001	
  5.3216000000000000e+009	 -2.2406250000000000e+001	
  5.3239000000000000e+009	 -2.2337890000000002e+001	
  5.3262000000000000e+009	 -2.2322260000000000e+001	
  5.3285000000000000e+009	 -2.2467770000000002e+001	
  5.3308000000000000e+009	 -2.2630859999999998e+001	
  5.3331000000000000e+009	 -2.2797850000000000e+001	
  5.3354000000000000e+009	 -2.3117180000000001e+001	
  5.3377000000000000e+009	 -2.3461910000000000e+001	
  5.3400000000000000e+009	 -2.3724609999999998e+001	
