  3.5000000000000000e+009	 -1.3949710000000000e+001	
  3.5021000000000000e+009	 -1.4132320000000000e+001	
  3.5042000000000000e+009	 -1.4439940000000000e+001	
  3.5063000000000000e+009	 -1.4870609999999999e+001	
  3.5084000000000000e+009	 -1.5401859999999999e+001	
  3.5105000000000000e+009	 -1.5932620000000000e+001	
  3.5126000000000000e+009	 -1.6451170000000001e+001	
  3.5147000000000000e+009	 -1.6959959999999999e+001	
  3.5168000000000000e+009	 -1.7417970000000000e+001	
  3.5189000000000000e+009	 -1.7835940000000001e+001	
  3.5210000000000000e+009	 -1.8176760000000002e+001	
  3.5231000000000000e+009	 -1.8513670000000001e+001	
  3.5252000000000000e+009	 -1.8788080000000001e+001	
  3.5273000000000000e+009	 -1.9118160000000000e+001	
  3.5294000000000000e+009	 -1.9411130000000000e+001	
  3.5315000000000000e+009	 -1.9712890000000002e+001	
  3.5336000000000000e+009	 -2.0031250000000000e+001	
  3.5357000000000000e+009	 -2.0344719999999999e+001	
  3.5378000000000000e+009	 -2.0672850000000000e+001	
  3.5399000000000000e+009	 -2.1090820000000001e+001	
  3.5420000000000000e+009	 -2.1470700000000001e+001	
  3.5441000000000000e+009	 -2.1827150000000000e+001	
  3.5462000000000000e+009	 -2.2255859999999998e+001	
  3.5483000000000000e+009	 -2.2714839999999999e+001	
  3.5504000000000000e+009	 -2.3206050000000001e+001	
  3.5525000000000000e+009	 -2.3613280000000000e+001	
  3.5546000000000000e+009	 -2.4030270000000002e+001	
  3.5567000000000000e+009	 -2.4465820000000001e+001	
  3.5588000000000000e+009	 -2.4919920000000001e+001	
  3.5609000000000000e+009	 -2.5371089999999999e+001	
  3.5630000000000000e+009	 -2.5596679999999999e+001	
  3.5651000000000000e+009	 -2.4807620000000000e+001	
  3.5672000000000000e+009	 -2.3945309999999999e+001	
  3.5693000000000000e+009	 -2.3988280000000000e+001	
  3.5714000000000000e+009	 -2.4156250000000000e+001	
  3.5735000000000000e+009	 -2.4235350000000000e+001	
  3.5756000000000000e+009	 -2.4270510000000002e+001	
  3.5777000000000000e+009	 -2.4229489999999998e+001	
  3.5798000000000000e+009	 -2.4114260000000002e+001	
  3.5819000000000000e+009	 -2.3971679999999999e+001	
  3.5840000000000000e+009	 -2.3777339999999999e+001	
  3.5861000000000000e+009	 -2.3597660000000001e+001	
  3.5882000000000000e+009	 -2.3475580000000001e+001	
  3.5903000000000000e+009	 -2.3358400000000000e+001	
  3.5924000000000000e+009	 -2.3242190000000001e+001	
  3.5945000000000000e+009	 -2.3205079999999999e+001	
  3.5966000000000000e+009	 -2.3219719999999999e+001	
  3.5987000000000000e+009	 -2.3228520000000000e+001	
  3.6008000000000000e+009	 -2.3338870000000000e+001	
  3.6029000000000000e+009	 -2.3431640000000002e+001	
  3.6050000000000000e+009	 -2.3566400000000002e+001	
  3.6071000000000000e+009	 -2.3807620000000000e+001	
  3.6092000000000000e+009	 -2.3857420000000001e+001	
  3.6113000000000000e+009	 -2.4041989999999998e+001	
  3.6134000000000000e+009	 -2.4158200000000001e+001	
  3.6155000000000000e+009	 -2.4391600000000000e+001	
  3.6176000000000000e+009	 -2.4455079999999999e+001	
  3.6197000000000000e+009	 -2.4506840000000000e+001	
  3.6218000000000000e+009	 -2.4517569999999999e+001	
  3.6239000000000000e+009	 -2.4548829999999999e+001	
  3.6260000000000000e+009	 -2.4545900000000000e+001	
  3.6281000000000000e+009	 -2.4505859999999998e+001	
  3.6302000000000000e+009	 -2.4445309999999999e+001	
  3.6323000000000000e+009	 -2.4377929999999999e+001	
  3.6344000000000000e+009	 -2.4309570000000001e+001	
  3.6365000000000000e+009	 -2.4175780000000000e+001	
  3.6386000000000000e+009	 -2.4023440000000001e+001	
  3.6407000000000000e+009	 -2.3917970000000000e+001	
  3.6428000000000000e+009	 -2.3764650000000000e+001	
  3.6449000000000000e+009	 -2.3585930000000001e+001	
  3.6470000000000000e+009	 -2.3345700000000001e+001	
  3.6491000000000000e+009	 -2.3145510000000002e+001	
  3.6512000000000000e+009	 -2.2887689999999999e+001	
  3.6533000000000000e+009	 -2.2699220000000000e+001	
  3.6554000000000000e+009	 -2.2423829999999999e+001	
  3.6575000000000000e+009	 -2.2101559999999999e+001	
  3.6596000000000000e+009	 -2.1815429999999999e+001	
  3.6617000000000000e+009	 -2.1601559999999999e+001	
  3.6638000000000000e+009	 -2.1309570000000001e+001	
  3.6659000000000000e+009	 -2.1096679999999999e+001	
  3.6680000000000000e+009	 -2.0906250000000000e+001	
  3.6701000000000000e+009	 -2.0761720000000000e+001	
  3.6722000000000000e+009	 -2.0639650000000000e+001	
  3.6743000000000000e+009	 -2.0585940000000001e+001	
  3.6764000000000000e+009	 -2.0496089999999999e+001	
  3.6785000000000000e+009	 -2.0518560000000001e+001	
  3.6806000000000000e+009	 -2.0520510000000002e+001	
  3.6827000000000000e+009	 -2.0555660000000000e+001	
  3.6848000000000000e+009	 -2.0561520000000002e+001	
  3.6869000000000000e+009	 -2.0556640000000002e+001	
  3.6890000000000000e+009	 -2.0545900000000000e+001	
  3.6911000000000000e+009	 -2.0464839999999999e+001	
  3.6932000000000000e+009	 -2.0376950000000001e+001	
  3.6953000000000000e+009	 -2.0258790000000001e+001	
  3.6974000000000000e+009	 -2.0091799999999999e+001	
  3.6995000000000000e+009	 -1.9892579999999999e+001	
  3.7016000000000000e+009	 -1.9655270000000002e+001	
  3.7037000000000000e+009	 -1.9477540000000001e+001	
  3.7058000000000000e+009	 -1.9146480000000000e+001	
  3.7079000000000000e+009	 -1.8815429999999999e+001	
  3.7100000000000000e+009	 -1.8445309999999999e+001	
  3.7121000000000000e+009	 -1.8014650000000000e+001	
  3.7142000000000000e+009	 -1.7548829999999999e+001	
  3.7163000000000000e+009	 -1.7119140000000002e+001	
  3.7184000000000000e+009	 -1.6790040000000001e+001	
  3.7205000000000000e+009	 -1.6327150000000000e+001	
  3.7226000000000000e+009	 -1.5948729999999999e+001	
  3.7247000000000000e+009	 -1.5554200000000000e+001	
  3.7268000000000000e+009	 -1.5173340000000000e+001	
  3.7289000000000000e+009	 -1.4760249999999999e+001	
  3.7310000000000000e+009	 -1.4331049999999999e+001	
  3.7331000000000000e+009	 -1.3929200000000000e+001	
  3.7352000000000000e+009	 -1.3616700000000000e+001	
  3.7373000000000000e+009	 -1.3248540000000000e+001	
  3.7394000000000000e+009	 -1.2954590000000000e+001	
  3.7415000000000000e+009	 -1.2767580000000001e+001	
  3.7436000000000000e+009	 -1.2673830000000001e+001	
  3.7457000000000000e+009	 -1.2614750000000001e+001	
  3.7478000000000000e+009	 -1.2590330000000000e+001	
  3.7499000000000000e+009	 -1.2679200000000000e+001	
  3.7520000000000000e+009	 -1.2741700000000000e+001	
  3.7541000000000000e+009	 -1.2816890000000001e+001	
  3.7562000000000000e+009	 -1.2954590000000000e+001	
  3.7583000000000000e+009	 -1.3059570000000001e+001	
  3.7604000000000000e+009	 -1.3249510000000001e+001	
  3.7625000000000000e+009	 -1.3421880000000000e+001	
  3.7646000000000000e+009	 -1.3584470000000000e+001	
  3.7667000000000000e+009	 -1.3750000000000000e+001	
  3.7688000000000000e+009	 -1.3933590000000001e+001	
  3.7709000000000000e+009	 -1.4112299999999999e+001	
  3.7730000000000000e+009	 -1.4171390000000001e+001	
  3.7751000000000000e+009	 -1.4244140000000000e+001	
  3.7772000000000000e+009	 -1.4271000000000001e+001	
  3.7793000000000000e+009	 -1.4237790000000000e+001	
  3.7814000000000000e+009	 -1.4174320000000000e+001	
  3.7835000000000000e+009	 -1.4067380000000000e+001	
  3.7856000000000000e+009	 -1.3875000000000000e+001	
  3.7877000000000000e+009	 -1.3745609999999999e+001	
  3.7898000000000000e+009	 -1.3529299999999999e+001	
  3.7919000000000000e+009	 -1.3328130000000000e+001	
  3.7940000000000000e+009	 -1.3190920000000000e+001	
  3.7961000000000000e+009	 -1.3008789999999999e+001	
  3.7982000000000000e+009	 -1.2844239999999999e+001	
  3.8003000000000000e+009	 -1.2712400000000001e+001	
  3.8024000000000000e+009	 -1.2650390000000000e+001	
  3.8045000000000000e+009	 -1.2591799999999999e+001	
  3.8066000000000000e+009	 -1.2540530000000000e+001	
  3.8087000000000000e+009	 -1.2532710000000000e+001	
  3.8108000000000000e+009	 -1.2522460000000001e+001	
  3.8129000000000000e+009	 -1.2561520000000000e+001	
  3.8150000000000000e+009	 -1.2597170000000000e+001	
  3.8171000000000000e+009	 -1.2656250000000000e+001	
  3.8192000000000000e+009	 -1.2721679999999999e+001	
  3.8213000000000000e+009	 -1.2813960000000000e+001	
  3.8234000000000000e+009	 -1.2864750000000001e+001	
  3.8255000000000000e+009	 -1.2958500000000001e+001	
  3.8276000000000000e+009	 -1.3127929999999999e+001	
  3.8297000000000000e+009	 -1.3278810000000000e+001	
  3.8318000000000000e+009	 -1.3476070000000000e+001	
  3.8339000000000000e+009	 -1.3651859999999999e+001	
  3.8360000000000000e+009	 -1.3842770000000000e+001	
  3.8381000000000000e+009	 -1.4034670000000000e+001	
  3.8402000000000000e+009	 -1.4219730000000000e+001	
  3.8423000000000000e+009	 -1.4376460000000000e+001	
  3.8444000000000000e+009	 -1.4545410000000000e+001	
  3.8465000000000000e+009	 -1.4710940000000001e+001	
  3.8486000000000000e+009	 -1.4821289999999999e+001	
  3.8507000000000000e+009	 -1.4960940000000001e+001	
  3.8528000000000000e+009	 -1.5006349999999999e+001	
  3.8549000000000000e+009	 -1.5009280000000000e+001	
  3.8570000000000000e+009	 -1.5054690000000001e+001	
  3.8591000000000000e+009	 -1.5083980000000000e+001	
  3.8612000000000000e+009	 -1.5065920000000000e+001	
  3.8633000000000000e+009	 -1.5057130000000001e+001	
  3.8654000000000000e+009	 -1.5087890000000000e+001	
  3.8675000000000000e+009	 -1.5080080000000001e+001	
  3.8696000000000000e+009	 -1.5137210000000000e+001	
  3.8717000000000000e+009	 -1.5257809999999999e+001	
  3.8738000000000000e+009	 -1.5341799999999999e+001	
  3.8759000000000000e+009	 -1.5508789999999999e+001	
  3.8780000000000000e+009	 -1.5653810000000000e+001	
  3.8801000000000000e+009	 -1.5925290000000000e+001	
  3.8822000000000000e+009	 -1.6185549999999999e+001	
  3.8843000000000000e+009	 -1.6476559999999999e+001	
  3.8864000000000000e+009	 -1.6814450000000001e+001	
  3.8885000000000000e+009	 -1.7059570000000001e+001	
  3.8906000000000000e+009	 -1.7353520000000000e+001	
  3.8927000000000000e+009	 -1.7639650000000000e+001	
  3.8948000000000000e+009	 -1.7874020000000002e+001	
  3.8969000000000000e+009	 -1.8099609999999998e+001	
  3.8990000000000000e+009	 -1.8269530000000000e+001	
  3.9011000000000000e+009	 -1.8451170000000001e+001	
  3.9032000000000000e+009	 -1.8551760000000002e+001	
  3.9053000000000000e+009	 -1.8642579999999999e+001	
  3.9074000000000000e+009	 -1.8769530000000000e+001	
  3.9095000000000000e+009	 -1.8694330000000001e+001	
  3.9116000000000000e+009	 -1.8767579999999999e+001	
  3.9137000000000000e+009	 -1.8752929999999999e+001	
  3.9158000000000000e+009	 -1.8849609999999998e+001	
  3.9179000000000000e+009	 -1.8801760000000002e+001	
  3.9200000000000000e+009	 -1.8763670000000001e+001	
  3.9221000000000000e+009	 -1.8737300000000001e+001	
  3.9242000000000000e+009	 -1.8704100000000000e+001	
  3.9263000000000000e+009	 -1.8633790000000001e+001	
  3.9284000000000000e+009	 -1.8553709999999999e+001	
  3.9305000000000000e+009	 -1.8449220000000000e+001	
  3.9326000000000000e+009	 -1.8345700000000001e+001	
  3.9347000000000000e+009	 -1.8211910000000000e+001	
  3.9368000000000000e+009	 -1.8078119999999998e+001	
  3.9389000000000000e+009	 -1.8000969999999999e+001	
  3.9410000000000000e+009	 -1.7850580000000001e+001	
  3.9431000000000000e+009	 -1.7738280000000000e+001	
  3.9452000000000000e+009	 -1.7678709999999999e+001	
  3.9473000000000000e+009	 -1.7694330000000001e+001	
  3.9494000000000000e+009	 -1.7674800000000001e+001	
  3.9515000000000000e+009	 -1.7792970000000000e+001	
  3.9536000000000000e+009	 -1.7923829999999999e+001	
  3.9557000000000000e+009	 -1.8079100000000000e+001	
  3.9578000000000000e+009	 -1.8276370000000000e+001	
  3.9599000000000000e+009	 -1.8551760000000002e+001	
  3.9620000000000000e+009	 -1.8748040000000000e+001	
  3.9641000000000000e+009	 -1.8939450000000001e+001	
  3.9662000000000000e+009	 -1.9172850000000000e+001	
  3.9683000000000000e+009	 -1.9349609999999998e+001	
  3.9704000000000000e+009	 -1.9437500000000000e+001	
  3.9725000000000000e+009	 -1.9570309999999999e+001	
  3.9746000000000000e+009	 -1.9610350000000000e+001	
  3.9767000000000000e+009	 -1.9595700000000001e+001	
  3.9788000000000000e+009	 -1.9540040000000001e+001	
  3.9809000000000000e+009	 -1.9422850000000000e+001	
  3.9830000000000000e+009	 -1.9231439999999999e+001	
  3.9851000000000000e+009	 -1.9035160000000001e+001	
  3.9872000000000000e+009	 -1.8783200000000001e+001	
  3.9893000000000000e+009	 -1.8487300000000001e+001	
  3.9914000000000000e+009	 -1.8191400000000002e+001	
  3.9935000000000000e+009	 -1.7872070000000001e+001	
  3.9956000000000000e+009	 -1.7573239999999998e+001	
  3.9977000000000000e+009	 -1.7290040000000001e+001	
  3.9998000000000000e+009	 -1.6989260000000002e+001	
  4.0019000000000000e+009	 -1.6770510000000002e+001	
  4.0040000000000000e+009	 -1.6550780000000000e+001	
  4.0061000000000000e+009	 -1.6506830000000001e+001	
  4.0082000000000000e+009	 -1.6360350000000000e+001	
  4.0103000000000000e+009	 -1.6292970000000000e+001	
  4.0124000000000000e+009	 -1.6313479999999998e+001	
  4.0145000000000000e+009	 -1.6304690000000001e+001	
  4.0166000000000000e+009	 -1.6368160000000000e+001	
  4.0187000000000000e+009	 -1.6450199999999999e+001	
  4.0208000000000000e+009	 -1.6536130000000000e+001	
  4.0229000000000000e+009	 -1.6596679999999999e+001	
  4.0250000000000000e+009	 -1.6689450000000001e+001	
  4.0271000000000000e+009	 -1.6695309999999999e+001	
  4.0292000000000000e+009	 -1.6723630000000000e+001	
  4.0313000000000000e+009	 -1.6705079999999999e+001	
  4.0334000000000000e+009	 -1.6653320000000001e+001	
  4.0355000000000000e+009	 -1.6667970000000000e+001	
  4.0376000000000000e+009	 -1.6522459999999999e+001	
  4.0397000000000000e+009	 -1.6394530000000000e+001	
  4.0418000000000000e+009	 -1.6189450000000001e+001	
  4.0439000000000000e+009	 -1.5984380000000000e+001	
  4.0460000000000000e+009	 -1.5680660000000000e+001	
  4.0481000000000000e+009	 -1.5390630000000000e+001	
  4.0502000000000000e+009	 -1.5085450000000000e+001	
  4.0523000000000000e+009	 -1.4756349999999999e+001	
  4.0544000000000000e+009	 -1.4421880000000000e+001	
  4.0565000000000000e+009	 -1.4075680000000000e+001	
  4.0586000000000000e+009	 -1.3680180000000000e+001	
  4.0607000000000000e+009	 -1.3362299999999999e+001	
  4.0628000000000000e+009	 -1.3067380000000000e+001	
  4.0649000000000000e+009	 -1.2824710000000000e+001	
  4.0670000000000000e+009	 -1.2539059999999999e+001	
  4.0691000000000000e+009	 -1.2261229999999999e+001	
  4.0712000000000000e+009	 -1.2013180000000000e+001	
  4.0733000000000000e+009	 -1.1820309999999999e+001	
  4.0754000000000000e+009	 -1.1624510000000001e+001	
  4.0775000000000000e+009	 -1.1401859999999999e+001	
  4.0796000000000000e+009	 -1.1255369999999999e+001	
  4.0817000000000000e+009	 -1.1033690000000000e+001	
  4.0838000000000000e+009	 -1.0836910000000000e+001	
  4.0859000000000000e+009	 -1.0574710000000000e+001	
  4.0880000000000000e+009	 -1.0412110000000000e+001	
  4.0901000000000000e+009	 -1.0187500000000000e+001	
  4.0922000000000000e+009	 -9.9252929999999999e+000	
  4.0943000000000000e+009	 -9.7587890000000002e+000	
  4.0964000000000000e+009	 -9.5463869999999993e+000	
  4.0985000000000000e+009	 -9.3710939999999994e+000	
  4.1006000000000000e+009	 -9.2060549999999992e+000	
  4.1027000000000000e+009	 -9.1293950000000006e+000	
  4.1048000000000000e+009	 -9.0429689999999994e+000	
  4.1069000000000000e+009	 -8.9887700000000006e+000	
  4.1090000000000000e+009	 -8.9682619999999993e+000	
  4.1111000000000000e+009	 -9.0019530000000003e+000	
  4.1132000000000000e+009	 -9.0537109999999998e+000	
  4.1153000000000000e+009	 -9.0981450000000006e+000	
  4.1174000000000000e+009	 -9.3320310000000006e+000	
  4.1195000000000000e+009	 -9.5429689999999994e+000	
  4.1216000000000000e+009	 -9.7734380000000005e+000	
  4.1237000000000000e+009	 -1.0039059999999999e+001	
  4.1258000000000000e+009	 -1.0269530000000000e+001	
  4.1279000000000000e+009	 -1.0564450000000001e+001	
  4.1300000000000000e+009	 -1.0822270000000000e+001	
  4.1321000000000000e+009	 -1.1092290000000000e+001	
  4.1342000000000000e+009	 -1.1313480000000000e+001	
  4.1363000000000000e+009	 -1.1497560000000000e+001	
  4.1384000000000000e+009	 -1.1657230000000000e+001	
  4.1405000000000000e+009	 -1.1764650000000000e+001	
  4.1426000000000000e+009	 -1.1782710000000000e+001	
  4.1447000000000000e+009	 -1.1961910000000000e+001	
  4.1468000000000000e+009	 -1.2005860000000000e+001	
  4.1489000000000000e+009	 -1.2167479999999999e+001	
  4.1510000000000000e+009	 -1.2293950000000001e+001	
  4.1531000000000000e+009	 -1.2403320000000001e+001	
  4.1552000000000000e+009	 -1.2586910000000000e+001	
  4.1573000000000000e+009	 -1.2820309999999999e+001	
  4.1594000000000000e+009	 -1.3110840000000000e+001	
  4.1615000000000000e+009	 -1.3440920000000000e+001	
  4.1636000000000000e+009	 -1.3824710000000000e+001	
  4.1657000000000000e+009	 -1.4201660000000000e+001	
  4.1678000000000000e+009	 -1.4538090000000000e+001	
  4.1699000000000000e+009	 -1.4954100000000000e+001	
  4.1720000000000000e+009	 -1.5352050000000000e+001	
  4.1741000000000000e+009	 -1.5698729999999999e+001	
  4.1762000000000000e+009	 -1.6111329999999999e+001	
  4.1783000000000000e+009	 -1.6343750000000000e+001	
  4.1804000000000000e+009	 -1.6578119999999998e+001	
  4.1825000000000000e+009	 -1.6851559999999999e+001	
  4.1846000000000000e+009	 -1.7033200000000001e+001	
  4.1867000000000000e+009	 -1.7180660000000000e+001	
  4.1888000000000000e+009	 -1.7312500000000000e+001	
  4.1909000000000000e+009	 -1.7405270000000002e+001	
  4.1930000000000000e+009	 -1.7502929999999999e+001	
  4.1951000000000000e+009	 -1.7522459999999999e+001	
  4.1972000000000000e+009	 -1.7551760000000002e+001	
  4.1993000000000000e+009	 -1.7540040000000001e+001	
  4.2014000000000000e+009	 -1.7525390000000002e+001	
  4.2035000000000000e+009	 -1.7575189999999999e+001	
  4.2056000000000000e+009	 -1.7578130000000002e+001	
  4.2077000000000000e+009	 -1.7547850000000000e+001	
  4.2098000000000000e+009	 -1.7513670000000001e+001	
  4.2119000000000000e+009	 -1.7582030000000000e+001	
  4.2140000000000000e+009	 -1.7666020000000000e+001	
  4.2161000000000000e+009	 -1.7722650000000002e+001	
  4.2182000000000000e+009	 -1.7881830000000001e+001	
  4.2203000000000000e+009	 -1.8108400000000000e+001	
  4.2224000000000000e+009	 -1.8326170000000001e+001	
  4.2245000000000000e+009	 -1.8630859999999998e+001	
  4.2266000000000000e+009	 -1.8937500000000000e+001	
  4.2287000000000000e+009	 -1.9264650000000000e+001	
  4.2308000000000000e+009	 -1.9625000000000000e+001	
  4.2329000000000000e+009	 -1.9896480000000000e+001	
  4.2350000000000000e+009	 -2.0233400000000000e+001	
  4.2371000000000000e+009	 -2.0557620000000000e+001	
  4.2392000000000000e+009	 -2.0819330000000001e+001	
  4.2413000000000000e+009	 -2.1098630000000000e+001	
  4.2434000000000000e+009	 -2.1330079999999999e+001	
  4.2455000000000000e+009	 -2.1492190000000001e+001	
  4.2476000000000000e+009	 -2.1614260000000002e+001	
  4.2497000000000000e+009	 -2.1705079999999999e+001	
  4.2518000000000000e+009	 -2.1803709999999999e+001	
  4.2539000000000000e+009	 -2.1815429999999999e+001	
  4.2560000000000000e+009	 -2.1831050000000001e+001	
  4.2581000000000000e+009	 -2.1830079999999999e+001	
  4.2602000000000000e+009	 -2.1818359999999998e+001	
  4.2623000000000000e+009	 -2.1839839999999999e+001	
  4.2644000000000000e+009	 -2.1832030000000000e+001	
  4.2665000000000000e+009	 -2.1885739999999998e+001	
  4.2686000000000000e+009	 -2.2002929999999999e+001	
  4.2707000000000000e+009	 -2.2011720000000000e+001	
  4.2728000000000000e+009	 -2.2058589999999999e+001	
  4.2749000000000000e+009	 -2.2150390000000002e+001	
  4.2770000000000000e+009	 -2.2240230000000000e+001	
  4.2791000000000000e+009	 -2.2376950000000001e+001	
  4.2812000000000000e+009	 -2.2491209999999999e+001	
  4.2833000000000000e+009	 -2.2527339999999999e+001	
  4.2854000000000000e+009	 -2.2601559999999999e+001	
  4.2875000000000000e+009	 -2.2592770000000002e+001	
  4.2896000000000000e+009	 -2.2602540000000001e+001	
  4.2917000000000000e+009	 -2.2615230000000000e+001	
  4.2938000000000000e+009	 -2.2577150000000000e+001	
  4.2959000000000000e+009	 -2.2586910000000000e+001	
  4.2980000000000000e+009	 -2.2532219999999999e+001	
  4.3001000000000000e+009	 -2.2599609999999998e+001	
  4.3022000000000000e+009	 -2.2639650000000000e+001	
  4.3043000000000000e+009	 -2.2790040000000001e+001	
  4.3064000000000000e+009	 -2.2865230000000000e+001	
  4.3085000000000000e+009	 -2.3115230000000000e+001	
  4.3106000000000000e+009	 -2.3413090000000000e+001	
  4.3127000000000000e+009	 -2.3666010000000000e+001	
  4.3148000000000000e+009	 -2.3988280000000000e+001	
  4.3169000000000000e+009	 -2.4341790000000000e+001	
  4.3190000000000000e+009	 -2.4642579999999999e+001	
  4.3211000000000000e+009	 -2.4907229999999998e+001	
  4.3232000000000000e+009	 -2.5152339999999999e+001	
  4.3253000000000000e+009	 -2.5352540000000001e+001	
  4.3274000000000000e+009	 -2.5426749999999998e+001	
  4.3295000000000000e+009	 -2.5543939999999999e+001	
  4.3316000000000000e+009	 -2.5574220000000000e+001	
  4.3337000000000000e+009	 -2.5465820000000001e+001	
  4.3358000000000000e+009	 -2.5397459999999999e+001	
  4.3379000000000000e+009	 -2.5273440000000001e+001	
  4.3400000000000000e+009	 -2.5100580000000001e+001	
  4.3421000000000000e+009	 -2.4815429999999999e+001	
  4.3442000000000000e+009	 -2.4519530000000000e+001	
  4.3463000000000000e+009	 -2.4288080000000001e+001	
  4.3484000000000000e+009	 -2.4019530000000000e+001	
  4.3505000000000000e+009	 -2.3872070000000001e+001	
  4.3526000000000000e+009	 -2.3719729999999998e+001	
  4.3547000000000000e+009	 -2.3637699999999999e+001	
  4.3568000000000000e+009	 -2.3609380000000002e+001	
  4.3589000000000000e+009	 -2.3677740000000000e+001	
  4.3610000000000000e+009	 -2.3784179999999999e+001	
  4.3631000000000000e+009	 -2.3941410000000001e+001	
  4.3652000000000000e+009	 -2.4271480000000000e+001	
  4.3673000000000000e+009	 -2.4449210000000001e+001	
  4.3694000000000000e+009	 -2.4744140000000002e+001	
  4.3715000000000000e+009	 -2.4996089999999999e+001	
  4.3736000000000000e+009	 -2.5289059999999999e+001	
  4.3757000000000000e+009	 -2.5562500000000000e+001	
  4.3778000000000000e+009	 -2.5820309999999999e+001	
  4.3799000000000000e+009	 -2.6057620000000000e+001	
  4.3820000000000000e+009	 -2.6235350000000000e+001	
  4.3841000000000000e+009	 -2.6391600000000000e+001	
  4.3862000000000000e+009	 -2.6542970000000000e+001	
  4.3883000000000000e+009	 -2.6634760000000000e+001	
  4.3904000000000000e+009	 -2.6718750000000000e+001	
  4.3925000000000000e+009	 -2.6685540000000000e+001	
  4.3946000000000000e+009	 -2.6629880000000000e+001	
  4.3967000000000000e+009	 -2.6566410000000001e+001	
  4.3988000000000000e+009	 -2.6506830000000001e+001	
  4.4009000000000000e+009	 -2.6410160000000001e+001	
  4.4030000000000000e+009	 -2.6232420000000001e+001	
  4.4051000000000000e+009	 -2.6000979999999998e+001	
  4.4072000000000000e+009	 -2.5769530000000000e+001	
  4.4093000000000000e+009	 -2.5585940000000001e+001	
  4.4114000000000000e+009	 -2.5332030000000000e+001	
  4.4135000000000000e+009	 -2.5125000000000000e+001	
  4.4156000000000000e+009	 -2.4952140000000000e+001	
  4.4177000000000000e+009	 -2.4824220000000000e+001	
  4.4198000000000000e+009	 -2.4742180000000001e+001	
  4.4219000000000000e+009	 -2.4743160000000000e+001	
  4.4240000000000000e+009	 -2.4767579999999999e+001	
  4.4261000000000000e+009	 -2.4902339999999999e+001	
  4.4282000000000000e+009	 -2.4997070000000001e+001	
  4.4303000000000000e+009	 -2.5237300000000001e+001	
  4.4324000000000000e+009	 -2.5501950000000001e+001	
  4.4345000000000000e+009	 -2.5707030000000000e+001	
  4.4366000000000000e+009	 -2.5939450000000001e+001	
  4.4387000000000000e+009	 -2.6117190000000001e+001	
  4.4408000000000000e+009	 -2.6316400000000002e+001	
  4.4429000000000000e+009	 -2.6394530000000000e+001	
  4.4450000000000000e+009	 -2.6505859999999998e+001	
  4.4471000000000000e+009	 -2.6556640000000002e+001	
  4.4492000000000000e+009	 -2.6588860000000000e+001	
  4.4513000000000000e+009	 -2.6562500000000000e+001	
  4.4534000000000000e+009	 -2.6515619999999998e+001	
  4.4555000000000000e+009	 -2.6405270000000002e+001	
  4.4576000000000000e+009	 -2.6346679999999999e+001	
  4.4597000000000000e+009	 -2.6210940000000001e+001	
  4.4618000000000000e+009	 -2.6194330000000001e+001	
  4.4639000000000000e+009	 -2.6088870000000000e+001	
  4.4660000000000000e+009	 -2.6074220000000000e+001	
  4.4681000000000000e+009	 -2.6042970000000000e+001	
  4.4702000000000000e+009	 -2.6017579999999999e+001	
  4.4723000000000000e+009	 -2.6036130000000000e+001	
  4.4744000000000000e+009	 -2.5968750000000000e+001	
  4.4765000000000000e+009	 -2.5980470000000000e+001	
  4.4786000000000000e+009	 -2.5949220000000000e+001	
  4.4807000000000000e+009	 -2.5904290000000000e+001	
  4.4828000000000000e+009	 -2.5797850000000000e+001	
  4.4849000000000000e+009	 -2.5712890000000002e+001	
  4.4870000000000000e+009	 -2.5582030000000000e+001	
  4.4891000000000000e+009	 -2.5334959999999999e+001	
  4.4912000000000000e+009	 -2.5196290000000001e+001	
  4.4933000000000000e+009	 -2.4917960000000001e+001	
  4.4954000000000000e+009	 -2.4727540000000001e+001	
  4.4975000000000000e+009	 -2.4514650000000000e+001	
  4.4996000000000000e+009	 -2.4335940000000001e+001	
  4.5017000000000000e+009	 -2.4247070000000001e+001	
  4.5038000000000000e+009	 -2.4199220000000000e+001	
  4.5059000000000000e+009	 -2.4211910000000000e+001	
  4.5080000000000000e+009	 -2.4250000000000000e+001	
  4.5101000000000000e+009	 -2.4332030000000000e+001	
  4.5122000000000000e+009	 -2.4488280000000000e+001	
  4.5143000000000000e+009	 -2.4611329999999999e+001	
  4.5164000000000000e+009	 -2.4756830000000001e+001	
  4.5185000000000000e+009	 -2.4854489999999998e+001	
  4.5206000000000000e+009	 -2.4926760000000002e+001	
  4.5227000000000000e+009	 -2.4799800000000001e+001	
  4.5248000000000000e+009	 -2.4668939999999999e+001	
  4.5269000000000000e+009	 -2.4409179999999999e+001	
  4.5290000000000000e+009	 -2.4319330000000001e+001	
  4.5311000000000000e+009	 -2.5043949999999999e+001	
  4.5332000000000000e+009	 -2.7333980000000000e+001	
  4.5353000000000000e+009	 -2.9784179999999999e+001	
  4.5374000000000000e+009	 -3.0316410000000001e+001	
  4.5395000000000000e+009	 -2.9682620000000000e+001	
  4.5416000000000000e+009	 -2.8899410000000000e+001	
  4.5437000000000000e+009	 -2.8143550000000001e+001	
  4.5458000000000000e+009	 -2.7435549999999999e+001	
  4.5479000000000000e+009	 -2.6873040000000000e+001	
  4.5500000000000000e+009	 -2.6298829999999999e+001	
  4.5521000000000000e+009	 -2.5868160000000000e+001	
  4.5542000000000000e+009	 -2.5489249999999998e+001	
  4.5563000000000000e+009	 -2.5143550000000001e+001	
  4.5584000000000000e+009	 -2.4921880000000002e+001	
  4.5605000000000000e+009	 -2.4771480000000000e+001	
  4.5626000000000000e+009	 -2.4711910000000000e+001	
  4.5647000000000000e+009	 -2.4681640000000002e+001	
  4.5668000000000000e+009	 -2.4676760000000002e+001	
  4.5689000000000000e+009	 -2.4819340000000000e+001	
  4.5710000000000000e+009	 -2.4878900000000002e+001	
  4.5731000000000000e+009	 -2.5082030000000000e+001	
  4.5752000000000000e+009	 -2.5259760000000000e+001	
  4.5773000000000000e+009	 -2.5417970000000000e+001	
  4.5794000000000000e+009	 -2.5662109999999998e+001	
  4.5815000000000000e+009	 -2.5821290000000001e+001	
  4.5836000000000000e+009	 -2.5945309999999999e+001	
  4.5857000000000000e+009	 -2.6098630000000000e+001	
  4.5878000000000000e+009	 -2.6076170000000001e+001	
  4.5899000000000000e+009	 -2.6146480000000000e+001	
  4.5920000000000000e+009	 -2.6120110000000000e+001	
  4.5941000000000000e+009	 -2.6061520000000002e+001	
  4.5962000000000000e+009	 -2.6041010000000000e+001	
  4.5983000000000000e+009	 -2.5843750000000000e+001	
  4.6004000000000000e+009	 -2.5691400000000002e+001	
  4.6025000000000000e+009	 -2.5459959999999999e+001	
  4.6046000000000000e+009	 -2.5149410000000000e+001	
  4.6067000000000000e+009	 -2.4866209999999999e+001	
  4.6088000000000000e+009	 -2.4564450000000001e+001	
  4.6109000000000000e+009	 -2.4269530000000000e+001	
  4.6130000000000000e+009	 -2.3994140000000002e+001	
  4.6151000000000000e+009	 -2.3725590000000000e+001	
  4.6172000000000000e+009	 -2.3519530000000000e+001	
  4.6193000000000000e+009	 -2.3373049999999999e+001	
  4.6214000000000000e+009	 -2.3243169999999999e+001	
  4.6235000000000000e+009	 -2.3138670000000001e+001	
  4.6256000000000000e+009	 -2.3164059999999999e+001	
  4.6277000000000000e+009	 -2.3233400000000000e+001	
  4.6298000000000000e+009	 -2.3266600000000000e+001	
  4.6319000000000000e+009	 -2.3323239999999998e+001	
  4.6340000000000000e+009	 -2.3415040000000001e+001	
  4.6361000000000000e+009	 -2.3482420000000001e+001	
  4.6382000000000000e+009	 -2.3586910000000000e+001	
  4.6403000000000000e+009	 -2.3634760000000000e+001	
  4.6424000000000000e+009	 -2.3600580000000001e+001	
  4.6445000000000000e+009	 -2.3613280000000000e+001	
  4.6466000000000000e+009	 -2.3561520000000002e+001	
  4.6487000000000000e+009	 -2.3541020000000000e+001	
  4.6508000000000000e+009	 -2.3426760000000002e+001	
  4.6529000000000000e+009	 -2.3338870000000000e+001	
  4.6550000000000000e+009	 -2.3234369999999998e+001	
  4.6571000000000000e+009	 -2.3208990000000000e+001	
  4.6592000000000000e+009	 -2.3120120000000000e+001	
  4.6613000000000000e+009	 -2.3162109999999998e+001	
  4.6634000000000000e+009	 -2.3032229999999998e+001	
  4.6655000000000000e+009	 -2.3021480000000000e+001	
  4.6676000000000000e+009	 -2.3069330000000001e+001	
  4.6697000000000000e+009	 -2.3046880000000002e+001	
  4.6718000000000000e+009	 -2.3072270000000000e+001	
  4.6739000000000000e+009	 -2.3072270000000000e+001	
  4.6760000000000000e+009	 -2.3033200000000001e+001	
  4.6781000000000000e+009	 -2.2956050000000001e+001	
  4.6802000000000000e+009	 -2.2888670000000001e+001	
  4.6823000000000000e+009	 -2.2773440000000001e+001	
  4.6844000000000000e+009	 -2.2571290000000001e+001	
  4.6865000000000000e+009	 -2.2361329999999999e+001	
  4.6886000000000000e+009	 -2.2172850000000000e+001	
  4.6907000000000000e+009	 -2.1927730000000000e+001	
  4.6928000000000000e+009	 -2.1620120000000000e+001	
  4.6949000000000000e+009	 -2.1252929999999999e+001	
  4.6970000000000000e+009	 -2.1054690000000001e+001	
  4.6991000000000000e+009	 -2.0819330000000001e+001	
  4.7012000000000000e+009	 -2.0591799999999999e+001	
  4.7033000000000000e+009	 -2.0468750000000000e+001	
  4.7054000000000000e+009	 -2.0393550000000001e+001	
  4.7075000000000000e+009	 -2.0328130000000002e+001	
  4.7096000000000000e+009	 -2.0331050000000001e+001	
  4.7117000000000000e+009	 -2.0292970000000000e+001	
  4.7138000000000000e+009	 -2.0378900000000002e+001	
  4.7159000000000000e+009	 -2.0573239999999998e+001	
  4.7180000000000000e+009	 -2.0671869999999998e+001	
  4.7201000000000000e+009	 -2.0825199999999999e+001	
  4.7222000000000000e+009	 -2.0963860000000000e+001	
  4.7243000000000000e+009	 -2.1123049999999999e+001	
  4.7264000000000000e+009	 -2.1220700000000001e+001	
  4.7285000000000000e+009	 -2.1272459999999999e+001	
  4.7306000000000000e+009	 -2.1273440000000001e+001	
  4.7327000000000000e+009	 -2.1294920000000001e+001	
  4.7348000000000000e+009	 -2.1235350000000000e+001	
  4.7369000000000000e+009	 -2.1145510000000002e+001	
  4.7390000000000000e+009	 -2.1007809999999999e+001	
  4.7411000000000000e+009	 -2.0815429999999999e+001	
  4.7432000000000000e+009	 -2.0583980000000000e+001	
  4.7453000000000000e+009	 -2.0336910000000000e+001	
  4.7474000000000000e+009	 -2.0068359999999998e+001	
  4.7495000000000000e+009	 -1.9785160000000001e+001	
  4.7516000000000000e+009	 -1.9399410000000000e+001	
  4.7537000000000000e+009	 -1.9052730000000000e+001	
  4.7558000000000000e+009	 -1.8707030000000000e+001	
  4.7579000000000000e+009	 -1.8381830000000001e+001	
  4.7600000000000000e+009	 -1.8057620000000000e+001	
  4.7621000000000000e+009	 -1.7751950000000001e+001	
  4.7642000000000000e+009	 -1.7593750000000000e+001	
  4.7663000000000000e+009	 -1.7451170000000001e+001	
  4.7684000000000000e+009	 -1.7307620000000000e+001	
  4.7705000000000000e+009	 -1.7306640000000002e+001	
  4.7726000000000000e+009	 -1.7325189999999999e+001	
  4.7747000000000000e+009	 -1.7451170000000001e+001	
  4.7768000000000000e+009	 -1.7567380000000000e+001	
  4.7789000000000000e+009	 -1.7651370000000000e+001	
  4.7810000000000000e+009	 -1.7771480000000000e+001	
  4.7831000000000000e+009	 -1.7945309999999999e+001	
  4.7852000000000000e+009	 -1.8128910000000001e+001	
  4.7873000000000000e+009	 -1.8219729999999998e+001	
  4.7894000000000000e+009	 -1.8202150000000000e+001	
  4.7915000000000000e+009	 -1.8203130000000002e+001	
  4.7936000000000000e+009	 -1.8114260000000002e+001	
  4.7957000000000000e+009	 -1.7951170000000001e+001	
  4.7978000000000000e+009	 -1.7759760000000000e+001	
  4.7999000000000000e+009	 -1.7491209999999999e+001	
  4.8020000000000000e+009	 -1.7163090000000000e+001	
  4.8041000000000000e+009	 -1.6792970000000000e+001	
  4.8062000000000000e+009	 -1.6431640000000002e+001	
  4.8083000000000000e+009	 -1.5968260000000001e+001	
  4.8104000000000000e+009	 -1.5547359999999999e+001	
  4.8125000000000000e+009	 -1.5217770000000000e+001	
  4.8146000000000000e+009	 -1.4821780000000000e+001	
  4.8167000000000000e+009	 -1.4507809999999999e+001	
  4.8188000000000000e+009	 -1.4250000000000000e+001	
  4.8209000000000000e+009	 -1.4006840000000000e+001	
  4.8230000000000000e+009	 -1.3860840000000000e+001	
  4.8251000000000000e+009	 -1.3648930000000000e+001	
  4.8272000000000000e+009	 -1.3503420000000000e+001	
  4.8293000000000000e+009	 -1.3344239999999999e+001	
  4.8314000000000000e+009	 -1.3180660000000000e+001	
  4.8335000000000000e+009	 -1.3005860000000000e+001	
  4.8356000000000000e+009	 -1.2830080000000001e+001	
  4.8377000000000000e+009	 -1.2602050000000000e+001	
  4.8398000000000000e+009	 -1.2374020000000000e+001	
  4.8419000000000000e+009	 -1.2070309999999999e+001	
  4.8440000000000000e+009	 -1.1791020000000000e+001	
  4.8461000000000000e+009	 -1.1531250000000000e+001	
  4.8482000000000000e+009	 -1.1228030000000000e+001	
  4.8503000000000000e+009	 -1.0853999999999999e+001	
  4.8524000000000000e+009	 -1.0603030000000000e+001	
  4.8545000000000000e+009	 -1.0347170000000000e+001	
  4.8566000000000000e+009	 -1.0056640000000000e+001	
  4.8587000000000000e+009	 -9.7866210000000002e+000	
  4.8608000000000000e+009	 -9.5620119999999993e+000	
  4.8629000000000000e+009	 -9.2719729999999991e+000	
  4.8650000000000000e+009	 -9.1025390000000002e+000	
  4.8671000000000000e+009	 -8.8637700000000006e+000	
  4.8692000000000000e+009	 -8.5786130000000007e+000	
  4.8713000000000000e+009	 -8.2705079999999995e+000	
  4.8734000000000000e+009	 -8.1020509999999994e+000	
  4.8755000000000000e+009	 -7.8210449999999998e+000	
  4.8776000000000000e+009	 -7.6223140000000003e+000	
  4.8797000000000000e+009	 -7.4670410000000000e+000	
  4.8818000000000000e+009	 -7.3168949999999997e+000	
  4.8839000000000000e+009	 -7.2614749999999999e+000	
  4.8860000000000000e+009	 -7.2778320000000001e+000	
  4.8881000000000000e+009	 -7.3742679999999998e+000	
  4.8902000000000000e+009	 -7.4619140000000002e+000	
  4.8923000000000000e+009	 -7.5983890000000001e+000	
  4.8944000000000000e+009	 -7.7902829999999996e+000	
  4.8965000000000000e+009	 -7.9436039999999997e+000	
  4.8986000000000000e+009	 -8.0468750000000000e+000	
  4.9007000000000000e+009	 -8.1586909999999992e+000	
  4.9028000000000000e+009	 -8.3193359999999998e+000	
  4.9049000000000000e+009	 -8.3920899999999996e+000	
  4.9070000000000000e+009	 -8.5468750000000000e+000	
  4.9091000000000000e+009	 -8.6992189999999994e+000	
  4.9112000000000000e+009	 -8.9233399999999996e+000	
  4.9133000000000000e+009	 -9.1279299999999992e+000	
  4.9154000000000000e+009	 -9.4296880000000005e+000	
  4.9175000000000000e+009	 -9.8017579999999995e+000	
  4.9196000000000000e+009	 -1.0175780000000000e+001	
  4.9217000000000000e+009	 -1.0614750000000001e+001	
  4.9238000000000000e+009	 -1.1108890000000001e+001	
  4.9259000000000000e+009	 -1.1534670000000000e+001	
  4.9280000000000000e+009	 -1.2111820000000000e+001	
  4.9301000000000000e+009	 -1.2617190000000001e+001	
  4.9322000000000000e+009	 -1.3161619999999999e+001	
  4.9343000000000000e+009	 -1.3642580000000001e+001	
  4.9364000000000000e+009	 -1.4126460000000000e+001	
  4.9385000000000000e+009	 -1.4580080000000001e+001	
  4.9406000000000000e+009	 -1.4962890000000000e+001	
  4.9427000000000000e+009	 -1.5383789999999999e+001	
  4.9448000000000000e+009	 -1.5676270000000001e+001	
  4.9469000000000000e+009	 -1.5974610000000000e+001	
  4.9490000000000000e+009	 -1.6188479999999998e+001	
  4.9511000000000000e+009	 -1.6416020000000000e+001	
  4.9532000000000000e+009	 -1.6417970000000000e+001	
  4.9553000000000000e+009	 -1.6533200000000001e+001	
  4.9574000000000000e+009	 -1.6565429999999999e+001	
  4.9595000000000000e+009	 -1.6559570000000001e+001	
  4.9616000000000000e+009	 -1.6474609999999998e+001	
  4.9637000000000000e+009	 -1.6462890000000002e+001	
  4.9658000000000000e+009	 -1.6357420000000001e+001	
  4.9679000000000000e+009	 -1.6293949999999999e+001	
  4.9700000000000000e+009	 -1.6259770000000000e+001	
  4.9721000000000000e+009	 -1.6240230000000000e+001	
  4.9742000000000000e+009	 -1.6317380000000000e+001	
  4.9763000000000000e+009	 -1.6443359999999998e+001	
  4.9784000000000000e+009	 -1.6576170000000001e+001	
  4.9805000000000000e+009	 -1.6867190000000001e+001	
  4.9826000000000000e+009	 -1.7191410000000001e+001	
  4.9847000000000000e+009	 -1.7544920000000001e+001	
  4.9868000000000000e+009	 -1.7939450000000001e+001	
  4.9889000000000000e+009	 -1.8282229999999998e+001	
  4.9910000000000000e+009	 -1.8727540000000001e+001	
  4.9931000000000000e+009	 -1.9125000000000000e+001	
  4.9952000000000000e+009	 -1.9494140000000002e+001	
  4.9973000000000000e+009	 -1.9770510000000002e+001	
  4.9994000000000000e+009	 -2.0093750000000000e+001	
  5.0015000000000000e+009	 -2.0284179999999999e+001	
  5.0036000000000000e+009	 -2.0466790000000000e+001	
  5.0057000000000000e+009	 -2.0614260000000002e+001	
  5.0078000000000000e+009	 -2.0683589999999999e+001	
  5.0099000000000000e+009	 -2.0758790000000001e+001	
  5.0120000000000000e+009	 -2.0780270000000002e+001	
  5.0141000000000000e+009	 -2.0695309999999999e+001	
  5.0162000000000000e+009	 -2.0743169999999999e+001	
  5.0183000000000000e+009	 -2.0759760000000000e+001	
  5.0204000000000000e+009	 -2.0696290000000001e+001	
  5.0225000000000000e+009	 -2.0695309999999999e+001	
  5.0246000000000000e+009	 -2.0699220000000000e+001	
  5.0267000000000000e+009	 -2.0666989999999998e+001	
  5.0288000000000000e+009	 -2.0745120000000000e+001	
  5.0309000000000000e+009	 -2.0755859999999998e+001	
  5.0330000000000000e+009	 -2.0767579999999999e+001	
  5.0351000000000000e+009	 -2.0760739999999998e+001	
  5.0372000000000000e+009	 -2.0828119999999998e+001	
  5.0393000000000000e+009	 -2.0845700000000001e+001	
  5.0414000000000000e+009	 -2.0835940000000001e+001	
  5.0435000000000000e+009	 -2.0845700000000001e+001	
  5.0456000000000000e+009	 -2.0875000000000000e+001	
  5.0477000000000000e+009	 -2.0855470000000000e+001	
  5.0498000000000000e+009	 -2.0901370000000000e+001	
  5.0519000000000000e+009	 -2.0929680000000001e+001	
  5.0540000000000000e+009	 -2.0984369999999998e+001	
  5.0561000000000000e+009	 -2.1137699999999999e+001	
  5.0582000000000000e+009	 -2.1255859999999998e+001	
  5.0603000000000000e+009	 -2.1412109999999998e+001	
  5.0624000000000000e+009	 -2.1604489999999998e+001	
  5.0645000000000000e+009	 -2.1826170000000001e+001	
  5.0666000000000000e+009	 -2.2082030000000000e+001	
  5.0687000000000000e+009	 -2.2313479999999998e+001	
  5.0708000000000000e+009	 -2.2633790000000001e+001	
  5.0729000000000000e+009	 -2.2953119999999998e+001	
  5.0750000000000000e+009	 -2.3159179999999999e+001	
  5.0771000000000000e+009	 -2.3355470000000000e+001	
  5.0792000000000000e+009	 -2.3518550000000001e+001	
  5.0813000000000000e+009	 -2.3682620000000000e+001	
  5.0834000000000000e+009	 -2.3829100000000000e+001	
  5.0855000000000000e+009	 -2.3874020000000002e+001	
  5.0876000000000000e+009	 -2.3946290000000001e+001	
  5.0897000000000000e+009	 -2.3951170000000001e+001	
  5.0918000000000000e+009	 -2.3804690000000001e+001	
  5.0939000000000000e+009	 -2.3776360000000000e+001	
  5.0960000000000000e+009	 -2.3624020000000002e+001	
  5.0981000000000000e+009	 -2.3455079999999999e+001	
  5.1002000000000000e+009	 -2.3221679999999999e+001	
  5.1023000000000000e+009	 -2.2956050000000001e+001	
  5.1044000000000000e+009	 -2.2691410000000001e+001	
  5.1065000000000000e+009	 -2.2455079999999999e+001	
  5.1086000000000000e+009	 -2.2237310000000001e+001	
  5.1107000000000000e+009	 -2.1992190000000001e+001	
  5.1128000000000000e+009	 -2.1826170000000001e+001	
  5.1149000000000000e+009	 -2.1794920000000001e+001	
  5.1170000000000000e+009	 -2.1845700000000001e+001	
  5.1191000000000000e+009	 -2.1894530000000000e+001	
  5.1212000000000000e+009	 -2.1978520000000000e+001	
  5.1233000000000000e+009	 -2.2179680000000001e+001	
  5.1254000000000000e+009	 -2.2464839999999999e+001	
  5.1275000000000000e+009	 -2.2724609999999998e+001	
  5.1296000000000000e+009	 -2.3021480000000000e+001	
  5.1317000000000000e+009	 -2.3357420000000001e+001	
  5.1338000000000000e+009	 -2.3670900000000000e+001	
  5.1359000000000000e+009	 -2.3996089999999999e+001	
  5.1380000000000000e+009	 -2.4180660000000000e+001	
  5.1401000000000000e+009	 -2.4440429999999999e+001	
  5.1422000000000000e+009	 -2.4633790000000001e+001	
  5.1443000000000000e+009	 -2.4708980000000000e+001	
  5.1464000000000000e+009	 -2.4794920000000001e+001	
  5.1485000000000000e+009	 -2.4729489999999998e+001	
  5.1506000000000000e+009	 -2.4696290000000001e+001	
  5.1527000000000000e+009	 -2.4612300000000001e+001	
  5.1548000000000000e+009	 -2.4416010000000000e+001	
  5.1569000000000000e+009	 -2.4212890000000002e+001	
  5.1590000000000000e+009	 -2.3976559999999999e+001	
  5.1611000000000000e+009	 -2.3730470000000000e+001	
  5.1632000000000000e+009	 -2.3504880000000000e+001	
  5.1653000000000000e+009	 -2.3303709999999999e+001	
  5.1674000000000000e+009	 -2.3176760000000002e+001	
  5.1695000000000000e+009	 -2.3038090000000000e+001	
  5.1716000000000000e+009	 -2.3143550000000001e+001	
  5.1737000000000000e+009	 -2.3105470000000000e+001	
  5.1758000000000000e+009	 -2.3280270000000002e+001	
  5.1779000000000000e+009	 -2.3515630000000002e+001	
  5.1800000000000000e+009	 -2.3722650000000002e+001	
