  4.5000000000000000e+009	 -2.3741209999999999e+001	
  4.5011000000000000e+009	 -2.3662109999999998e+001	
  4.5022000000000000e+009	 -2.3563479999999998e+001	
  4.5033000000000000e+009	 -2.3615230000000000e+001	
  4.5044000000000000e+009	 -2.3518550000000001e+001	
  4.5055000000000000e+009	 -2.3603520000000000e+001	
  4.5066000000000000e+009	 -2.3656250000000000e+001	
  4.5077000000000000e+009	 -2.3689450000000001e+001	
  4.5088000000000000e+009	 -2.3791989999999998e+001	
  4.5099000000000000e+009	 -2.3841799999999999e+001	
  4.5110000000000000e+009	 -2.3987300000000001e+001	
  4.5121000000000000e+009	 -2.4116209999999999e+001	
  4.5132000000000000e+009	 -2.4195309999999999e+001	
  4.5143000000000000e+009	 -2.4331050000000001e+001	
  4.5154000000000000e+009	 -2.4466799999999999e+001	
  4.5165000000000000e+009	 -2.4599609999999998e+001	
  4.5176000000000000e+009	 -2.4703119999999998e+001	
  4.5187000000000000e+009	 -2.4827150000000000e+001	
  4.5198000000000000e+009	 -2.4938469999999999e+001	
  4.5209000000000000e+009	 -2.5000000000000000e+001	
  4.5220000000000000e+009	 -2.5068359999999998e+001	
  4.5231000000000000e+009	 -2.5078130000000002e+001	
  4.5242000000000000e+009	 -2.5119140000000002e+001	
  4.5253000000000000e+009	 -2.5166989999999998e+001	
  4.5264000000000000e+009	 -2.5138670000000001e+001	
  4.5275000000000000e+009	 -2.5109369999999998e+001	
  4.5286000000000000e+009	 -2.5036130000000000e+001	
  4.5297000000000000e+009	 -2.4986319999999999e+001	
  4.5308000000000000e+009	 -2.4848630000000000e+001	
  4.5319000000000000e+009	 -2.4661130000000000e+001	
  4.5330000000000000e+009	 -2.4425780000000000e+001	
  4.5341000000000000e+009	 -2.4175780000000000e+001	
  4.5352000000000000e+009	 -2.3881840000000000e+001	
  4.5363000000000000e+009	 -2.3500979999999998e+001	
  4.5374000000000000e+009	 -2.3125979999999998e+001	
  4.5385000000000000e+009	 -2.2654290000000000e+001	
  4.5396000000000000e+009	 -2.2181640000000002e+001	
  4.5407000000000000e+009	 -2.1910160000000001e+001	
  4.5418000000000000e+009	 -2.2232420000000001e+001	
  4.5429000000000000e+009	 -2.3661130000000000e+001	
  4.5440000000000000e+009	 -2.6226559999999999e+001	
  4.5451000000000000e+009	 -2.8869140000000002e+001	
  4.5462000000000000e+009	 -3.0063479999999998e+001	
  4.5473000000000000e+009	 -2.9919920000000001e+001	
  4.5484000000000000e+009	 -2.9224609999999998e+001	
  4.5495000000000000e+009	 -2.8438469999999999e+001	
  4.5506000000000000e+009	 -2.7711910000000000e+001	
  4.5517000000000000e+009	 -2.7194330000000001e+001	
  4.5528000000000000e+009	 -2.6707030000000000e+001	
  4.5539000000000000e+009	 -2.6290040000000001e+001	
  4.5550000000000000e+009	 -2.5947270000000000e+001	
  4.5561000000000000e+009	 -2.5630859999999998e+001	
  4.5572000000000000e+009	 -2.5415040000000001e+001	
  4.5583000000000000e+009	 -2.5197260000000000e+001	
  4.5594000000000000e+009	 -2.5006830000000001e+001	
  4.5605000000000000e+009	 -2.4843750000000000e+001	
  4.5616000000000000e+009	 -2.4692380000000000e+001	
  4.5627000000000000e+009	 -2.4671869999999998e+001	
  4.5638000000000000e+009	 -2.4613280000000000e+001	
  4.5649000000000000e+009	 -2.4584959999999999e+001	
  4.5660000000000000e+009	 -2.4587890000000002e+001	
  4.5671000000000000e+009	 -2.4558589999999999e+001	
  4.5682000000000000e+009	 -2.4595700000000001e+001	
  4.5693000000000000e+009	 -2.4636720000000000e+001	
  4.5704000000000000e+009	 -2.4681640000000002e+001	
  4.5715000000000000e+009	 -2.4743160000000000e+001	
  4.5726000000000000e+009	 -2.4799800000000001e+001	
  4.5737000000000000e+009	 -2.4884760000000000e+001	
  4.5748000000000000e+009	 -2.4988280000000000e+001	
  4.5759000000000000e+009	 -2.5055660000000000e+001	
  4.5770000000000000e+009	 -2.5141600000000000e+001	
  4.5781000000000000e+009	 -2.5248049999999999e+001	
  4.5792000000000000e+009	 -2.5349609999999998e+001	
  4.5803000000000000e+009	 -2.5420890000000000e+001	
  4.5814000000000000e+009	 -2.5454100000000000e+001	
  4.5825000000000000e+009	 -2.5551760000000002e+001	
  4.5836000000000000e+009	 -2.5675780000000000e+001	
  4.5847000000000000e+009	 -2.5697260000000000e+001	
  4.5858000000000000e+009	 -2.5731439999999999e+001	
  4.5869000000000000e+009	 -2.5732420000000001e+001	
  4.5880000000000000e+009	 -2.5830079999999999e+001	
  4.5891000000000000e+009	 -2.5832030000000000e+001	
  4.5902000000000000e+009	 -2.5797850000000000e+001	
  4.5913000000000000e+009	 -2.5844729999999998e+001	
  4.5924000000000000e+009	 -2.5795900000000000e+001	
  4.5935000000000000e+009	 -2.5799800000000001e+001	
  4.5946000000000000e+009	 -2.5719719999999999e+001	
  4.5957000000000000e+009	 -2.5742190000000001e+001	
  4.5968000000000000e+009	 -2.5641600000000000e+001	
  4.5979000000000000e+009	 -2.5562500000000000e+001	
  4.5990000000000000e+009	 -2.5462890000000002e+001	
  4.6001000000000000e+009	 -2.5388670000000001e+001	
  4.6012000000000000e+009	 -2.5277339999999999e+001	
  4.6023000000000000e+009	 -2.5158200000000001e+001	
  4.6034000000000000e+009	 -2.5000000000000000e+001	
  4.6045000000000000e+009	 -2.4875969999999999e+001	
  4.6056000000000000e+009	 -2.4719719999999999e+001	
  4.6067000000000000e+009	 -2.4548829999999999e+001	
  4.6078000000000000e+009	 -2.4385739999999998e+001	
  4.6089000000000000e+009	 -2.4227540000000001e+001	
  4.6100000000000000e+009	 -2.4056640000000002e+001	
  4.6111000000000000e+009	 -2.3869140000000002e+001	
  4.6122000000000000e+009	 -2.3729489999999998e+001	
  4.6133000000000000e+009	 -2.3613280000000000e+001	
  4.6144000000000000e+009	 -2.3418949999999999e+001	
  4.6155000000000000e+009	 -2.3307610000000000e+001	
  4.6166000000000000e+009	 -2.3168949999999999e+001	
  4.6177000000000000e+009	 -2.3052740000000000e+001	
  4.6188000000000000e+009	 -2.2981439999999999e+001	
  4.6199000000000000e+009	 -2.2943359999999998e+001	
  4.6210000000000000e+009	 -2.2916020000000000e+001	
  4.6221000000000000e+009	 -2.2809570000000001e+001	
  4.6232000000000000e+009	 -2.2806640000000002e+001	
  4.6243000000000000e+009	 -2.2859369999999998e+001	
  4.6254000000000000e+009	 -2.2845700000000001e+001	
  4.6265000000000000e+009	 -2.2784179999999999e+001	
  4.6276000000000000e+009	 -2.2833010000000002e+001	
  4.6287000000000000e+009	 -2.2858400000000000e+001	
  4.6298000000000000e+009	 -2.2898440000000001e+001	
  4.6309000000000000e+009	 -2.2960930000000001e+001	
  4.6320000000000000e+009	 -2.2981439999999999e+001	
  4.6331000000000000e+009	 -2.3051760000000002e+001	
  4.6342000000000000e+009	 -2.3100590000000000e+001	
  4.6353000000000000e+009	 -2.3150390000000002e+001	
  4.6364000000000000e+009	 -2.3173829999999999e+001	
  4.6375000000000000e+009	 -2.3223630000000000e+001	
  4.6386000000000000e+009	 -2.3258790000000001e+001	
  4.6397000000000000e+009	 -2.3266600000000000e+001	
  4.6408000000000000e+009	 -2.3281250000000000e+001	
  4.6419000000000000e+009	 -2.3272459999999999e+001	
  4.6430000000000000e+009	 -2.3306640000000002e+001	
  4.6441000000000000e+009	 -2.3272459999999999e+001	
  4.6452000000000000e+009	 -2.3239249999999998e+001	
  4.6463000000000000e+009	 -2.3234369999999998e+001	
  4.6474000000000000e+009	 -2.3212890000000002e+001	
  4.6485000000000000e+009	 -2.3166010000000000e+001	
  4.6496000000000000e+009	 -2.3134770000000000e+001	
  4.6507000000000000e+009	 -2.3074220000000000e+001	
  4.6518000000000000e+009	 -2.3096679999999999e+001	
  4.6529000000000000e+009	 -2.3043939999999999e+001	
  4.6540000000000000e+009	 -2.2903320000000001e+001	
  4.6551000000000000e+009	 -2.2987300000000001e+001	
  4.6562000000000000e+009	 -2.2931640000000002e+001	
  4.6573000000000000e+009	 -2.2825189999999999e+001	
  4.6584000000000000e+009	 -2.2864260000000002e+001	
  4.6595000000000000e+009	 -2.2758790000000001e+001	
  4.6606000000000000e+009	 -2.2789059999999999e+001	
  4.6617000000000000e+009	 -2.2776370000000000e+001	
  4.6628000000000000e+009	 -2.2814450000000001e+001	
  4.6639000000000000e+009	 -2.2733400000000000e+001	
  4.6650000000000000e+009	 -2.2751950000000001e+001	
  4.6661000000000000e+009	 -2.2768550000000001e+001	
  4.6672000000000000e+009	 -2.2739260000000002e+001	
  4.6683000000000000e+009	 -2.2748049999999999e+001	
  4.6694000000000000e+009	 -2.2794920000000001e+001	
  4.6705000000000000e+009	 -2.2779299999999999e+001	
  4.6716000000000000e+009	 -2.2790040000000001e+001	
  4.6727000000000000e+009	 -2.2788090000000000e+001	
  4.6738000000000000e+009	 -2.2776370000000000e+001	
  4.6749000000000000e+009	 -2.2766600000000000e+001	
  4.6760000000000000e+009	 -2.2767579999999999e+001	
  4.6771000000000000e+009	 -2.2739260000000002e+001	
  4.6782000000000000e+009	 -2.2703119999999998e+001	
  4.6793000000000000e+009	 -2.2666989999999998e+001	
  4.6804000000000000e+009	 -2.2603520000000000e+001	
  4.6815000000000000e+009	 -2.2559570000000001e+001	
  4.6826000000000000e+009	 -2.2429690000000001e+001	
  4.6837000000000000e+009	 -2.2394530000000000e+001	
  4.6848000000000000e+009	 -2.2280270000000002e+001	
  4.6859000000000000e+009	 -2.2202150000000000e+001	
  4.6870000000000000e+009	 -2.2040040000000001e+001	
  4.6881000000000000e+009	 -2.1939450000000001e+001	
  4.6892000000000000e+009	 -2.1813469999999999e+001	
  4.6903000000000000e+009	 -2.1656250000000000e+001	
  4.6914000000000000e+009	 -2.1553709999999999e+001	
  4.6925000000000000e+009	 -2.1366209999999999e+001	
  4.6936000000000000e+009	 -2.1190429999999999e+001	
  4.6947000000000000e+009	 -2.1038080000000001e+001	
  4.6958000000000000e+009	 -2.0905270000000002e+001	
  4.6969000000000000e+009	 -2.0715820000000001e+001	
  4.6980000000000000e+009	 -2.0606449999999999e+001	
  4.6991000000000000e+009	 -2.0496089999999999e+001	
  4.7002000000000000e+009	 -2.0371089999999999e+001	
  4.7013000000000000e+009	 -2.0257809999999999e+001	
  4.7024000000000000e+009	 -2.0226559999999999e+001	
  4.7035000000000000e+009	 -2.0130859999999998e+001	
  4.7046000000000000e+009	 -2.0071290000000001e+001	
  4.7057000000000000e+009	 -1.9993160000000000e+001	
  4.7068000000000000e+009	 -1.9990230000000000e+001	
  4.7079000000000000e+009	 -1.9948239999999998e+001	
  4.7090000000000000e+009	 -1.9910150000000002e+001	
  4.7101000000000000e+009	 -1.9871089999999999e+001	
  4.7112000000000000e+009	 -1.9883790000000001e+001	
  4.7123000000000000e+009	 -1.9998040000000000e+001	
  4.7134000000000000e+009	 -1.9987300000000001e+001	
  4.7145000000000000e+009	 -2.0067380000000000e+001	
  4.7156000000000000e+009	 -2.0109369999999998e+001	
  4.7167000000000000e+009	 -2.0186520000000002e+001	
  4.7178000000000000e+009	 -2.0305660000000000e+001	
  4.7189000000000000e+009	 -2.0422850000000000e+001	
  4.7200000000000000e+009	 -2.0500000000000000e+001	
  4.7211000000000000e+009	 -2.0453119999999998e+001	
  4.7222000000000000e+009	 -2.0589839999999999e+001	
  4.7233000000000000e+009	 -2.0676760000000002e+001	
  4.7244000000000000e+009	 -2.0723630000000000e+001	
  4.7255000000000000e+009	 -2.0787109999999998e+001	
  4.7266000000000000e+009	 -2.0857420000000001e+001	
  4.7277000000000000e+009	 -2.0825199999999999e+001	
  4.7288000000000000e+009	 -2.0858400000000000e+001	
  4.7299000000000000e+009	 -2.0929680000000001e+001	
  4.7310000000000000e+009	 -2.0873049999999999e+001	
  4.7321000000000000e+009	 -2.0898440000000001e+001	
  4.7332000000000000e+009	 -2.0838870000000000e+001	
  4.7343000000000000e+009	 -2.0813469999999999e+001	
  4.7354000000000000e+009	 -2.0755859999999998e+001	
  4.7365000000000000e+009	 -2.0704100000000000e+001	
  4.7376000000000000e+009	 -2.0654299999999999e+001	
  4.7387000000000000e+009	 -2.0555660000000000e+001	
  4.7398000000000000e+009	 -2.0412109999999998e+001	
  4.7409000000000000e+009	 -2.0349609999999998e+001	
  4.7420000000000000e+009	 -2.0271480000000000e+001	
  4.7431000000000000e+009	 -2.0142579999999999e+001	
  4.7442000000000000e+009	 -1.9924800000000001e+001	
  4.7453000000000000e+009	 -1.9828119999999998e+001	
  4.7464000000000000e+009	 -1.9610350000000000e+001	
  4.7475000000000000e+009	 -1.9527339999999999e+001	
  4.7486000000000000e+009	 -1.9337890000000002e+001	
  4.7497000000000000e+009	 -1.9205079999999999e+001	
  4.7508000000000000e+009	 -1.8942380000000000e+001	
  4.7519000000000000e+009	 -1.8768550000000001e+001	
  4.7530000000000000e+009	 -1.8610350000000000e+001	
  4.7541000000000000e+009	 -1.8433589999999999e+001	
  4.7552000000000000e+009	 -1.8223630000000000e+001	
  4.7563000000000000e+009	 -1.8028320000000001e+001	
  4.7574000000000000e+009	 -1.7791010000000000e+001	
  4.7585000000000000e+009	 -1.7645510000000002e+001	
  4.7596000000000000e+009	 -1.7444330000000001e+001	
  4.7607000000000000e+009	 -1.7318359999999998e+001	
  4.7618000000000000e+009	 -1.7162109999999998e+001	
  4.7629000000000000e+009	 -1.7041020000000000e+001	
  4.7640000000000000e+009	 -1.6910150000000002e+001	
  4.7651000000000000e+009	 -1.6773440000000001e+001	
  4.7662000000000000e+009	 -1.6691410000000001e+001	
  4.7673000000000000e+009	 -1.6593750000000000e+001	
  4.7684000000000000e+009	 -1.6560540000000000e+001	
  4.7695000000000000e+009	 -1.6524410000000000e+001	
  4.7706000000000000e+009	 -1.6522459999999999e+001	
  4.7717000000000000e+009	 -1.6565429999999999e+001	
  4.7728000000000000e+009	 -1.6659179999999999e+001	
  4.7739000000000000e+009	 -1.6615230000000000e+001	
  4.7750000000000000e+009	 -1.6671869999999998e+001	
  4.7761000000000000e+009	 -1.6713870000000000e+001	
  4.7772000000000000e+009	 -1.6863280000000000e+001	
  4.7783000000000000e+009	 -1.6900390000000002e+001	
  4.7794000000000000e+009	 -1.6980470000000000e+001	
  4.7805000000000000e+009	 -1.7080079999999999e+001	
  4.7816000000000000e+009	 -1.7145510000000002e+001	
  4.7827000000000000e+009	 -1.7245120000000000e+001	
  4.7838000000000000e+009	 -1.7274410000000000e+001	
  4.7849000000000000e+009	 -1.7319340000000000e+001	
  4.7860000000000000e+009	 -1.7450189999999999e+001	
  4.7871000000000000e+009	 -1.7449220000000000e+001	
  4.7882000000000000e+009	 -1.7501950000000001e+001	
  4.7893000000000000e+009	 -1.7529299999999999e+001	
  4.7904000000000000e+009	 -1.7479489999999998e+001	
  4.7915000000000000e+009	 -1.7439450000000001e+001	
  4.7926000000000000e+009	 -1.7441410000000001e+001	
  4.7937000000000000e+009	 -1.7329100000000000e+001	
  4.7948000000000000e+009	 -1.7268550000000001e+001	
  4.7959000000000000e+009	 -1.7169920000000001e+001	
  4.7970000000000000e+009	 -1.7036130000000000e+001	
  4.7981000000000000e+009	 -1.6902339999999999e+001	
  4.7992000000000000e+009	 -1.6753900000000002e+001	
  4.8003000000000000e+009	 -1.6569340000000000e+001	
  4.8014000000000000e+009	 -1.6436520000000002e+001	
  4.8025000000000000e+009	 -1.6200189999999999e+001	
  4.8036000000000000e+009	 -1.6017579999999999e+001	
  4.8047000000000000e+009	 -1.5829590000000000e+001	
  4.8058000000000000e+009	 -1.5573729999999999e+001	
  4.8069000000000000e+009	 -1.5310060000000000e+001	
  4.8080000000000000e+009	 -1.5113770000000001e+001	
  4.8091000000000000e+009	 -1.4904299999999999e+001	
  4.8102000000000000e+009	 -1.4687010000000001e+001	
  4.8113000000000000e+009	 -1.4476070000000000e+001	
  4.8124000000000000e+009	 -1.4298830000000001e+001	
  4.8135000000000000e+009	 -1.4102050000000000e+001	
  4.8146000000000000e+009	 -1.3897460000000001e+001	
  4.8157000000000000e+009	 -1.3763669999999999e+001	
  4.8168000000000000e+009	 -1.3555660000000000e+001	
  4.8179000000000000e+009	 -1.3414550000000000e+001	
  4.8190000000000000e+009	 -1.3291020000000000e+001	
  4.8201000000000000e+009	 -1.3148930000000000e+001	
  4.8212000000000000e+009	 -1.3086910000000000e+001	
  4.8223000000000000e+009	 -1.3009280000000000e+001	
  4.8234000000000000e+009	 -1.2871580000000000e+001	
  4.8245000000000000e+009	 -1.2843260000000001e+001	
  4.8256000000000000e+009	 -1.2763180000000000e+001	
  4.8267000000000000e+009	 -1.2682130000000001e+001	
  4.8278000000000000e+009	 -1.2620609999999999e+001	
  4.8289000000000000e+009	 -1.2518549999999999e+001	
  4.8300000000000000e+009	 -1.2457520000000001e+001	
  4.8311000000000000e+009	 -1.2395020000000001e+001	
  4.8322000000000000e+009	 -1.2316409999999999e+001	
  4.8333000000000000e+009	 -1.2250000000000000e+001	
  4.8344000000000000e+009	 -1.2160159999999999e+001	
  4.8355000000000000e+009	 -1.2001950000000001e+001	
  4.8366000000000000e+009	 -1.1941890000000001e+001	
  4.8377000000000000e+009	 -1.1823729999999999e+001	
  4.8388000000000000e+009	 -1.1655270000000000e+001	
  4.8399000000000000e+009	 -1.1552250000000001e+001	
  4.8410000000000000e+009	 -1.1362299999999999e+001	
  4.8421000000000000e+009	 -1.1231930000000000e+001	
  4.8432000000000000e+009	 -1.1184080000000000e+001	
  4.8443000000000000e+009	 -1.1032230000000000e+001	
  4.8454000000000000e+009	 -1.0865720000000000e+001	
  4.8465000000000000e+009	 -1.0622070000000001e+001	
  4.8476000000000000e+009	 -1.0601070000000000e+001	
  4.8487000000000000e+009	 -1.0380369999999999e+001	
  4.8498000000000000e+009	 -1.0229490000000000e+001	
  4.8509000000000000e+009	 -1.0128909999999999e+001	
  4.8520000000000000e+009	 -1.0008789999999999e+001	
  4.8531000000000000e+009	 -9.8496089999999992e+000	
  4.8542000000000000e+009	 -9.7202149999999996e+000	
  4.8553000000000000e+009	 -9.5766600000000004e+000	
  4.8564000000000000e+009	 -9.5058589999999992e+000	
  4.8575000000000000e+009	 -9.3598630000000007e+000	
  4.8586000000000000e+009	 -9.2500000000000000e+000	
  4.8597000000000000e+009	 -9.1591799999999992e+000	
  4.8608000000000000e+009	 -9.0493159999999992e+000	
  4.8619000000000000e+009	 -8.9355469999999997e+000	
  4.8630000000000000e+009	 -8.8076170000000005e+000	
  4.8641000000000000e+009	 -8.7436520000000009e+000	
  4.8652000000000000e+009	 -8.6264649999999996e+000	
  4.8663000000000000e+009	 -8.4843750000000000e+000	
  4.8674000000000000e+009	 -8.4174799999999994e+000	
  4.8685000000000000e+009	 -8.2641600000000004e+000	
  4.8696000000000000e+009	 -8.1704100000000004e+000	
  4.8707000000000000e+009	 -8.0180659999999992e+000	
  4.8718000000000000e+009	 -7.8688960000000003e+000	
  4.8729000000000000e+009	 -7.7507320000000002e+000	
  4.8740000000000000e+009	 -7.5988769999999999e+000	
  4.8751000000000000e+009	 -7.5668949999999997e+000	
  4.8762000000000000e+009	 -7.3466800000000001e+000	
  4.8773000000000000e+009	 -7.3015140000000001e+000	
  4.8784000000000000e+009	 -7.0827640000000001e+000	
  4.8795000000000000e+009	 -7.0480960000000001e+000	
  4.8806000000000000e+009	 -6.9436039999999997e+000	
  4.8817000000000000e+009	 -6.8374020000000000e+000	
  4.8828000000000000e+009	 -6.8256839999999999e+000	
  4.8839000000000000e+009	 -6.7309570000000001e+000	
  4.8850000000000000e+009	 -6.7290039999999998e+000	
  4.8861000000000000e+009	 -6.6884769999999998e+000	
  4.8872000000000000e+009	 -6.7395019999999999e+000	
  4.8883000000000000e+009	 -6.7158199999999999e+000	
  4.8894000000000000e+009	 -6.7927249999999999e+000	
  4.8905000000000000e+009	 -6.7861330000000004e+000	
  4.8916000000000000e+009	 -6.8264160000000000e+000	
  4.8927000000000000e+009	 -6.9045410000000000e+000	
  4.8938000000000000e+009	 -6.9077149999999996e+000	
  4.8949000000000000e+009	 -7.0241699999999998e+000	
  4.8960000000000000e+009	 -7.0944820000000002e+000	
  4.8971000000000000e+009	 -7.0832519999999999e+000	
  4.8982000000000000e+009	 -7.1955570000000000e+000	
  4.8993000000000000e+009	 -7.1518550000000003e+000	
  4.9004000000000000e+009	 -7.2470699999999999e+000	
  4.9015000000000000e+009	 -7.2658690000000004e+000	
  4.9026000000000000e+009	 -7.3386230000000001e+000	
  4.9037000000000000e+009	 -7.3652340000000001e+000	
  4.9048000000000000e+009	 -7.4511719999999997e+000	
  4.9059000000000000e+009	 -7.4731449999999997e+000	
  4.9070000000000000e+009	 -7.5673830000000004e+000	
  4.9081000000000000e+009	 -7.6420899999999996e+000	
  4.9092000000000000e+009	 -7.7116699999999998e+000	
  4.9103000000000000e+009	 -7.8281250000000000e+000	
  4.9114000000000000e+009	 -7.9423830000000004e+000	
  4.9125000000000000e+009	 -8.0151369999999993e+000	
  4.9136000000000000e+009	 -8.1376950000000008e+000	
  4.9147000000000000e+009	 -8.3129880000000007e+000	
  4.9158000000000000e+009	 -8.5190429999999999e+000	
  4.9169000000000000e+009	 -8.6689450000000008e+000	
  4.9180000000000000e+009	 -8.8222660000000008e+000	
  4.9191000000000000e+009	 -9.0112299999999994e+000	
  4.9202000000000000e+009	 -9.2622070000000001e+000	
  4.9213000000000000e+009	 -9.5024409999999992e+000	
  4.9224000000000000e+009	 -9.7441410000000008e+000	
  4.9235000000000000e+009	 -1.0014160000000000e+001	
  4.9246000000000000e+009	 -1.0273440000000001e+001	
  4.9257000000000000e+009	 -1.0514650000000000e+001	
  4.9268000000000000e+009	 -1.0807130000000001e+001	
  4.9279000000000000e+009	 -1.1114260000000000e+001	
  4.9290000000000000e+009	 -1.1366210000000001e+001	
  4.9301000000000000e+009	 -1.1653320000000001e+001	
  4.9312000000000000e+009	 -1.1930660000000000e+001	
  4.9323000000000000e+009	 -1.2226559999999999e+001	
  4.9334000000000000e+009	 -1.2481930000000000e+001	
  4.9345000000000000e+009	 -1.2798340000000000e+001	
  4.9356000000000000e+009	 -1.3062500000000000e+001	
  4.9367000000000000e+009	 -1.3322270000000000e+001	
  4.9378000000000000e+009	 -1.3579100000000000e+001	
  4.9389000000000000e+009	 -1.3808590000000001e+001	
  4.9400000000000000e+009	 -1.4020020000000001e+001	
  4.9411000000000000e+009	 -1.4221190000000000e+001	
  4.9422000000000000e+009	 -1.4473140000000001e+001	
  4.9433000000000000e+009	 -1.4655760000000001e+001	
  4.9444000000000000e+009	 -1.4831049999999999e+001	
  4.9455000000000000e+009	 -1.5066890000000001e+001	
  4.9466000000000000e+009	 -1.5193360000000000e+001	
  4.9477000000000000e+009	 -1.5265630000000000e+001	
  4.9488000000000000e+009	 -1.5396970000000000e+001	
  4.9499000000000000e+009	 -1.5556150000000001e+001	
  4.9510000000000000e+009	 -1.5673830000000001e+001	
  4.9521000000000000e+009	 -1.5787599999999999e+001	
  4.9532000000000000e+009	 -1.5779790000000000e+001	
  4.9543000000000000e+009	 -1.5834960000000001e+001	
  4.9554000000000000e+009	 -1.5932620000000000e+001	
  4.9565000000000000e+009	 -1.5925290000000000e+001	
  4.9576000000000000e+009	 -1.5887700000000001e+001	
  4.9587000000000000e+009	 -1.5939450000000001e+001	
  4.9598000000000000e+009	 -1.5958980000000000e+001	
  4.9609000000000000e+009	 -1.5936520000000000e+001	
  4.9620000000000000e+009	 -1.5950200000000001e+001	
  4.9631000000000000e+009	 -1.5948729999999999e+001	
  4.9642000000000000e+009	 -1.5887210000000000e+001	
  4.9653000000000000e+009	 -1.5855470000000000e+001	
  4.9664000000000000e+009	 -1.5816409999999999e+001	
  4.9675000000000000e+009	 -1.5814940000000000e+001	
  4.9686000000000000e+009	 -1.5791499999999999e+001	
  4.9697000000000000e+009	 -1.5760740000000000e+001	
  4.9708000000000000e+009	 -1.5771970000000000e+001	
  4.9719000000000000e+009	 -1.5797850000000000e+001	
  4.9730000000000000e+009	 -1.5804200000000000e+001	
  4.9741000000000000e+009	 -1.5839840000000001e+001	
  4.9752000000000000e+009	 -1.5910159999999999e+001	
  4.9763000000000000e+009	 -1.6019530000000000e+001	
  4.9774000000000000e+009	 -1.6057620000000000e+001	
  4.9785000000000000e+009	 -1.6217770000000002e+001	
  4.9796000000000000e+009	 -1.6240230000000000e+001	
  4.9807000000000000e+009	 -1.6478510000000000e+001	
  4.9818000000000000e+009	 -1.6554690000000001e+001	
  4.9829000000000000e+009	 -1.6788080000000001e+001	
  4.9840000000000000e+009	 -1.7008790000000001e+001	
  4.9851000000000000e+009	 -1.7183589999999999e+001	
  4.9862000000000000e+009	 -1.7326170000000001e+001	
  4.9873000000000000e+009	 -1.7607420000000001e+001	
  4.9884000000000000e+009	 -1.7796869999999998e+001	
  4.9895000000000000e+009	 -1.7991209999999999e+001	
  4.9906000000000000e+009	 -1.8219729999999998e+001	
  4.9917000000000000e+009	 -1.8434570000000001e+001	
  4.9928000000000000e+009	 -1.8683589999999999e+001	
  4.9939000000000000e+009	 -1.8858400000000000e+001	
  4.9950000000000000e+009	 -1.9041010000000000e+001	
  4.9961000000000000e+009	 -1.9220700000000001e+001	
  4.9972000000000000e+009	 -1.9380859999999998e+001	
  4.9983000000000000e+009	 -1.9538090000000000e+001	
  4.9994000000000000e+009	 -1.9656250000000000e+001	
  5.0005000000000000e+009	 -1.9804690000000001e+001	
  5.0016000000000000e+009	 -1.9911130000000000e+001	
  5.0027000000000000e+009	 -2.0000000000000000e+001	
  5.0038000000000000e+009	 -2.0098630000000000e+001	
  5.0049000000000000e+009	 -2.0159179999999999e+001	
  5.0060000000000000e+009	 -2.0258790000000001e+001	
  5.0071000000000000e+009	 -2.0333980000000000e+001	
  5.0082000000000000e+009	 -2.0342770000000002e+001	
  5.0093000000000000e+009	 -2.0405270000000002e+001	
  5.0104000000000000e+009	 -2.0348630000000000e+001	
  5.0115000000000000e+009	 -2.0377929999999999e+001	
  5.0126000000000000e+009	 -2.0424800000000001e+001	
  5.0137000000000000e+009	 -2.0412109999999998e+001	
  5.0148000000000000e+009	 -2.0423829999999999e+001	
  5.0159000000000000e+009	 -2.0429690000000001e+001	
  5.0170000000000000e+009	 -2.0323239999999998e+001	
  5.0181000000000000e+009	 -2.0461910000000000e+001	
  5.0192000000000000e+009	 -2.0366209999999999e+001	
  5.0203000000000000e+009	 -2.0356449999999999e+001	
  5.0214000000000000e+009	 -2.0355470000000000e+001	
  5.0225000000000000e+009	 -2.0396490000000000e+001	
  5.0236000000000000e+009	 -2.0416989999999998e+001	
  5.0247000000000000e+009	 -2.0333010000000002e+001	
  5.0258000000000000e+009	 -2.0336910000000000e+001	
  5.0269000000000000e+009	 -2.0394530000000000e+001	
  5.0280000000000000e+009	 -2.0377929999999999e+001	
  5.0291000000000000e+009	 -2.0413080000000001e+001	
  5.0302000000000000e+009	 -2.0392579999999999e+001	
  5.0313000000000000e+009	 -2.0416989999999998e+001	
  5.0324000000000000e+009	 -2.0412109999999998e+001	
  5.0335000000000000e+009	 -2.0408200000000001e+001	
  5.0346000000000000e+009	 -2.0459959999999999e+001	
  5.0357000000000000e+009	 -2.0452150000000000e+001	
  5.0368000000000000e+009	 -2.0458010000000002e+001	
  5.0379000000000000e+009	 -2.0506830000000001e+001	
  5.0390000000000000e+009	 -2.0506830000000001e+001	
  5.0401000000000000e+009	 -2.0503910000000001e+001	
  5.0412000000000000e+009	 -2.0520510000000002e+001	
  5.0423000000000000e+009	 -2.0512699999999999e+001	
  5.0434000000000000e+009	 -2.0505859999999998e+001	
  5.0445000000000000e+009	 -2.0525390000000002e+001	
  5.0456000000000000e+009	 -2.0505859999999998e+001	
  5.0467000000000000e+009	 -2.0554690000000001e+001	
  5.0478000000000000e+009	 -2.0605470000000000e+001	
  5.0489000000000000e+009	 -2.0508790000000001e+001	
  5.0500000000000000e+009	 -2.0506830000000001e+001	
  5.0511000000000000e+009	 -2.0561520000000002e+001	
  5.0522000000000000e+009	 -2.0630859999999998e+001	
  5.0533000000000000e+009	 -2.0620120000000000e+001	
  5.0544000000000000e+009	 -2.0722660000000001e+001	
  5.0555000000000000e+009	 -2.0728520000000000e+001	
  5.0566000000000000e+009	 -2.0798829999999999e+001	
  5.0577000000000000e+009	 -2.0855470000000000e+001	
  5.0588000000000000e+009	 -2.0961910000000000e+001	
  5.0599000000000000e+009	 -2.1043939999999999e+001	
  5.0610000000000000e+009	 -2.1146480000000000e+001	
  5.0621000000000000e+009	 -2.1245120000000000e+001	
  5.0632000000000000e+009	 -2.1356439999999999e+001	
  5.0643000000000000e+009	 -2.1517579999999999e+001	
  5.0654000000000000e+009	 -2.1624020000000002e+001	
  5.0665000000000000e+009	 -2.1749020000000002e+001	
  5.0676000000000000e+009	 -2.1856449999999999e+001	
  5.0687000000000000e+009	 -2.2055660000000000e+001	
  5.0698000000000000e+009	 -2.2163090000000000e+001	
  5.0709000000000000e+009	 -2.2289059999999999e+001	
  5.0720000000000000e+009	 -2.2461919999999999e+001	
  5.0731000000000000e+009	 -2.2565429999999999e+001	
  5.0742000000000000e+009	 -2.2729489999999998e+001	
  5.0753000000000000e+009	 -2.2824220000000000e+001	
  5.0764000000000000e+009	 -2.2896490000000000e+001	
  5.0775000000000000e+009	 -2.3057620000000000e+001	
  5.0786000000000000e+009	 -2.3130859999999998e+001	
  5.0797000000000000e+009	 -2.3263670000000001e+001	
  5.0808000000000000e+009	 -2.3257809999999999e+001	
  5.0819000000000000e+009	 -2.3360350000000000e+001	
  5.0830000000000000e+009	 -2.3413090000000000e+001	
  5.0841000000000000e+009	 -2.3356439999999999e+001	
  5.0852000000000000e+009	 -2.3467770000000002e+001	
  5.0863000000000000e+009	 -2.3515630000000002e+001	
  5.0874000000000000e+009	 -2.3609380000000002e+001	
  5.0885000000000000e+009	 -2.3625000000000000e+001	
  5.0896000000000000e+009	 -2.3630859999999998e+001	
  5.0907000000000000e+009	 -2.3606439999999999e+001	
  5.0918000000000000e+009	 -2.3556640000000002e+001	
  5.0929000000000000e+009	 -2.3467770000000002e+001	
  5.0940000000000000e+009	 -2.3423829999999999e+001	
  5.0951000000000000e+009	 -2.3349609999999998e+001	
  5.0962000000000000e+009	 -2.3288080000000001e+001	
  5.0973000000000000e+009	 -2.3171869999999998e+001	
  5.0984000000000000e+009	 -2.3032229999999998e+001	
  5.0995000000000000e+009	 -2.2927730000000000e+001	
  5.1006000000000000e+009	 -2.2790040000000001e+001	
  5.1017000000000000e+009	 -2.2615230000000000e+001	
  5.1028000000000000e+009	 -2.2497070000000001e+001	
  5.1039000000000000e+009	 -2.2376950000000001e+001	
  5.1050000000000000e+009	 -2.2302730000000000e+001	
  5.1061000000000000e+009	 -2.2158200000000001e+001	
  5.1072000000000000e+009	 -2.2031250000000000e+001	
  5.1083000000000000e+009	 -2.1912109999999998e+001	
  5.1094000000000000e+009	 -2.1811520000000002e+001	
  5.1105000000000000e+009	 -2.1752929999999999e+001	
  5.1116000000000000e+009	 -2.1668939999999999e+001	
  5.1127000000000000e+009	 -2.1648440000000001e+001	
  5.1138000000000000e+009	 -2.1504880000000000e+001	
  5.1149000000000000e+009	 -2.1586910000000000e+001	
  5.1160000000000000e+009	 -2.1591799999999999e+001	
  5.1171000000000000e+009	 -2.1552730000000000e+001	
  5.1182000000000000e+009	 -2.1561520000000002e+001	
  5.1193000000000000e+009	 -2.1661130000000000e+001	
  5.1204000000000000e+009	 -2.1745110000000000e+001	
  5.1215000000000000e+009	 -2.1760739999999998e+001	
  5.1226000000000000e+009	 -2.1876950000000001e+001	
  5.1237000000000000e+009	 -2.2071290000000001e+001	
  5.1248000000000000e+009	 -2.2200189999999999e+001	
  5.1259000000000000e+009	 -2.2342770000000002e+001	
  5.1270000000000000e+009	 -2.2506830000000001e+001	
  5.1281000000000000e+009	 -2.2690429999999999e+001	
  5.1292000000000000e+009	 -2.2826170000000001e+001	
  5.1303000000000000e+009	 -2.3059570000000001e+001	
  5.1314000000000000e+009	 -2.3193359999999998e+001	
  5.1325000000000000e+009	 -2.3396480000000000e+001	
  5.1336000000000000e+009	 -2.3589839999999999e+001	
  5.1347000000000000e+009	 -2.3725590000000000e+001	
  5.1358000000000000e+009	 -2.3880859999999998e+001	
  5.1369000000000000e+009	 -2.4105470000000000e+001	
  5.1380000000000000e+009	 -2.4191400000000002e+001	
  5.1391000000000000e+009	 -2.4268550000000001e+001	
  5.1402000000000000e+009	 -2.4433589999999999e+001	
  5.1413000000000000e+009	 -2.4541020000000000e+001	
  5.1424000000000000e+009	 -2.4637689999999999e+001	
  5.1435000000000000e+009	 -2.4765630000000002e+001	
  5.1446000000000000e+009	 -2.4741209999999999e+001	
  5.1457000000000000e+009	 -2.4876950000000001e+001	
  5.1468000000000000e+009	 -2.4840820000000001e+001	
  5.1479000000000000e+009	 -2.4882809999999999e+001	
  5.1490000000000000e+009	 -2.4791989999999998e+001	
  5.1501000000000000e+009	 -2.4836910000000000e+001	
  5.1512000000000000e+009	 -2.4707999999999998e+001	
  5.1523000000000000e+009	 -2.4667970000000000e+001	
  5.1534000000000000e+009	 -2.4611329999999999e+001	
  5.1545000000000000e+009	 -2.4484369999999998e+001	
  5.1556000000000000e+009	 -2.4342770000000002e+001	
  5.1567000000000000e+009	 -2.4187500000000000e+001	
  5.1578000000000000e+009	 -2.4036130000000000e+001	
  5.1589000000000000e+009	 -2.3871089999999999e+001	
  5.1600000000000000e+009	 -2.3709959999999999e+001	
  5.1611000000000000e+009	 -2.3501950000000001e+001	
  5.1622000000000000e+009	 -2.3323239999999998e+001	
  5.1633000000000000e+009	 -2.3093750000000000e+001	
  5.1644000000000000e+009	 -2.2882809999999999e+001	
  5.1655000000000000e+009	 -2.2673829999999999e+001	
  5.1666000000000000e+009	 -2.2438469999999999e+001	
  5.1677000000000000e+009	 -2.2233400000000000e+001	
  5.1688000000000000e+009	 -2.1994140000000002e+001	
  5.1699000000000000e+009	 -2.1788090000000000e+001	
  5.1710000000000000e+009	 -2.1510739999999998e+001	
  5.1721000000000000e+009	 -2.1333990000000000e+001	
  5.1732000000000000e+009	 -2.1106439999999999e+001	
  5.1743000000000000e+009	 -2.0945309999999999e+001	
  5.1754000000000000e+009	 -2.0656250000000000e+001	
  5.1765000000000000e+009	 -2.0518560000000001e+001	
  5.1776000000000000e+009	 -2.0296869999999998e+001	
  5.1787000000000000e+009	 -2.0205079999999999e+001	
  5.1798000000000000e+009	 -2.0053709999999999e+001	
  5.1809000000000000e+009	 -2.0202150000000000e+001	
  5.1820000000000000e+009	 -2.0587890000000002e+001	
  5.1831000000000000e+009	 -2.1461910000000000e+001	
  5.1842000000000000e+009	 -2.2834959999999999e+001	
  5.1853000000000000e+009	 -2.4565429999999999e+001	
  5.1864000000000000e+009	 -2.6035160000000001e+001	
  5.1875000000000000e+009	 -2.6859369999999998e+001	
  5.1886000000000000e+009	 -2.7117190000000001e+001	
  5.1897000000000000e+009	 -2.7025390000000002e+001	
  5.1908000000000000e+009	 -2.6839839999999999e+001	
  5.1919000000000000e+009	 -2.6669920000000001e+001	
  5.1930000000000000e+009	 -2.6540040000000001e+001	
  5.1941000000000000e+009	 -2.6456050000000001e+001	
  5.1952000000000000e+009	 -2.6379880000000000e+001	
  5.1963000000000000e+009	 -2.6291010000000000e+001	
  5.1974000000000000e+009	 -2.6234369999999998e+001	
  5.1985000000000000e+009	 -2.6240230000000000e+001	
  5.1996000000000000e+009	 -2.6214839999999999e+001	
  5.2007000000000000e+009	 -2.6234369999999998e+001	
  5.2018000000000000e+009	 -2.6195309999999999e+001	
  5.2029000000000000e+009	 -2.6158200000000001e+001	
  5.2040000000000000e+009	 -2.6176760000000002e+001	
  5.2051000000000000e+009	 -2.6182610000000000e+001	
  5.2062000000000000e+009	 -2.6188469999999999e+001	
  5.2073000000000000e+009	 -2.6199220000000000e+001	
  5.2084000000000000e+009	 -2.6279299999999999e+001	
  5.2095000000000000e+009	 -2.6186520000000002e+001	
  5.2106000000000000e+009	 -2.6147459999999999e+001	
  5.2117000000000000e+009	 -2.6156250000000000e+001	
  5.2128000000000000e+009	 -2.6194330000000001e+001	
  5.2139000000000000e+009	 -2.6158200000000001e+001	
  5.2150000000000000e+009	 -2.6094719999999999e+001	
  5.2161000000000000e+009	 -2.6126950000000001e+001	
  5.2172000000000000e+009	 -2.6078119999999998e+001	
  5.2183000000000000e+009	 -2.5957999999999998e+001	
  5.2194000000000000e+009	 -2.5996089999999999e+001	
  5.2205000000000000e+009	 -2.5952150000000000e+001	
  5.2216000000000000e+009	 -2.5917970000000000e+001	
  5.2227000000000000e+009	 -2.5850580000000001e+001	
  5.2238000000000000e+009	 -2.5741209999999999e+001	
  5.2249000000000000e+009	 -2.5662109999999998e+001	
  5.2260000000000000e+009	 -2.5562500000000000e+001	
  5.2271000000000000e+009	 -2.5466790000000000e+001	
  5.2282000000000000e+009	 -2.5416010000000000e+001	
  5.2293000000000000e+009	 -2.5314450000000001e+001	
  5.2304000000000000e+009	 -2.5204100000000000e+001	
  5.2315000000000000e+009	 -2.5049800000000001e+001	
  5.2326000000000000e+009	 -2.4950189999999999e+001	
  5.2337000000000000e+009	 -2.4806640000000002e+001	
  5.2348000000000000e+009	 -2.4679680000000001e+001	
  5.2359000000000000e+009	 -2.4488280000000000e+001	
  5.2370000000000000e+009	 -2.4452150000000000e+001	
  5.2381000000000000e+009	 -2.4223630000000000e+001	
  5.2392000000000000e+009	 -2.4135739999999998e+001	
  5.2403000000000000e+009	 -2.3984380000000002e+001	
  5.2414000000000000e+009	 -2.3918939999999999e+001	
  5.2425000000000000e+009	 -2.3781250000000000e+001	
  5.2436000000000000e+009	 -2.3679690000000001e+001	
  5.2447000000000000e+009	 -2.3637699999999999e+001	
  5.2458000000000000e+009	 -2.3552730000000000e+001	
  5.2469000000000000e+009	 -2.3430660000000000e+001	
  5.2480000000000000e+009	 -2.3506840000000000e+001	
  5.2491000000000000e+009	 -2.3390619999999998e+001	
  5.2502000000000000e+009	 -2.3350590000000000e+001	
  5.2513000000000000e+009	 -2.3484369999999998e+001	
  5.2524000000000000e+009	 -2.3429680000000001e+001	
  5.2535000000000000e+009	 -2.3482420000000001e+001	
  5.2546000000000000e+009	 -2.3566400000000002e+001	
  5.2557000000000000e+009	 -2.3645510000000002e+001	
  5.2568000000000000e+009	 -2.3744140000000002e+001	
  5.2579000000000000e+009	 -2.3846679999999999e+001	
  5.2590000000000000e+009	 -2.3933589999999999e+001	
  5.2601000000000000e+009	 -2.4062500000000000e+001	
  5.2612000000000000e+009	 -2.4139650000000000e+001	
  5.2623000000000000e+009	 -2.4277339999999999e+001	
  5.2634000000000000e+009	 -2.4372070000000001e+001	
  5.2645000000000000e+009	 -2.4529290000000000e+001	
  5.2656000000000000e+009	 -2.4635739999999998e+001	
  5.2667000000000000e+009	 -2.4736329999999999e+001	
  5.2678000000000000e+009	 -2.4771480000000000e+001	
  5.2689000000000000e+009	 -2.4930660000000000e+001	
  5.2700000000000000e+009	 -2.4944330000000001e+001	
  5.2711000000000000e+009	 -2.5116209999999999e+001	
  5.2722000000000000e+009	 -2.5200199999999999e+001	
  5.2733000000000000e+009	 -2.5219729999999998e+001	
  5.2744000000000000e+009	 -2.5239260000000002e+001	
  5.2755000000000000e+009	 -2.5338860000000000e+001	
  5.2766000000000000e+009	 -2.5367180000000001e+001	
  5.2777000000000000e+009	 -2.5262689999999999e+001	
  5.2788000000000000e+009	 -2.5226559999999999e+001	
  5.2799000000000000e+009	 -2.5265619999999998e+001	
  5.2810000000000000e+009	 -2.5298819999999999e+001	
  5.2821000000000000e+009	 -2.5200199999999999e+001	
  5.2832000000000000e+009	 -2.5164059999999999e+001	
  5.2843000000000000e+009	 -2.5166020000000000e+001	
  5.2854000000000000e+009	 -2.5106439999999999e+001	
  5.2865000000000000e+009	 -2.5041989999999998e+001	
  5.2876000000000000e+009	 -2.4992180000000001e+001	
  5.2887000000000000e+009	 -2.4928709999999999e+001	
  5.2898000000000000e+009	 -2.4863280000000000e+001	
  5.2909000000000000e+009	 -2.4823239999999998e+001	
  5.2920000000000000e+009	 -2.4753900000000002e+001	
  5.2931000000000000e+009	 -2.4704100000000000e+001	
  5.2942000000000000e+009	 -2.4654290000000000e+001	
  5.2953000000000000e+009	 -2.4556640000000002e+001	
  5.2964000000000000e+009	 -2.4483390000000000e+001	
  5.2975000000000000e+009	 -2.4454100000000000e+001	
  5.2986000000000000e+009	 -2.4397459999999999e+001	
  5.2997000000000000e+009	 -2.4275390000000002e+001	
  5.3008000000000000e+009	 -2.4231439999999999e+001	
  5.3019000000000000e+009	 -2.4190429999999999e+001	
  5.3030000000000000e+009	 -2.4115230000000000e+001	
  5.3041000000000000e+009	 -2.4033200000000001e+001	
  5.3052000000000000e+009	 -2.4032229999999998e+001	
  5.3063000000000000e+009	 -2.3940429999999999e+001	
  5.3074000000000000e+009	 -2.3755859999999998e+001	
  5.3085000000000000e+009	 -2.3730470000000000e+001	
  5.3096000000000000e+009	 -2.3634760000000000e+001	
  5.3107000000000000e+009	 -2.3613280000000000e+001	
  5.3118000000000000e+009	 -2.3444330000000001e+001	
  5.3129000000000000e+009	 -2.3297850000000000e+001	
  5.3140000000000000e+009	 -2.3206050000000001e+001	
  5.3151000000000000e+009	 -2.3117180000000001e+001	
  5.3162000000000000e+009	 -2.3052740000000000e+001	
  5.3173000000000000e+009	 -2.2969729999999998e+001	
  5.3184000000000000e+009	 -2.2867190000000001e+001	
  5.3195000000000000e+009	 -2.2758790000000001e+001	
  5.3206000000000000e+009	 -2.2720700000000001e+001	
  5.3217000000000000e+009	 -2.2651370000000000e+001	
  5.3228000000000000e+009	 -2.2586910000000000e+001	
  5.3239000000000000e+009	 -2.2560540000000000e+001	
  5.3250000000000000e+009	 -2.2552730000000000e+001	
  5.3261000000000000e+009	 -2.2555660000000000e+001	
  5.3272000000000000e+009	 -2.2602540000000001e+001	
  5.3283000000000000e+009	 -2.2643550000000001e+001	
  5.3294000000000000e+009	 -2.2724609999999998e+001	
  5.3305000000000000e+009	 -2.2733400000000000e+001	
  5.3316000000000000e+009	 -2.2884760000000000e+001	
  5.3327000000000000e+009	 -2.3043939999999999e+001	
  5.3338000000000000e+009	 -2.3060549999999999e+001	
  5.3349000000000000e+009	 -2.3298829999999999e+001	
  5.3360000000000000e+009	 -2.3409179999999999e+001	
  5.3371000000000000e+009	 -2.3572260000000000e+001	
  5.3382000000000000e+009	 -2.3736329999999999e+001	
  5.3393000000000000e+009	 -2.3907229999999998e+001	
  5.3404000000000000e+009	 -2.4027339999999999e+001	
  5.3415000000000000e+009	 -2.4163080000000001e+001	
  5.3426000000000000e+009	 -2.4357420000000001e+001	
  5.3437000000000000e+009	 -2.4474609999999998e+001	
  5.3448000000000000e+009	 -2.4559570000000001e+001	
  5.3459000000000000e+009	 -2.4750000000000000e+001	
  5.3470000000000000e+009	 -2.4817380000000000e+001	
  5.3481000000000000e+009	 -2.4874020000000002e+001	
  5.3492000000000000e+009	 -2.4937500000000000e+001	
  5.3503000000000000e+009	 -2.5050780000000000e+001	
  5.3514000000000000e+009	 -2.5050780000000000e+001	
  5.3525000000000000e+009	 -2.5038080000000001e+001	
  5.3536000000000000e+009	 -2.5054680000000001e+001	
  5.3547000000000000e+009	 -2.4981439999999999e+001	
  5.3558000000000000e+009	 -2.4913080000000001e+001	
  5.3569000000000000e+009	 -2.4842770000000002e+001	
  5.3580000000000000e+009	 -2.4748040000000000e+001	
  5.3591000000000000e+009	 -2.4631830000000001e+001	
  5.3602000000000000e+009	 -2.4494140000000002e+001	
  5.3613000000000000e+009	 -2.4311520000000002e+001	
  5.3624000000000000e+009	 -2.4177730000000000e+001	
  5.3635000000000000e+009	 -2.3958010000000002e+001	
  5.3646000000000000e+009	 -2.3761720000000000e+001	
  5.3657000000000000e+009	 -2.3594729999999998e+001	
  5.3668000000000000e+009	 -2.3290040000000001e+001	
  5.3679000000000000e+009	 -2.3145510000000002e+001	
  5.3690000000000000e+009	 -2.2891600000000000e+001	
  5.3701000000000000e+009	 -2.2721679999999999e+001	
  5.3712000000000000e+009	 -2.2466799999999999e+001	
  5.3723000000000000e+009	 -2.2274410000000000e+001	
  5.3734000000000000e+009	 -2.2123049999999999e+001	
  5.3745000000000000e+009	 -2.1951170000000001e+001	
  5.3756000000000000e+009	 -2.1737300000000001e+001	
  5.3767000000000000e+009	 -2.1601559999999999e+001	
  5.3778000000000000e+009	 -2.1460940000000001e+001	
  5.3789000000000000e+009	 -2.1301760000000002e+001	
  5.3800000000000000e+009	 -2.1223630000000000e+001	
