  3.5000000000000000e+009	 -2.0295900000000000e+001	
  3.5023000000000000e+009	 -1.9403320000000001e+001	
  3.5046000000000000e+009	 -1.8561520000000002e+001	
  3.5069000000000000e+009	 -1.7644530000000000e+001	
  3.5092000000000000e+009	 -1.6837890000000002e+001	
  3.5115000000000000e+009	 -1.6154299999999999e+001	
  3.5138000000000000e+009	 -1.5654790000000000e+001	
  3.5161000000000000e+009	 -1.5365230000000000e+001	
  3.5184000000000000e+009	 -1.5274900000000001e+001	
  3.5207000000000000e+009	 -1.5365230000000000e+001	
  3.5230000000000000e+009	 -1.5606930000000000e+001	
  3.5253000000000000e+009	 -1.5956049999999999e+001	
  3.5276000000000000e+009	 -1.6310549999999999e+001	
  3.5299000000000000e+009	 -1.6815429999999999e+001	
  3.5322000000000000e+009	 -1.7270510000000002e+001	
  3.5345000000000000e+009	 -1.7761720000000000e+001	
  3.5368000000000000e+009	 -1.8267579999999999e+001	
  3.5391000000000000e+009	 -1.8811520000000002e+001	
  3.5414000000000000e+009	 -1.9350590000000000e+001	
  3.5437000000000000e+009	 -1.9924800000000001e+001	
  3.5460000000000000e+009	 -2.0500000000000000e+001	
  3.5483000000000000e+009	 -2.1100580000000001e+001	
  3.5506000000000000e+009	 -2.1620120000000000e+001	
  3.5529000000000000e+009	 -2.2261720000000000e+001	
  3.5552000000000000e+009	 -2.2775390000000002e+001	
  3.5575000000000000e+009	 -2.3354489999999998e+001	
  3.5598000000000000e+009	 -2.3895510000000002e+001	
  3.5621000000000000e+009	 -2.4002929999999999e+001	
  3.5644000000000000e+009	 -2.4085940000000001e+001	
  3.5667000000000000e+009	 -2.3850580000000001e+001	
  3.5690000000000000e+009	 -2.3908200000000001e+001	
  3.5713000000000000e+009	 -2.4136710000000001e+001	
  3.5736000000000000e+009	 -2.4323239999999998e+001	
  3.5759000000000000e+009	 -2.4348630000000000e+001	
  3.5782000000000000e+009	 -2.4309570000000001e+001	
  3.5805000000000000e+009	 -2.4184570000000001e+001	
  3.5828000000000000e+009	 -2.4080079999999999e+001	
  3.5851000000000000e+009	 -2.4004880000000000e+001	
  3.5874000000000000e+009	 -2.3843750000000000e+001	
  3.5897000000000000e+009	 -2.3785160000000001e+001	
  3.5920000000000000e+009	 -2.3693359999999998e+001	
  3.5943000000000000e+009	 -2.3670900000000000e+001	
  3.5966000000000000e+009	 -2.3701170000000001e+001	
  3.5989000000000000e+009	 -2.3816400000000002e+001	
  3.6012000000000000e+009	 -2.3940429999999999e+001	
  3.6035000000000000e+009	 -2.4103510000000000e+001	
  3.6058000000000000e+009	 -2.4339839999999999e+001	
  3.6081000000000000e+009	 -2.4520510000000002e+001	
  3.6104000000000000e+009	 -2.4782219999999999e+001	
  3.6127000000000000e+009	 -2.4927730000000000e+001	
  3.6150000000000000e+009	 -2.5096679999999999e+001	
  3.6173000000000000e+009	 -2.5304680000000001e+001	
  3.6196000000000000e+009	 -2.5436520000000002e+001	
  3.6219000000000000e+009	 -2.5594729999999998e+001	
  3.6242000000000000e+009	 -2.5593750000000000e+001	
  3.6265000000000000e+009	 -2.5619140000000002e+001	
  3.6288000000000000e+009	 -2.5626950000000001e+001	
  3.6311000000000000e+009	 -2.5654299999999999e+001	
  3.6334000000000000e+009	 -2.5578119999999998e+001	
  3.6357000000000000e+009	 -2.5534179999999999e+001	
  3.6380000000000000e+009	 -2.5416010000000000e+001	
  3.6403000000000000e+009	 -2.5272459999999999e+001	
  3.6426000000000000e+009	 -2.5205079999999999e+001	
  3.6449000000000000e+009	 -2.5054680000000001e+001	
  3.6472000000000000e+009	 -2.4907229999999998e+001	
  3.6495000000000000e+009	 -2.4668939999999999e+001	
  3.6518000000000000e+009	 -2.4490230000000000e+001	
  3.6541000000000000e+009	 -2.4224609999999998e+001	
  3.6564000000000000e+009	 -2.3980470000000000e+001	
  3.6587000000000000e+009	 -2.3814450000000001e+001	
  3.6610000000000000e+009	 -2.3520510000000002e+001	
  3.6633000000000000e+009	 -2.3291020000000000e+001	
  3.6656000000000000e+009	 -2.3106449999999999e+001	
  3.6679000000000000e+009	 -2.2958980000000000e+001	
  3.6702000000000000e+009	 -2.2816410000000001e+001	
  3.6725000000000000e+009	 -2.2736329999999999e+001	
  3.6748000000000000e+009	 -2.2691410000000001e+001	
  3.6771000000000000e+009	 -2.2741209999999999e+001	
  3.6794000000000000e+009	 -2.2892579999999999e+001	
  3.6817000000000000e+009	 -2.2869140000000002e+001	
  3.6840000000000000e+009	 -2.2968750000000000e+001	
  3.6863000000000000e+009	 -2.3094729999999998e+001	
  3.6886000000000000e+009	 -2.3118160000000000e+001	
  3.6909000000000000e+009	 -2.3151360000000000e+001	
  3.6932000000000000e+009	 -2.3156250000000000e+001	
  3.6955000000000000e+009	 -2.3088870000000000e+001	
  3.6978000000000000e+009	 -2.3017579999999999e+001	
  3.7001000000000000e+009	 -2.2866209999999999e+001	
  3.7024000000000000e+009	 -2.2761720000000000e+001	
  3.7047000000000000e+009	 -2.2601559999999999e+001	
  3.7070000000000000e+009	 -2.2364260000000002e+001	
  3.7093000000000000e+009	 -2.2099609999999998e+001	
  3.7116000000000000e+009	 -2.1755859999999998e+001	
  3.7139000000000000e+009	 -2.1319340000000000e+001	
  3.7162000000000000e+009	 -2.1006840000000000e+001	
  3.7185000000000000e+009	 -2.0647459999999999e+001	
  3.7208000000000000e+009	 -2.0340820000000001e+001	
  3.7231000000000000e+009	 -1.9965820000000001e+001	
  3.7254000000000000e+009	 -1.9637689999999999e+001	
  3.7277000000000000e+009	 -1.9281250000000000e+001	
  3.7300000000000000e+009	 -1.8913090000000000e+001	
  3.7323000000000000e+009	 -1.8541010000000000e+001	
  3.7346000000000000e+009	 -1.8133790000000001e+001	
  3.7369000000000000e+009	 -1.7808589999999999e+001	
  3.7392000000000000e+009	 -1.7479489999999998e+001	
  3.7415000000000000e+009	 -1.7184570000000001e+001	
  3.7438000000000000e+009	 -1.7001950000000001e+001	
  3.7461000000000000e+009	 -1.6997070000000001e+001	
  3.7484000000000000e+009	 -1.6886720000000000e+001	
  3.7507000000000000e+009	 -1.6833010000000002e+001	
  3.7530000000000000e+009	 -1.6837890000000002e+001	
  3.7553000000000000e+009	 -1.6786130000000000e+001	
  3.7576000000000000e+009	 -1.6728520000000000e+001	
  3.7599000000000000e+009	 -1.6645510000000002e+001	
  3.7622000000000000e+009	 -1.6495120000000000e+001	
  3.7645000000000000e+009	 -1.6294920000000001e+001	
  3.7668000000000000e+009	 -1.5999510000000001e+001	
  3.7691000000000000e+009	 -1.5622560000000000e+001	
  3.7714000000000000e+009	 -1.5222170000000000e+001	
  3.7737000000000000e+009	 -1.4610840000000000e+001	
  3.7760000000000000e+009	 -1.4065429999999999e+001	
  3.7783000000000000e+009	 -1.3358890000000001e+001	
  3.7806000000000000e+009	 -1.2665039999999999e+001	
  3.7829000000000000e+009	 -1.1938480000000000e+001	
  3.7852000000000000e+009	 -1.1193849999999999e+001	
  3.7875000000000000e+009	 -1.0547850000000000e+001	
  3.7898000000000000e+009	 -9.9184570000000001e+000	
  3.7921000000000000e+009	 -9.4384770000000007e+000	
  3.7944000000000000e+009	 -8.9985350000000004e+000	
  3.7967000000000000e+009	 -8.5698240000000006e+000	
  3.7990000000000000e+009	 -8.3286130000000007e+000	
  3.8013000000000000e+009	 -8.0361329999999995e+000	
  3.8036000000000000e+009	 -7.8522949999999998e+000	
  3.8059000000000000e+009	 -7.7729489999999997e+000	
  3.8082000000000000e+009	 -7.7233890000000001e+000	
  3.8105000000000000e+009	 -7.7482910000000000e+000	
  3.8128000000000000e+009	 -7.8242190000000003e+000	
  3.8151000000000000e+009	 -7.9909670000000004e+000	
  3.8174000000000000e+009	 -8.2504880000000007e+000	
  3.8197000000000000e+009	 -8.4833979999999993e+000	
  3.8220000000000000e+009	 -8.9077149999999996e+000	
  3.8243000000000000e+009	 -9.3164060000000006e+000	
  3.8266000000000000e+009	 -9.7500000000000000e+000	
  3.8289000000000000e+009	 -1.0209960000000001e+001	
  3.8312000000000000e+009	 -1.0691409999999999e+001	
  3.8335000000000000e+009	 -1.1160159999999999e+001	
  3.8358000000000000e+009	 -1.1605470000000000e+001	
  3.8381000000000000e+009	 -1.2061040000000000e+001	
  3.8404000000000000e+009	 -1.2471190000000000e+001	
  3.8427000000000000e+009	 -1.2818849999999999e+001	
  3.8450000000000000e+009	 -1.3151859999999999e+001	
  3.8473000000000000e+009	 -1.3520510000000000e+001	
  3.8496000000000000e+009	 -1.3715330000000000e+001	
  3.8519000000000000e+009	 -1.3867680000000000e+001	
  3.8542000000000000e+009	 -1.4057620000000000e+001	
  3.8565000000000000e+009	 -1.4141600000000000e+001	
  3.8588000000000000e+009	 -1.4211430000000000e+001	
  3.8611000000000000e+009	 -1.4230470000000000e+001	
  3.8634000000000000e+009	 -1.4295410000000000e+001	
  3.8657000000000000e+009	 -1.4360840000000000e+001	
  3.8680000000000000e+009	 -1.4382320000000000e+001	
  3.8703000000000000e+009	 -1.4535640000000001e+001	
  3.8726000000000000e+009	 -1.4698240000000000e+001	
  3.8749000000000000e+009	 -1.4833010000000000e+001	
  3.8772000000000000e+009	 -1.5037599999999999e+001	
  3.8795000000000000e+009	 -1.5384280000000000e+001	
  3.8818000000000000e+009	 -1.5630860000000000e+001	
  3.8841000000000000e+009	 -1.5986330000000001e+001	
  3.8864000000000000e+009	 -1.6292970000000000e+001	
  3.8887000000000000e+009	 -1.6655270000000002e+001	
  3.8910000000000000e+009	 -1.7003910000000001e+001	
  3.8933000000000000e+009	 -1.7357420000000001e+001	
  3.8956000000000000e+009	 -1.7599609999999998e+001	
  3.8979000000000000e+009	 -1.7817380000000000e+001	
  3.9002000000000000e+009	 -1.8060549999999999e+001	
  3.9025000000000000e+009	 -1.8200189999999999e+001	
  3.9048000000000000e+009	 -1.8310549999999999e+001	
  3.9071000000000000e+009	 -1.8458010000000002e+001	
  3.9094000000000000e+009	 -1.8483400000000000e+001	
  3.9117000000000000e+009	 -1.8534179999999999e+001	
  3.9140000000000000e+009	 -1.8564450000000001e+001	
  3.9163000000000000e+009	 -1.8584959999999999e+001	
  3.9186000000000000e+009	 -1.8612300000000001e+001	
  3.9209000000000000e+009	 -1.8578119999999998e+001	
  3.9232000000000000e+009	 -1.8547850000000000e+001	
  3.9255000000000000e+009	 -1.8541989999999998e+001	
  3.9278000000000000e+009	 -1.8483400000000000e+001	
  3.9301000000000000e+009	 -1.8406250000000000e+001	
  3.9324000000000000e+009	 -1.8302730000000000e+001	
  3.9347000000000000e+009	 -1.8149410000000000e+001	
  3.9370000000000000e+009	 -1.8023440000000001e+001	
  3.9393000000000000e+009	 -1.7863280000000000e+001	
  3.9416000000000000e+009	 -1.7830079999999999e+001	
  3.9439000000000000e+009	 -1.7759760000000000e+001	
  3.9462000000000000e+009	 -1.7687500000000000e+001	
  3.9485000000000000e+009	 -1.7735350000000000e+001	
  3.9508000000000000e+009	 -1.7766600000000000e+001	
  3.9531000000000000e+009	 -1.7956050000000001e+001	
  3.9554000000000000e+009	 -1.8131840000000000e+001	
  3.9577000000000000e+009	 -1.8351559999999999e+001	
  3.9600000000000000e+009	 -1.8648440000000001e+001	
  3.9623000000000000e+009	 -1.8888670000000001e+001	
  3.9646000000000000e+009	 -1.9148440000000001e+001	
  3.9669000000000000e+009	 -1.9393550000000001e+001	
  3.9692000000000000e+009	 -1.9613280000000000e+001	
  3.9715000000000000e+009	 -1.9720700000000001e+001	
  3.9738000000000000e+009	 -1.9907229999999998e+001	
  3.9761000000000000e+009	 -1.9852540000000001e+001	
  3.9784000000000000e+009	 -1.9883790000000001e+001	
  3.9807000000000000e+009	 -1.9690429999999999e+001	
  3.9830000000000000e+009	 -1.9535160000000001e+001	
  3.9853000000000000e+009	 -1.9357420000000001e+001	
  3.9876000000000000e+009	 -1.9154299999999999e+001	
  3.9899000000000000e+009	 -1.8854489999999998e+001	
  3.9922000000000000e+009	 -1.8556640000000002e+001	
  3.9945000000000000e+009	 -1.8250000000000000e+001	
  3.9968000000000000e+009	 -1.7941410000000001e+001	
  3.9991000000000000e+009	 -1.7648440000000001e+001	
  4.0014000000000000e+009	 -1.7361329999999999e+001	
  4.0037000000000000e+009	 -1.7208010000000002e+001	
  4.0060000000000000e+009	 -1.7058589999999999e+001	
  4.0083000000000000e+009	 -1.6925780000000000e+001	
  4.0106000000000000e+009	 -1.6931640000000002e+001	
  4.0129000000000000e+009	 -1.6973630000000000e+001	
  4.0152000000000000e+009	 -1.7013670000000001e+001	
  4.0175000000000000e+009	 -1.7123049999999999e+001	
  4.0198000000000000e+009	 -1.7214839999999999e+001	
  4.0221000000000000e+009	 -1.7369140000000002e+001	
  4.0244000000000000e+009	 -1.7469729999999998e+001	
  4.0267000000000000e+009	 -1.7598630000000000e+001	
  4.0290000000000000e+009	 -1.7649410000000000e+001	
  4.0313000000000000e+009	 -1.7736329999999999e+001	
  4.0336000000000000e+009	 -1.7713870000000000e+001	
  4.0359000000000000e+009	 -1.7655270000000002e+001	
  4.0382000000000000e+009	 -1.7635739999999998e+001	
  4.0405000000000000e+009	 -1.7530270000000002e+001	
  4.0428000000000000e+009	 -1.7283200000000001e+001	
  4.0451000000000000e+009	 -1.7070309999999999e+001	
  4.0474000000000000e+009	 -1.6829100000000000e+001	
  4.0497000000000000e+009	 -1.6539059999999999e+001	
  4.0520000000000000e+009	 -1.6236329999999999e+001	
  4.0543000000000000e+009	 -1.5895510000000000e+001	
  4.0566000000000000e+009	 -1.5570309999999999e+001	
  4.0589000000000000e+009	 -1.5245120000000000e+001	
  4.0612000000000000e+009	 -1.4879880000000000e+001	
  4.0635000000000000e+009	 -1.4598630000000000e+001	
  4.0658000000000000e+009	 -1.4441890000000001e+001	
  4.0681000000000000e+009	 -1.4124020000000000e+001	
  4.0704000000000000e+009	 -1.3955080000000001e+001	
  4.0727000000000000e+009	 -1.3819340000000000e+001	
  4.0750000000000000e+009	 -1.3629390000000001e+001	
  4.0773000000000000e+009	 -1.3506349999999999e+001	
  4.0796000000000000e+009	 -1.3358890000000001e+001	
  4.0819000000000000e+009	 -1.3211430000000000e+001	
  4.0842000000000000e+009	 -1.3076660000000000e+001	
  4.0865000000000000e+009	 -1.2884770000000000e+001	
  4.0888000000000000e+009	 -1.2698240000000000e+001	
  4.0911000000000000e+009	 -1.2452640000000001e+001	
  4.0934000000000000e+009	 -1.2317869999999999e+001	
  4.0957000000000000e+009	 -1.2094239999999999e+001	
  4.0980000000000000e+009	 -1.1895020000000001e+001	
  4.1003000000000000e+009	 -1.1774410000000000e+001	
  4.1026000000000000e+009	 -1.1578130000000000e+001	
  4.1049000000000000e+009	 -1.1440920000000000e+001	
  4.1072000000000000e+009	 -1.1300290000000000e+001	
  4.1095000000000000e+009	 -1.1155270000000000e+001	
  4.1118000000000000e+009	 -1.1029790000000000e+001	
  4.1141000000000000e+009	 -1.0911130000000000e+001	
  4.1164000000000000e+009	 -1.0784670000000000e+001	
  4.1187000000000000e+009	 -1.0635249999999999e+001	
  4.1210000000000000e+009	 -1.0521000000000001e+001	
  4.1233000000000000e+009	 -1.0366700000000000e+001	
  4.1256000000000000e+009	 -1.0224119999999999e+001	
  4.1279000000000000e+009	 -1.0187989999999999e+001	
  4.1302000000000000e+009	 -1.0085940000000001e+001	
  4.1325000000000000e+009	 -1.0066890000000001e+001	
  4.1348000000000000e+009	 -9.9902339999999992e+000	
  4.1371000000000000e+009	 -9.9916990000000006e+000	
  4.1394000000000000e+009	 -9.9599609999999998e+000	
  4.1417000000000000e+009	 -9.9692380000000007e+000	
  4.1440000000000000e+009	 -9.9487299999999994e+000	
  4.1463000000000000e+009	 -9.9643549999999994e+000	
  4.1486000000000000e+009	 -1.0057620000000000e+001	
  4.1509000000000000e+009	 -1.0145510000000000e+001	
  4.1532000000000000e+009	 -1.0284670000000000e+001	
  4.1555000000000000e+009	 -1.0400880000000001e+001	
  4.1578000000000000e+009	 -1.0641109999999999e+001	
  4.1601000000000000e+009	 -1.0954100000000000e+001	
  4.1624000000000000e+009	 -1.1311040000000000e+001	
  4.1647000000000000e+009	 -1.1720700000000001e+001	
  4.1670000000000000e+009	 -1.2167479999999999e+001	
  4.1693000000000000e+009	 -1.2654790000000000e+001	
  4.1716000000000000e+009	 -1.3109859999999999e+001	
  4.1739000000000000e+009	 -1.3593260000000001e+001	
  4.1762000000000000e+009	 -1.4032230000000000e+001	
  4.1785000000000000e+009	 -1.4408690000000000e+001	
  4.1808000000000000e+009	 -1.4842290000000000e+001	
  4.1831000000000000e+009	 -1.5139160000000000e+001	
  4.1854000000000000e+009	 -1.5470700000000001e+001	
  4.1877000000000000e+009	 -1.5708500000000001e+001	
  4.1900000000000000e+009	 -1.5947749999999999e+001	
  4.1923000000000000e+009	 -1.6113280000000000e+001	
  4.1946000000000000e+009	 -1.6254880000000000e+001	
  4.1969000000000000e+009	 -1.6328130000000002e+001	
  4.1992000000000000e+009	 -1.6398440000000001e+001	
  4.2015000000000000e+009	 -1.6384760000000000e+001	
  4.2038000000000000e+009	 -1.6375000000000000e+001	
  4.2061000000000000e+009	 -1.6350580000000001e+001	
  4.2084000000000000e+009	 -1.6240230000000000e+001	
  4.2107000000000000e+009	 -1.6122070000000001e+001	
  4.2130000000000000e+009	 -1.5962890000000000e+001	
  4.2153000000000000e+009	 -1.5870120000000000e+001	
  4.2176000000000000e+009	 -1.5844239999999999e+001	
  4.2199000000000000e+009	 -1.5969730000000000e+001	
  4.2222000000000000e+009	 -1.6201170000000001e+001	
  4.2245000000000000e+009	 -1.6486329999999999e+001	
  4.2268000000000000e+009	 -1.6827150000000000e+001	
  4.2291000000000000e+009	 -1.7223630000000000e+001	
  4.2314000000000000e+009	 -1.7640619999999998e+001	
  4.2337000000000000e+009	 -1.8056640000000002e+001	
  4.2360000000000000e+009	 -1.8415040000000001e+001	
  4.2383000000000000e+009	 -1.8864260000000002e+001	
  4.2406000000000000e+009	 -1.9241209999999999e+001	
  4.2429000000000000e+009	 -1.9587890000000002e+001	
  4.2452000000000000e+009	 -1.9948239999999998e+001	
  4.2475000000000000e+009	 -2.0160160000000001e+001	
  4.2498000000000000e+009	 -2.0361329999999999e+001	
  4.2521000000000000e+009	 -2.0453119999999998e+001	
  4.2544000000000000e+009	 -2.0511720000000000e+001	
  4.2567000000000000e+009	 -2.0564450000000001e+001	
  4.2590000000000000e+009	 -2.0573239999999998e+001	
  4.2613000000000000e+009	 -2.0594729999999998e+001	
  4.2636000000000000e+009	 -2.0618160000000000e+001	
  4.2659000000000000e+009	 -2.0636720000000000e+001	
  4.2682000000000000e+009	 -2.0709959999999999e+001	
  4.2705000000000000e+009	 -2.0805660000000000e+001	
  4.2728000000000000e+009	 -2.0861329999999999e+001	
  4.2751000000000000e+009	 -2.0990230000000000e+001	
  4.2774000000000000e+009	 -2.1135739999999998e+001	
  4.2797000000000000e+009	 -2.1235350000000000e+001	
  4.2820000000000000e+009	 -2.1329100000000000e+001	
  4.2843000000000000e+009	 -2.1416989999999998e+001	
  4.2866000000000000e+009	 -2.1470700000000001e+001	
  4.2889000000000000e+009	 -2.1485350000000000e+001	
  4.2912000000000000e+009	 -2.1486329999999999e+001	
  4.2935000000000000e+009	 -2.1509770000000000e+001	
  4.2958000000000000e+009	 -2.1462890000000002e+001	
  4.2981000000000000e+009	 -2.1475590000000000e+001	
  4.3004000000000000e+009	 -2.1504880000000000e+001	
  4.3027000000000000e+009	 -2.1572270000000000e+001	
  4.3050000000000000e+009	 -2.1758790000000001e+001	
  4.3073000000000000e+009	 -2.1831050000000001e+001	
  4.3096000000000000e+009	 -2.2218750000000000e+001	
  4.3119000000000000e+009	 -2.2532219999999999e+001	
  4.3142000000000000e+009	 -2.2904299999999999e+001	
  4.3165000000000000e+009	 -2.3264650000000000e+001	
  4.3188000000000000e+009	 -2.3610350000000000e+001	
  4.3211000000000000e+009	 -2.3914059999999999e+001	
  4.3234000000000000e+009	 -2.4191400000000002e+001	
  4.3257000000000000e+009	 -2.4381830000000001e+001	
  4.3280000000000000e+009	 -2.4515619999999998e+001	
  4.3303000000000000e+009	 -2.4638670000000001e+001	
  4.3326000000000000e+009	 -2.4614260000000002e+001	
  4.3349000000000000e+009	 -2.4514650000000000e+001	
  4.3372000000000000e+009	 -2.4347650000000002e+001	
  4.3395000000000000e+009	 -2.4166989999999998e+001	
  4.3418000000000000e+009	 -2.3888670000000001e+001	
  4.3441000000000000e+009	 -2.3590820000000001e+001	
  4.3464000000000000e+009	 -2.3370120000000000e+001	
  4.3487000000000000e+009	 -2.3070309999999999e+001	
  4.3510000000000000e+009	 -2.2872070000000001e+001	
  4.3533000000000000e+009	 -2.2767579999999999e+001	
  4.3556000000000000e+009	 -2.2681640000000002e+001	
  4.3579000000000000e+009	 -2.2722650000000002e+001	
  4.3602000000000000e+009	 -2.2834959999999999e+001	
  4.3625000000000000e+009	 -2.3027339999999999e+001	
  4.3648000000000000e+009	 -2.3243169999999999e+001	
  4.3671000000000000e+009	 -2.3531250000000000e+001	
  4.3694000000000000e+009	 -2.3885739999999998e+001	
  4.3717000000000000e+009	 -2.4198239999999998e+001	
  4.3740000000000000e+009	 -2.4448239999999998e+001	
  4.3763000000000000e+009	 -2.4744140000000002e+001	
  4.3786000000000000e+009	 -2.5076170000000001e+001	
  4.3809000000000000e+009	 -2.5309570000000001e+001	
  4.3832000000000000e+009	 -2.5472660000000001e+001	
  4.3855000000000000e+009	 -2.5669920000000001e+001	
  4.3878000000000000e+009	 -2.5779290000000000e+001	
  4.3901000000000000e+009	 -2.5849609999999998e+001	
  4.3924000000000000e+009	 -2.5973630000000000e+001	
  4.3947000000000000e+009	 -2.5859380000000002e+001	
  4.3970000000000000e+009	 -2.5862300000000001e+001	
  4.3993000000000000e+009	 -2.5735350000000000e+001	
  4.4016000000000000e+009	 -2.5516600000000000e+001	
  4.4039000000000000e+009	 -2.5316410000000001e+001	
  4.4062000000000000e+009	 -2.5073239999999998e+001	
  4.4085000000000000e+009	 -2.4852540000000001e+001	
  4.4108000000000000e+009	 -2.4610350000000000e+001	
  4.4131000000000000e+009	 -2.4326170000000001e+001	
  4.4154000000000000e+009	 -2.4169920000000001e+001	
  4.4177000000000000e+009	 -2.4026370000000000e+001	
  4.4200000000000000e+009	 -2.3964839999999999e+001	
  4.4223000000000000e+009	 -2.3977540000000001e+001	
  4.4246000000000000e+009	 -2.4017579999999999e+001	
  4.4269000000000000e+009	 -2.4154299999999999e+001	
  4.4292000000000000e+009	 -2.4350590000000000e+001	
  4.4315000000000000e+009	 -2.4666989999999998e+001	
  4.4338000000000000e+009	 -2.4886720000000000e+001	
  4.4361000000000000e+009	 -2.5122070000000001e+001	
  4.4384000000000000e+009	 -2.5352540000000001e+001	
  4.4407000000000000e+009	 -2.5564450000000001e+001	
  4.4430000000000000e+009	 -2.5717770000000002e+001	
  4.4453000000000000e+009	 -2.5833010000000002e+001	
  4.4476000000000000e+009	 -2.5898440000000001e+001	
  4.4499000000000000e+009	 -2.5880859999999998e+001	
  4.4522000000000000e+009	 -2.5862300000000001e+001	
  4.4545000000000000e+009	 -2.5801749999999998e+001	
  4.4568000000000000e+009	 -2.5739249999999998e+001	
  4.4591000000000000e+009	 -2.5677730000000000e+001	
  4.4614000000000000e+009	 -2.5529290000000000e+001	
  4.4637000000000000e+009	 -2.5529290000000000e+001	
  4.4660000000000000e+009	 -2.5491209999999999e+001	
  4.4683000000000000e+009	 -2.5469719999999999e+001	
  4.4706000000000000e+009	 -2.5484369999999998e+001	
  4.4729000000000000e+009	 -2.5442380000000000e+001	
  4.4752000000000000e+009	 -2.5462890000000002e+001	
  4.4775000000000000e+009	 -2.5467770000000002e+001	
  4.4798000000000000e+009	 -2.5451170000000001e+001	
  4.4821000000000000e+009	 -2.5387689999999999e+001	
  4.4844000000000000e+009	 -2.5251950000000001e+001	
  4.4867000000000000e+009	 -2.5083980000000000e+001	
  4.4890000000000000e+009	 -2.4976559999999999e+001	
  4.4913000000000000e+009	 -2.4800780000000000e+001	
  4.4936000000000000e+009	 -2.4442380000000000e+001	
  4.4959000000000000e+009	 -2.4358400000000000e+001	
  4.4982000000000000e+009	 -2.4138670000000001e+001	
  4.5005000000000000e+009	 -2.4012689999999999e+001	
  4.5028000000000000e+009	 -2.3961910000000000e+001	
  4.5051000000000000e+009	 -2.4035150000000002e+001	
  4.5074000000000000e+009	 -2.4085940000000001e+001	
  4.5097000000000000e+009	 -2.4232420000000001e+001	
  4.5120000000000000e+009	 -2.4444330000000001e+001	
  4.5143000000000000e+009	 -2.4678709999999999e+001	
  4.5166000000000000e+009	 -2.4897459999999999e+001	
  4.5189000000000000e+009	 -2.5137689999999999e+001	
  4.5212000000000000e+009	 -2.5257809999999999e+001	
  4.5235000000000000e+009	 -2.5368160000000000e+001	
  4.5258000000000000e+009	 -2.5425780000000000e+001	
  4.5281000000000000e+009	 -2.5283200000000001e+001	
  4.5304000000000000e+009	 -2.5041989999999998e+001	
  4.5327000000000000e+009	 -2.4652339999999999e+001	
  4.5350000000000000e+009	 -2.4101559999999999e+001	
  4.5373000000000000e+009	 -2.3525390000000002e+001	
  4.5396000000000000e+009	 -2.3429680000000001e+001	
  4.5419000000000000e+009	 -2.5711910000000000e+001	
  4.5442000000000000e+009	 -2.9252929999999999e+001	
  4.5465000000000000e+009	 -2.9479489999999998e+001	
  4.5488000000000000e+009	 -2.8261720000000000e+001	
  4.5511000000000000e+009	 -2.7166989999999998e+001	
  4.5534000000000000e+009	 -2.6346679999999999e+001	
  4.5557000000000000e+009	 -2.5727540000000001e+001	
  4.5580000000000000e+009	 -2.5254880000000000e+001	
  4.5603000000000000e+009	 -2.4951170000000001e+001	
  4.5626000000000000e+009	 -2.4728510000000000e+001	
  4.5649000000000000e+009	 -2.4613280000000000e+001	
  4.5672000000000000e+009	 -2.4638670000000001e+001	
  4.5695000000000000e+009	 -2.4688469999999999e+001	
  4.5718000000000000e+009	 -2.4833980000000000e+001	
  4.5741000000000000e+009	 -2.4993160000000000e+001	
  4.5764000000000000e+009	 -2.5147459999999999e+001	
  4.5787000000000000e+009	 -2.5356449999999999e+001	
  4.5810000000000000e+009	 -2.5505859999999998e+001	
  4.5833000000000000e+009	 -2.5635739999999998e+001	
  4.5856000000000000e+009	 -2.5792970000000000e+001	
  4.5879000000000000e+009	 -2.5853510000000000e+001	
  4.5902000000000000e+009	 -2.5865230000000000e+001	
  4.5925000000000000e+009	 -2.5833980000000000e+001	
  4.5948000000000000e+009	 -2.5806640000000002e+001	
  4.5971000000000000e+009	 -2.5646480000000000e+001	
  4.5994000000000000e+009	 -2.5493160000000000e+001	
  4.6017000000000000e+009	 -2.5273440000000001e+001	
  4.6040000000000000e+009	 -2.4981439999999999e+001	
  4.6063000000000000e+009	 -2.4653320000000001e+001	
  4.6086000000000000e+009	 -2.4361319999999999e+001	
  4.6109000000000000e+009	 -2.4019530000000000e+001	
  4.6132000000000000e+009	 -2.3726559999999999e+001	
  4.6155000000000000e+009	 -2.3432620000000000e+001	
  4.6178000000000000e+009	 -2.3209959999999999e+001	
  4.6201000000000000e+009	 -2.3070309999999999e+001	
  4.6224000000000000e+009	 -2.3031250000000000e+001	
  4.6247000000000000e+009	 -2.3019530000000000e+001	
  4.6270000000000000e+009	 -2.2963870000000000e+001	
  4.6293000000000000e+009	 -2.3082030000000000e+001	
  4.6316000000000000e+009	 -2.3149410000000000e+001	
  4.6339000000000000e+009	 -2.3268550000000001e+001	
  4.6362000000000000e+009	 -2.3377929999999999e+001	
  4.6385000000000000e+009	 -2.3443359999999998e+001	
  4.6408000000000000e+009	 -2.3472660000000001e+001	
  4.6431000000000000e+009	 -2.3487310000000001e+001	
  4.6454000000000000e+009	 -2.3532219999999999e+001	
  4.6477000000000000e+009	 -2.3477540000000001e+001	
  4.6500000000000000e+009	 -2.3427730000000000e+001	
  4.6523000000000000e+009	 -2.3333980000000000e+001	
  4.6546000000000000e+009	 -2.3308589999999999e+001	
  4.6569000000000000e+009	 -2.3187500000000000e+001	
  4.6592000000000000e+009	 -2.3173829999999999e+001	
  4.6615000000000000e+009	 -2.3092770000000002e+001	
  4.6638000000000000e+009	 -2.3129880000000000e+001	
  4.6661000000000000e+009	 -2.3147459999999999e+001	
  4.6684000000000000e+009	 -2.3166010000000000e+001	
  4.6707000000000000e+009	 -2.3185540000000000e+001	
  4.6730000000000000e+009	 -2.3207030000000000e+001	
  4.6753000000000000e+009	 -2.3207030000000000e+001	
  4.6776000000000000e+009	 -2.3169920000000001e+001	
  4.6799000000000000e+009	 -2.3112300000000001e+001	
  4.6822000000000000e+009	 -2.2922850000000000e+001	
  4.6845000000000000e+009	 -2.2792970000000000e+001	
  4.6868000000000000e+009	 -2.2543949999999999e+001	
  4.6891000000000000e+009	 -2.2293939999999999e+001	
  4.6914000000000000e+009	 -2.2077150000000000e+001	
  4.6937000000000000e+009	 -2.1753910000000001e+001	
  4.6960000000000000e+009	 -2.1413080000000001e+001	
  4.6983000000000000e+009	 -2.1179690000000001e+001	
  4.7006000000000000e+009	 -2.0975580000000001e+001	
  4.7029000000000000e+009	 -2.0848630000000000e+001	
  4.7052000000000000e+009	 -2.0730470000000000e+001	
  4.7075000000000000e+009	 -2.0654299999999999e+001	
  4.7098000000000000e+009	 -2.0708010000000002e+001	
  4.7121000000000000e+009	 -2.0626950000000001e+001	
  4.7144000000000000e+009	 -2.0740230000000000e+001	
  4.7167000000000000e+009	 -2.1004880000000000e+001	
  4.7190000000000000e+009	 -2.1075199999999999e+001	
  4.7213000000000000e+009	 -2.1260739999999998e+001	
  4.7236000000000000e+009	 -2.1416020000000000e+001	
  4.7259000000000000e+009	 -2.1524419999999999e+001	
  4.7282000000000000e+009	 -2.1574220000000000e+001	
  4.7305000000000000e+009	 -2.1666020000000000e+001	
  4.7328000000000000e+009	 -2.1687500000000000e+001	
  4.7351000000000000e+009	 -2.1608400000000000e+001	
  4.7374000000000000e+009	 -2.1496089999999999e+001	
  4.7397000000000000e+009	 -2.1358400000000000e+001	
  4.7420000000000000e+009	 -2.1156250000000000e+001	
  4.7443000000000000e+009	 -2.0876950000000001e+001	
  4.7466000000000000e+009	 -2.0639650000000000e+001	
  4.7489000000000000e+009	 -2.0374020000000002e+001	
  4.7512000000000000e+009	 -1.9944330000000001e+001	
  4.7535000000000000e+009	 -1.9658200000000001e+001	
  4.7558000000000000e+009	 -1.9258790000000001e+001	
  4.7581000000000000e+009	 -1.8887689999999999e+001	
  4.7604000000000000e+009	 -1.8596679999999999e+001	
  4.7627000000000000e+009	 -1.8266600000000000e+001	
  4.7650000000000000e+009	 -1.8086910000000000e+001	
  4.7673000000000000e+009	 -1.7927730000000000e+001	
  4.7696000000000000e+009	 -1.7881830000000001e+001	
  4.7719000000000000e+009	 -1.7875979999999998e+001	
  4.7742000000000000e+009	 -1.8010739999999998e+001	
  4.7765000000000000e+009	 -1.8049800000000001e+001	
  4.7788000000000000e+009	 -1.8258790000000001e+001	
  4.7811000000000000e+009	 -1.8478520000000000e+001	
  4.7834000000000000e+009	 -1.8541989999999998e+001	
  4.7857000000000000e+009	 -1.8650390000000002e+001	
  4.7880000000000000e+009	 -1.8717770000000002e+001	
  4.7903000000000000e+009	 -1.8777339999999999e+001	
  4.7926000000000000e+009	 -1.8734369999999998e+001	
  4.7949000000000000e+009	 -1.8657229999999998e+001	
  4.7972000000000000e+009	 -1.8499020000000002e+001	
  4.7995000000000000e+009	 -1.8240230000000000e+001	
  4.8018000000000000e+009	 -1.7947260000000000e+001	
  4.8041000000000000e+009	 -1.7572260000000000e+001	
  4.8064000000000000e+009	 -1.7188479999999998e+001	
  4.8087000000000000e+009	 -1.6787109999999998e+001	
  4.8110000000000000e+009	 -1.6342770000000002e+001	
  4.8133000000000000e+009	 -1.5902830000000000e+001	
  4.8156000000000000e+009	 -1.5601070000000000e+001	
  4.8179000000000000e+009	 -1.5289550000000000e+001	
  4.8202000000000000e+009	 -1.4917479999999999e+001	
  4.8225000000000000e+009	 -1.4698240000000000e+001	
  4.8248000000000000e+009	 -1.4504880000000000e+001	
  4.8271000000000000e+009	 -1.4316890000000001e+001	
  4.8294000000000000e+009	 -1.4132809999999999e+001	
  4.8317000000000000e+009	 -1.3945800000000000e+001	
  4.8340000000000000e+009	 -1.3785640000000001e+001	
  4.8363000000000000e+009	 -1.3534179999999999e+001	
  4.8386000000000000e+009	 -1.3344239999999999e+001	
  4.8409000000000000e+009	 -1.3106450000000001e+001	
  4.8432000000000000e+009	 -1.2760249999999999e+001	
  4.8455000000000000e+009	 -1.2568360000000000e+001	
  4.8478000000000000e+009	 -1.2200680000000000e+001	
  4.8501000000000000e+009	 -1.1847170000000000e+001	
  4.8524000000000000e+009	 -1.1547850000000000e+001	
  4.8547000000000000e+009	 -1.1223630000000000e+001	
  4.8570000000000000e+009	 -1.0936520000000000e+001	
  4.8593000000000000e+009	 -1.0604979999999999e+001	
  4.8616000000000000e+009	 -1.0360840000000000e+001	
  4.8639000000000000e+009	 -1.0083980000000000e+001	
  4.8662000000000000e+009	 -9.8281250000000000e+000	
  4.8685000000000000e+009	 -9.5493159999999992e+000	
  4.8708000000000000e+009	 -9.2412109999999998e+000	
  4.8731000000000000e+009	 -8.9731450000000006e+000	
  4.8754000000000000e+009	 -8.6982420000000005e+000	
  4.8777000000000000e+009	 -8.4018549999999994e+000	
  4.8800000000000000e+009	 -8.1445310000000006e+000	
  4.8823000000000000e+009	 -7.9372559999999996e+000	
  4.8846000000000000e+009	 -7.7385250000000001e+000	
  4.8869000000000000e+009	 -7.6748050000000001e+000	
  4.8892000000000000e+009	 -7.6430660000000001e+000	
  4.8915000000000000e+009	 -7.6389160000000000e+000	
  4.8938000000000000e+009	 -7.7517090000000000e+000	
  4.8961000000000000e+009	 -7.8657230000000000e+000	
  4.8984000000000000e+009	 -7.9343260000000004e+000	
  4.9007000000000000e+009	 -8.0229490000000006e+000	
  4.9030000000000000e+009	 -8.1455079999999995e+000	
  4.9053000000000000e+009	 -8.2358399999999996e+000	
  4.9076000000000000e+009	 -8.3427729999999993e+000	
  4.9099000000000000e+009	 -8.4965820000000001e+000	
  4.9122000000000000e+009	 -8.6992189999999994e+000	
  4.9145000000000000e+009	 -8.9565429999999999e+000	
  4.9168000000000000e+009	 -9.2739259999999994e+000	
  4.9191000000000000e+009	 -9.6367189999999994e+000	
  4.9214000000000000e+009	 -1.0008300000000000e+001	
  4.9237000000000000e+009	 -1.0540039999999999e+001	
  4.9260000000000000e+009	 -1.1043950000000001e+001	
  4.9283000000000000e+009	 -1.1568360000000000e+001	
  4.9306000000000000e+009	 -1.2119140000000000e+001	
  4.9329000000000000e+009	 -1.2693360000000000e+001	
  4.9352000000000000e+009	 -1.3234859999999999e+001	
  4.9375000000000000e+009	 -1.3761720000000000e+001	
  4.9398000000000000e+009	 -1.4225590000000000e+001	
  4.9421000000000000e+009	 -1.4655760000000001e+001	
  4.9444000000000000e+009	 -1.4993650000000001e+001	
  4.9467000000000000e+009	 -1.5339359999999999e+001	
  4.9490000000000000e+009	 -1.5519040000000000e+001	
  4.9513000000000000e+009	 -1.5822270000000000e+001	
  4.9536000000000000e+009	 -1.5895510000000000e+001	
  4.9559000000000000e+009	 -1.5986820000000000e+001	
  4.9582000000000000e+009	 -1.5954590000000000e+001	
  4.9605000000000000e+009	 -1.5949220000000000e+001	
  4.9628000000000000e+009	 -1.5881840000000000e+001	
  4.9651000000000000e+009	 -1.5773440000000001e+001	
  4.9674000000000000e+009	 -1.5707520000000001e+001	
  4.9697000000000000e+009	 -1.5633300000000000e+001	
  4.9720000000000000e+009	 -1.5595700000000001e+001	
  4.9743000000000000e+009	 -1.5628909999999999e+001	
  4.9766000000000000e+009	 -1.5751460000000000e+001	
  4.9789000000000000e+009	 -1.5960940000000001e+001	
  4.9812000000000000e+009	 -1.6226559999999999e+001	
  4.9835000000000000e+009	 -1.6621089999999999e+001	
  4.9858000000000000e+009	 -1.6940429999999999e+001	
  4.9881000000000000e+009	 -1.7409179999999999e+001	
  4.9904000000000000e+009	 -1.7870120000000000e+001	
  4.9927000000000000e+009	 -1.8288090000000000e+001	
  4.9950000000000000e+009	 -1.8718750000000000e+001	
  4.9973000000000000e+009	 -1.9050780000000000e+001	
  4.9996000000000000e+009	 -1.9371089999999999e+001	
  5.0019000000000000e+009	 -1.9603510000000000e+001	
  5.0042000000000000e+009	 -1.9794920000000001e+001	
  5.0065000000000000e+009	 -1.9958980000000000e+001	
  5.0088000000000000e+009	 -1.9979489999999998e+001	
  5.0111000000000000e+009	 -2.0049810000000001e+001	
  5.0134000000000000e+009	 -2.0067380000000000e+001	
  5.0157000000000000e+009	 -2.0052730000000000e+001	
  5.0180000000000000e+009	 -1.9965820000000001e+001	
  5.0203000000000000e+009	 -2.0028320000000001e+001	
  5.0226000000000000e+009	 -2.0009770000000000e+001	
  5.0249000000000000e+009	 -1.9972660000000001e+001	
  5.0272000000000000e+009	 -1.9998040000000000e+001	
  5.0295000000000000e+009	 -2.0051760000000002e+001	
  5.0318000000000000e+009	 -2.0070309999999999e+001	
  5.0341000000000000e+009	 -2.0112300000000001e+001	
  5.0364000000000000e+009	 -2.0120120000000000e+001	
  5.0387000000000000e+009	 -2.0189450000000001e+001	
  5.0410000000000000e+009	 -2.0210940000000001e+001	
  5.0433000000000000e+009	 -2.0226559999999999e+001	
  5.0456000000000000e+009	 -2.0233400000000000e+001	
  5.0479000000000000e+009	 -2.0226559999999999e+001	
  5.0502000000000000e+009	 -2.0234380000000002e+001	
  5.0525000000000000e+009	 -2.0289059999999999e+001	
  5.0548000000000000e+009	 -2.0439450000000001e+001	
  5.0571000000000000e+009	 -2.0559570000000001e+001	
  5.0594000000000000e+009	 -2.0677730000000000e+001	
  5.0617000000000000e+009	 -2.0937500000000000e+001	
  5.0640000000000000e+009	 -2.1152339999999999e+001	
  5.0663000000000000e+009	 -2.1465820000000001e+001	
  5.0686000000000000e+009	 -2.1741209999999999e+001	
  5.0709000000000000e+009	 -2.2054690000000001e+001	
  5.0732000000000000e+009	 -2.2334959999999999e+001	
  5.0755000000000000e+009	 -2.2622070000000001e+001	
  5.0778000000000000e+009	 -2.2836910000000000e+001	
  5.0801000000000000e+009	 -2.3103510000000000e+001	
  5.0824000000000000e+009	 -2.3262699999999999e+001	
  5.0847000000000000e+009	 -2.3358400000000000e+001	
  5.0870000000000000e+009	 -2.3430660000000000e+001	
  5.0893000000000000e+009	 -2.3458980000000000e+001	
  5.0916000000000000e+009	 -2.3319330000000001e+001	
  5.0939000000000000e+009	 -2.3218750000000000e+001	
  5.0962000000000000e+009	 -2.3054690000000001e+001	
  5.0985000000000000e+009	 -2.2771480000000000e+001	
  5.1008000000000000e+009	 -2.2503910000000001e+001	
  5.1031000000000000e+009	 -2.2291020000000000e+001	
  5.1054000000000000e+009	 -2.2023430000000001e+001	
  5.1077000000000000e+009	 -2.1772459999999999e+001	
  5.1100000000000000e+009	 -2.1583980000000000e+001	
  5.1123000000000000e+009	 -2.1458980000000000e+001	
  5.1146000000000000e+009	 -2.1405270000000002e+001	
  5.1169000000000000e+009	 -2.1397459999999999e+001	
  5.1192000000000000e+009	 -2.1522459999999999e+001	
  5.1215000000000000e+009	 -2.1685549999999999e+001	
  5.1238000000000000e+009	 -2.1921869999999998e+001	
  5.1261000000000000e+009	 -2.2254880000000000e+001	
  5.1284000000000000e+009	 -2.2596679999999999e+001	
  5.1307000000000000e+009	 -2.2992190000000001e+001	
  5.1330000000000000e+009	 -2.3392579999999999e+001	
  5.1353000000000000e+009	 -2.3755859999999998e+001	
  5.1376000000000000e+009	 -2.4069330000000001e+001	
  5.1399000000000000e+009	 -2.4308589999999999e+001	
  5.1422000000000000e+009	 -2.4523430000000001e+001	
  5.1445000000000000e+009	 -2.4666989999999998e+001	
  5.1468000000000000e+009	 -2.4760739999999998e+001	
  5.1491000000000000e+009	 -2.4761710000000001e+001	
  5.1514000000000000e+009	 -2.4654290000000000e+001	
  5.1537000000000000e+009	 -2.4534179999999999e+001	
  5.1560000000000000e+009	 -2.4234369999999998e+001	
  5.1583000000000000e+009	 -2.3921880000000002e+001	
  5.1606000000000000e+009	 -2.3562500000000000e+001	
  5.1629000000000000e+009	 -2.3151360000000000e+001	
  5.1652000000000000e+009	 -2.2689450000000001e+001	
  5.1675000000000000e+009	 -2.2259760000000000e+001	
  5.1698000000000000e+009	 -2.1756830000000001e+001	
  5.1721000000000000e+009	 -2.1435549999999999e+001	
  5.1744000000000000e+009	 -2.1161130000000000e+001	
  5.1767000000000000e+009	 -2.1438469999999999e+001	
  5.1790000000000000e+009	 -2.2714839999999999e+001	
  5.1813000000000000e+009	 -2.4229489999999998e+001	
  5.1836000000000000e+009	 -2.4729489999999998e+001	
  5.1859000000000000e+009	 -2.4717770000000002e+001	
  5.1882000000000000e+009	 -2.4637689999999999e+001	
  5.1905000000000000e+009	 -2.4730470000000000e+001	
  5.1928000000000000e+009	 -2.4785160000000001e+001	
  5.1951000000000000e+009	 -2.4876950000000001e+001	
  5.1974000000000000e+009	 -2.5013670000000001e+001	
  5.1997000000000000e+009	 -2.5136720000000000e+001	
  5.2020000000000000e+009	 -2.5257809999999999e+001	
  5.2043000000000000e+009	 -2.5318359999999998e+001	
  5.2066000000000000e+009	 -2.5353510000000000e+001	
  5.2089000000000000e+009	 -2.5460930000000001e+001	
  5.2112000000000000e+009	 -2.5468750000000000e+001	
  5.2135000000000000e+009	 -2.5450189999999999e+001	
  5.2158000000000000e+009	 -2.5470700000000001e+001	
  5.2181000000000000e+009	 -2.5443359999999998e+001	
  5.2204000000000000e+009	 -2.5385739999999998e+001	
  5.2227000000000000e+009	 -2.5266600000000000e+001	
  5.2250000000000000e+009	 -2.5115230000000000e+001	
  5.2273000000000000e+009	 -2.4958980000000000e+001	
  5.2296000000000000e+009	 -2.4743160000000000e+001	
  5.2319000000000000e+009	 -2.4555660000000000e+001	
  5.2342000000000000e+009	 -2.4273430000000001e+001	
  5.2365000000000000e+009	 -2.3983400000000000e+001	
  5.2388000000000000e+009	 -2.3696290000000001e+001	
  5.2411000000000000e+009	 -2.3480470000000000e+001	
  5.2434000000000000e+009	 -2.3291020000000000e+001	
  5.2457000000000000e+009	 -2.3167970000000000e+001	
  5.2480000000000000e+009	 -2.3061520000000002e+001	
  5.2503000000000000e+009	 -2.3033200000000001e+001	
  5.2526000000000000e+009	 -2.3096679999999999e+001	
  5.2549000000000000e+009	 -2.3231439999999999e+001	
  5.2572000000000000e+009	 -2.3433589999999999e+001	
  5.2595000000000000e+009	 -2.3651370000000000e+001	
  5.2618000000000000e+009	 -2.3847660000000001e+001	
  5.2641000000000000e+009	 -2.4118160000000000e+001	
  5.2664000000000000e+009	 -2.4416989999999998e+001	
  5.2687000000000000e+009	 -2.4619140000000002e+001	
  5.2710000000000000e+009	 -2.4687500000000000e+001	
  5.2733000000000000e+009	 -2.4818359999999998e+001	
  5.2756000000000000e+009	 -2.4912109999999998e+001	
  5.2779000000000000e+009	 -2.4977540000000001e+001	
  5.2802000000000000e+009	 -2.4955079999999999e+001	
  5.2825000000000000e+009	 -2.4902339999999999e+001	
  5.2848000000000000e+009	 -2.4750979999999998e+001	
  5.2871000000000000e+009	 -2.4702150000000000e+001	
  5.2894000000000000e+009	 -2.4587890000000002e+001	
  5.2917000000000000e+009	 -2.4490230000000000e+001	
  5.2940000000000000e+009	 -2.4333980000000000e+001	
  5.2963000000000000e+009	 -2.4208010000000002e+001	
  5.2986000000000000e+009	 -2.4091799999999999e+001	
  5.3009000000000000e+009	 -2.3967770000000002e+001	
  5.3032000000000000e+009	 -2.3881840000000000e+001	
  5.3055000000000000e+009	 -2.3705079999999999e+001	
  5.3078000000000000e+009	 -2.3490230000000000e+001	
  5.3101000000000000e+009	 -2.3317380000000000e+001	
  5.3124000000000000e+009	 -2.3128910000000001e+001	
  5.3147000000000000e+009	 -2.2890630000000002e+001	
  5.3170000000000000e+009	 -2.2711910000000000e+001	
  5.3193000000000000e+009	 -2.2502929999999999e+001	
  5.3216000000000000e+009	 -2.2382809999999999e+001	
  5.3239000000000000e+009	 -2.2313479999999998e+001	
  5.3262000000000000e+009	 -2.2340820000000001e+001	
  5.3285000000000000e+009	 -2.2371089999999999e+001	
  5.3308000000000000e+009	 -2.2563479999999998e+001	
  5.3331000000000000e+009	 -2.2745120000000000e+001	
  5.3354000000000000e+009	 -2.3101559999999999e+001	
  5.3377000000000000e+009	 -2.3333010000000002e+001	
  5.3400000000000000e+009	 -2.3740230000000000e+001	
