  4.5400000000000000e+009	 -2.2948239999999998e+001	
  4.5406000000000000e+009	 -2.2739260000000002e+001	
  4.5412000000000000e+009	 -2.2542970000000000e+001	
  4.5418000000000000e+009	 -2.2309570000000001e+001	
  4.5424000000000000e+009	 -2.2027339999999999e+001	
  4.5430000000000000e+009	 -2.1726559999999999e+001	
  4.5436000000000000e+009	 -2.1453119999999998e+001	
  4.5442000000000000e+009	 -2.1173829999999999e+001	
  4.5448000000000000e+009	 -2.0887689999999999e+001	
  4.5454000000000000e+009	 -2.0639650000000000e+001	
  4.5460000000000000e+009	 -2.0580079999999999e+001	
  4.5466000000000000e+009	 -2.0774410000000000e+001	
  4.5472000000000000e+009	 -2.1342770000000002e+001	
  4.5478000000000000e+009	 -2.2483400000000000e+001	
  4.5484000000000000e+009	 -2.4077150000000000e+001	
  4.5490000000000000e+009	 -2.5790040000000001e+001	
  4.5496000000000000e+009	 -2.7226559999999999e+001	
  4.5502000000000000e+009	 -2.8163080000000001e+001	
  4.5508000000000000e+009	 -2.8460940000000001e+001	
  4.5514000000000000e+009	 -2.8250979999999998e+001	
  4.5520000000000000e+009	 -2.7954100000000000e+001	
  4.5526000000000000e+009	 -2.7542970000000000e+001	
  4.5532000000000000e+009	 -2.7192380000000000e+001	
  4.5538000000000000e+009	 -2.6757809999999999e+001	
  4.5544000000000000e+009	 -2.6386720000000000e+001	
  4.5550000000000000e+009	 -2.6115230000000000e+001	
  4.5556000000000000e+009	 -2.5800780000000000e+001	
  4.5562000000000000e+009	 -2.5636720000000000e+001	
  4.5568000000000000e+009	 -2.5337890000000002e+001	
  4.5574000000000000e+009	 -2.5183589999999999e+001	
  4.5580000000000000e+009	 -2.5023440000000001e+001	
  4.5586000000000000e+009	 -2.4916010000000000e+001	
  4.5592000000000000e+009	 -2.4770510000000002e+001	
  4.5598000000000000e+009	 -2.4668939999999999e+001	
  4.5604000000000000e+009	 -2.4513670000000001e+001	
  4.5610000000000000e+009	 -2.4458010000000002e+001	
  4.5616000000000000e+009	 -2.4328119999999998e+001	
  4.5622000000000000e+009	 -2.4336910000000000e+001	
  4.5628000000000000e+009	 -2.4256830000000001e+001	
  4.5634000000000000e+009	 -2.4215820000000001e+001	
  4.5640000000000000e+009	 -2.4183589999999999e+001	
  4.5646000000000000e+009	 -2.4171869999999998e+001	
  4.5652000000000000e+009	 -2.4157219999999999e+001	
  4.5658000000000000e+009	 -2.4096679999999999e+001	
  4.5664000000000000e+009	 -2.4120120000000000e+001	
  4.5670000000000000e+009	 -2.4082030000000000e+001	
  4.5676000000000000e+009	 -2.4133790000000001e+001	
  4.5682000000000000e+009	 -2.4115230000000000e+001	
  4.5688000000000000e+009	 -2.4128900000000002e+001	
  4.5694000000000000e+009	 -2.4112300000000001e+001	
  4.5700000000000000e+009	 -2.4176749999999998e+001	
  4.5706000000000000e+009	 -2.4187500000000000e+001	
  4.5712000000000000e+009	 -2.4233400000000000e+001	
  4.5718000000000000e+009	 -2.4275390000000002e+001	
  4.5724000000000000e+009	 -2.4309570000000001e+001	
  4.5730000000000000e+009	 -2.4314450000000001e+001	
  4.5736000000000000e+009	 -2.4385739999999998e+001	
  4.5742000000000000e+009	 -2.4444330000000001e+001	
  4.5748000000000000e+009	 -2.4487300000000001e+001	
  4.5754000000000000e+009	 -2.4541020000000000e+001	
  4.5760000000000000e+009	 -2.4563469999999999e+001	
  4.5766000000000000e+009	 -2.4620110000000000e+001	
  4.5772000000000000e+009	 -2.4686520000000002e+001	
  4.5778000000000000e+009	 -2.4707030000000000e+001	
  4.5784000000000000e+009	 -2.4765630000000002e+001	
  4.5790000000000000e+009	 -2.4832030000000000e+001	
  4.5796000000000000e+009	 -2.4864249999999998e+001	
  4.5802000000000000e+009	 -2.4914059999999999e+001	
  4.5808000000000000e+009	 -2.4959959999999999e+001	
  4.5814000000000000e+009	 -2.5001950000000001e+001	
  4.5820000000000000e+009	 -2.4992180000000001e+001	
  4.5826000000000000e+009	 -2.5042970000000000e+001	
  4.5832000000000000e+009	 -2.5098630000000000e+001	
  4.5838000000000000e+009	 -2.5116209999999999e+001	
  4.5844000000000000e+009	 -2.5171869999999998e+001	
  4.5850000000000000e+009	 -2.5211910000000000e+001	
  4.5856000000000000e+009	 -2.5270499999999998e+001	
  4.5862000000000000e+009	 -2.5260739999999998e+001	
  4.5868000000000000e+009	 -2.5260739999999998e+001	
  4.5874000000000000e+009	 -2.5338860000000000e+001	
  4.5880000000000000e+009	 -2.5331050000000001e+001	
  4.5886000000000000e+009	 -2.5338860000000000e+001	
  4.5892000000000000e+009	 -2.5349609999999998e+001	
  4.5898000000000000e+009	 -2.5333980000000000e+001	
  4.5904000000000000e+009	 -2.5322270000000000e+001	
  4.5910000000000000e+009	 -2.5390630000000002e+001	
  4.5916000000000000e+009	 -2.5359369999999998e+001	
  4.5922000000000000e+009	 -2.5322270000000000e+001	
  4.5928000000000000e+009	 -2.5246089999999999e+001	
  4.5934000000000000e+009	 -2.5344719999999999e+001	
  4.5940000000000000e+009	 -2.5301760000000002e+001	
  4.5946000000000000e+009	 -2.5340820000000001e+001	
  4.5952000000000000e+009	 -2.5287109999999998e+001	
  4.5958000000000000e+009	 -2.5214839999999999e+001	
  4.5964000000000000e+009	 -2.5239260000000002e+001	
  4.5970000000000000e+009	 -2.5128900000000002e+001	
  4.5976000000000000e+009	 -2.5064450000000001e+001	
  4.5982000000000000e+009	 -2.5012689999999999e+001	
  4.5988000000000000e+009	 -2.4972650000000002e+001	
  4.5994000000000000e+009	 -2.4942380000000000e+001	
  4.6000000000000000e+009	 -2.4837890000000002e+001	
  4.6006000000000000e+009	 -2.4834959999999999e+001	
  4.6012000000000000e+009	 -2.4769530000000000e+001	
  4.6018000000000000e+009	 -2.4683589999999999e+001	
  4.6024000000000000e+009	 -2.4651370000000000e+001	
  4.6030000000000000e+009	 -2.4574220000000000e+001	
  4.6036000000000000e+009	 -2.4494140000000002e+001	
  4.6042000000000000e+009	 -2.4430660000000000e+001	
  4.6048000000000000e+009	 -2.4328119999999998e+001	
  4.6054000000000000e+009	 -2.4268550000000001e+001	
  4.6060000000000000e+009	 -2.4173829999999999e+001	
  4.6066000000000000e+009	 -2.4103510000000000e+001	
  4.6072000000000000e+009	 -2.4014640000000000e+001	
  4.6078000000000000e+009	 -2.3917970000000000e+001	
  4.6084000000000000e+009	 -2.3830079999999999e+001	
  4.6090000000000000e+009	 -2.3777339999999999e+001	
  4.6096000000000000e+009	 -2.3683589999999999e+001	
  4.6102000000000000e+009	 -2.3605470000000000e+001	
  4.6108000000000000e+009	 -2.3508790000000001e+001	
  4.6114000000000000e+009	 -2.3433589999999999e+001	
  4.6120000000000000e+009	 -2.3380859999999998e+001	
  4.6126000000000000e+009	 -2.3258790000000001e+001	
  4.6132000000000000e+009	 -2.3180660000000000e+001	
  4.6138000000000000e+009	 -2.3102540000000001e+001	
  4.6144000000000000e+009	 -2.3039059999999999e+001	
  4.6150000000000000e+009	 -2.2965820000000001e+001	
  4.6156000000000000e+009	 -2.2932620000000000e+001	
  4.6162000000000000e+009	 -2.2858400000000000e+001	
  4.6168000000000000e+009	 -2.2799800000000001e+001	
  4.6174000000000000e+009	 -2.2712890000000002e+001	
  4.6180000000000000e+009	 -2.2701170000000001e+001	
  4.6186000000000000e+009	 -2.2625000000000000e+001	
  4.6192000000000000e+009	 -2.2600580000000001e+001	
  4.6198000000000000e+009	 -2.2546869999999998e+001	
  4.6204000000000000e+009	 -2.2520510000000002e+001	
  4.6210000000000000e+009	 -2.2567380000000000e+001	
  4.6216000000000000e+009	 -2.2469729999999998e+001	
  4.6222000000000000e+009	 -2.2418939999999999e+001	
  4.6228000000000000e+009	 -2.2558589999999999e+001	
  4.6234000000000000e+009	 -2.2469729999999998e+001	
  4.6240000000000000e+009	 -2.2439450000000001e+001	
  4.6246000000000000e+009	 -2.2453119999999998e+001	
  4.6252000000000000e+009	 -2.2522459999999999e+001	
  4.6258000000000000e+009	 -2.2409179999999999e+001	
  4.6264000000000000e+009	 -2.2479489999999998e+001	
  4.6270000000000000e+009	 -2.2559570000000001e+001	
  4.6276000000000000e+009	 -2.2532219999999999e+001	
  4.6282000000000000e+009	 -2.2598630000000000e+001	
  4.6288000000000000e+009	 -2.2559570000000001e+001	
  4.6294000000000000e+009	 -2.2590820000000001e+001	
  4.6300000000000000e+009	 -2.2652339999999999e+001	
  4.6306000000000000e+009	 -2.2643550000000001e+001	
  4.6312000000000000e+009	 -2.2668939999999999e+001	
  4.6318000000000000e+009	 -2.2697260000000000e+001	
  4.6324000000000000e+009	 -2.2711910000000000e+001	
  4.6330000000000000e+009	 -2.2780270000000002e+001	
  4.6336000000000000e+009	 -2.2789059999999999e+001	
  4.6342000000000000e+009	 -2.2827150000000000e+001	
  4.6348000000000000e+009	 -2.2844719999999999e+001	
  4.6354000000000000e+009	 -2.2841799999999999e+001	
  4.6360000000000000e+009	 -2.2898440000000001e+001	
  4.6366000000000000e+009	 -2.2917970000000000e+001	
  4.6372000000000000e+009	 -2.2938479999999998e+001	
  4.6378000000000000e+009	 -2.2960930000000001e+001	
  4.6384000000000000e+009	 -2.2990230000000000e+001	
  4.6390000000000000e+009	 -2.2997070000000001e+001	
  4.6396000000000000e+009	 -2.3023440000000001e+001	
  4.6402000000000000e+009	 -2.3011720000000000e+001	
  4.6408000000000000e+009	 -2.2986329999999999e+001	
  4.6414000000000000e+009	 -2.3020510000000002e+001	
  4.6420000000000000e+009	 -2.3000000000000000e+001	
  4.6426000000000000e+009	 -2.3012699999999999e+001	
  4.6432000000000000e+009	 -2.2990230000000000e+001	
  4.6438000000000000e+009	 -2.3023440000000001e+001	
  4.6444000000000000e+009	 -2.3008790000000001e+001	
  4.6450000000000000e+009	 -2.3009760000000000e+001	
  4.6456000000000000e+009	 -2.2989260000000002e+001	
  4.6462000000000000e+009	 -2.2960930000000001e+001	
  4.6468000000000000e+009	 -2.2980470000000000e+001	
  4.6474000000000000e+009	 -2.2974609999999998e+001	
  4.6480000000000000e+009	 -2.2985350000000000e+001	
  4.6486000000000000e+009	 -2.2921869999999998e+001	
  4.6492000000000000e+009	 -2.2837890000000002e+001	
  4.6498000000000000e+009	 -2.2902339999999999e+001	
  4.6504000000000000e+009	 -2.2825189999999999e+001	
  4.6510000000000000e+009	 -2.2817380000000000e+001	
  4.6516000000000000e+009	 -2.2792970000000000e+001	
  4.6522000000000000e+009	 -2.2773440000000001e+001	
  4.6528000000000000e+009	 -2.2798829999999999e+001	
  4.6534000000000000e+009	 -2.2781250000000000e+001	
  4.6540000000000000e+009	 -2.2720700000000001e+001	
  4.6546000000000000e+009	 -2.2661130000000000e+001	
  4.6552000000000000e+009	 -2.2668939999999999e+001	
  4.6558000000000000e+009	 -2.2675780000000000e+001	
  4.6564000000000000e+009	 -2.2625979999999998e+001	
  4.6570000000000000e+009	 -2.2583010000000002e+001	
  4.6576000000000000e+009	 -2.2599609999999998e+001	
  4.6582000000000000e+009	 -2.2466799999999999e+001	
  4.6588000000000000e+009	 -2.2504880000000000e+001	
  4.6594000000000000e+009	 -2.2511720000000000e+001	
  4.6600000000000000e+009	 -2.2492180000000001e+001	
  4.6606000000000000e+009	 -2.2527339999999999e+001	
  4.6612000000000000e+009	 -2.2466799999999999e+001	
  4.6618000000000000e+009	 -2.2506830000000001e+001	
  4.6624000000000000e+009	 -2.2477540000000001e+001	
  4.6630000000000000e+009	 -2.2487300000000001e+001	
  4.6636000000000000e+009	 -2.2464839999999999e+001	
  4.6642000000000000e+009	 -2.2520510000000002e+001	
  4.6648000000000000e+009	 -2.2461919999999999e+001	
  4.6654000000000000e+009	 -2.2486329999999999e+001	
  4.6660000000000000e+009	 -2.2447270000000000e+001	
  4.6666000000000000e+009	 -2.2506830000000001e+001	
  4.6672000000000000e+009	 -2.2467770000000002e+001	
  4.6678000000000000e+009	 -2.2519530000000000e+001	
  4.6684000000000000e+009	 -2.2504880000000000e+001	
  4.6690000000000000e+009	 -2.2516600000000000e+001	
  4.6696000000000000e+009	 -2.2541010000000000e+001	
  4.6702000000000000e+009	 -2.2546869999999998e+001	
  4.6708000000000000e+009	 -2.2544920000000001e+001	
  4.6714000000000000e+009	 -2.2527339999999999e+001	
  4.6720000000000000e+009	 -2.2543949999999999e+001	
  4.6726000000000000e+009	 -2.2554690000000001e+001	
  4.6732000000000000e+009	 -2.2575189999999999e+001	
  4.6738000000000000e+009	 -2.2553709999999999e+001	
  4.6744000000000000e+009	 -2.2567380000000000e+001	
  4.6750000000000000e+009	 -2.2549810000000001e+001	
  4.6756000000000000e+009	 -2.2559570000000001e+001	
  4.6762000000000000e+009	 -2.2536130000000000e+001	
  4.6768000000000000e+009	 -2.2548829999999999e+001	
  4.6774000000000000e+009	 -2.2492180000000001e+001	
  4.6780000000000000e+009	 -2.2521480000000000e+001	
  4.6786000000000000e+009	 -2.2493160000000000e+001	
  4.6792000000000000e+009	 -2.2476559999999999e+001	
  4.6798000000000000e+009	 -2.2428709999999999e+001	
  4.6804000000000000e+009	 -2.2432620000000000e+001	
  4.6810000000000000e+009	 -2.2397459999999999e+001	
  4.6816000000000000e+009	 -2.2333980000000000e+001	
  4.6822000000000000e+009	 -2.2277339999999999e+001	
  4.6828000000000000e+009	 -2.2229489999999998e+001	
  4.6834000000000000e+009	 -2.2151370000000000e+001	
  4.6840000000000000e+009	 -2.2109380000000002e+001	
  4.6846000000000000e+009	 -2.2115240000000000e+001	
  4.6852000000000000e+009	 -2.2067380000000000e+001	
  4.6858000000000000e+009	 -2.1971679999999999e+001	
  4.6864000000000000e+009	 -2.1934570000000001e+001	
  4.6870000000000000e+009	 -2.1880859999999998e+001	
  4.6876000000000000e+009	 -2.1791010000000000e+001	
  4.6882000000000000e+009	 -2.1686520000000002e+001	
  4.6888000000000000e+009	 -2.1649410000000000e+001	
  4.6894000000000000e+009	 -2.1579100000000000e+001	
  4.6900000000000000e+009	 -2.1500000000000000e+001	
  4.6906000000000000e+009	 -2.1446290000000001e+001	
  4.6912000000000000e+009	 -2.1347660000000001e+001	
  4.6918000000000000e+009	 -2.1305660000000000e+001	
  4.6924000000000000e+009	 -2.1161130000000000e+001	
  4.6930000000000000e+009	 -2.1139650000000000e+001	
  4.6936000000000000e+009	 -2.0933589999999999e+001	
  4.6942000000000000e+009	 -2.0938479999999998e+001	
  4.6948000000000000e+009	 -2.0840820000000001e+001	
  4.6954000000000000e+009	 -2.0790040000000001e+001	
  4.6960000000000000e+009	 -2.0655270000000002e+001	
  4.6966000000000000e+009	 -2.0588870000000000e+001	
  4.6972000000000000e+009	 -2.0541989999999998e+001	
  4.6978000000000000e+009	 -2.0453119999999998e+001	
  4.6984000000000000e+009	 -2.0346679999999999e+001	
  4.6990000000000000e+009	 -2.0271480000000000e+001	
  4.6996000000000000e+009	 -2.0260739999999998e+001	
  4.7002000000000000e+009	 -2.0132809999999999e+001	
  4.7008000000000000e+009	 -2.0140619999999998e+001	
  4.7014000000000000e+009	 -2.0103520000000000e+001	
  4.7020000000000000e+009	 -2.0064450000000001e+001	
  4.7026000000000000e+009	 -1.9980470000000000e+001	
  4.7032000000000000e+009	 -1.9943359999999998e+001	
  4.7038000000000000e+009	 -1.9923829999999999e+001	
  4.7044000000000000e+009	 -1.9912109999999998e+001	
  4.7050000000000000e+009	 -1.9859369999999998e+001	
  4.7056000000000000e+009	 -1.9822260000000000e+001	
  4.7062000000000000e+009	 -1.9821290000000001e+001	
  4.7068000000000000e+009	 -1.9804690000000001e+001	
  4.7074000000000000e+009	 -1.9810549999999999e+001	
  4.7080000000000000e+009	 -1.9815429999999999e+001	
  4.7086000000000000e+009	 -1.9796869999999998e+001	
  4.7092000000000000e+009	 -1.9800780000000000e+001	
  4.7098000000000000e+009	 -1.9820309999999999e+001	
  4.7104000000000000e+009	 -1.9722650000000002e+001	
  4.7110000000000000e+009	 -1.9758790000000001e+001	
  4.7116000000000000e+009	 -1.9748049999999999e+001	
  4.7122000000000000e+009	 -1.9812500000000000e+001	
  4.7128000000000000e+009	 -1.9876950000000001e+001	
  4.7134000000000000e+009	 -1.9843750000000000e+001	
  4.7140000000000000e+009	 -1.9891600000000000e+001	
  4.7146000000000000e+009	 -1.9944330000000001e+001	
  4.7152000000000000e+009	 -1.9964839999999999e+001	
  4.7158000000000000e+009	 -2.0032219999999999e+001	
  4.7164000000000000e+009	 -2.0089839999999999e+001	
  4.7170000000000000e+009	 -2.0065429999999999e+001	
  4.7176000000000000e+009	 -2.0139650000000000e+001	
  4.7182000000000000e+009	 -2.0179690000000001e+001	
  4.7188000000000000e+009	 -2.0231439999999999e+001	
  4.7194000000000000e+009	 -2.0317380000000000e+001	
  4.7200000000000000e+009	 -2.0315429999999999e+001	
  4.7206000000000000e+009	 -2.0326170000000001e+001	
  4.7212000000000000e+009	 -2.0449220000000000e+001	
  4.7218000000000000e+009	 -2.0489260000000002e+001	
  4.7224000000000000e+009	 -2.0517579999999999e+001	
  4.7230000000000000e+009	 -2.0542970000000000e+001	
  4.7236000000000000e+009	 -2.0579100000000000e+001	
  4.7242000000000000e+009	 -2.0537109999999998e+001	
  4.7248000000000000e+009	 -2.0589839999999999e+001	
  4.7254000000000000e+009	 -2.0633790000000001e+001	
  4.7260000000000000e+009	 -2.0708010000000002e+001	
  4.7266000000000000e+009	 -2.0752929999999999e+001	
  4.7272000000000000e+009	 -2.0689450000000001e+001	
  4.7278000000000000e+009	 -2.0750000000000000e+001	
  4.7284000000000000e+009	 -2.0761720000000000e+001	
  4.7290000000000000e+009	 -2.0737300000000001e+001	
  4.7296000000000000e+009	 -2.0739249999999998e+001	
  4.7302000000000000e+009	 -2.0768550000000001e+001	
  4.7308000000000000e+009	 -2.0750000000000000e+001	
  4.7314000000000000e+009	 -2.0784179999999999e+001	
  4.7320000000000000e+009	 -2.0767579999999999e+001	
  4.7326000000000000e+009	 -2.0754880000000000e+001	
  4.7332000000000000e+009	 -2.0716799999999999e+001	
  4.7338000000000000e+009	 -2.0695309999999999e+001	
  4.7344000000000000e+009	 -2.0680660000000000e+001	
  4.7350000000000000e+009	 -2.0651360000000000e+001	
  4.7356000000000000e+009	 -2.0623040000000000e+001	
  4.7362000000000000e+009	 -2.0588870000000000e+001	
  4.7368000000000000e+009	 -2.0581050000000001e+001	
  4.7374000000000000e+009	 -2.0558589999999999e+001	
  4.7380000000000000e+009	 -2.0496089999999999e+001	
  4.7386000000000000e+009	 -2.0427730000000000e+001	
  4.7392000000000000e+009	 -2.0385739999999998e+001	
  4.7398000000000000e+009	 -2.0320309999999999e+001	
  4.7404000000000000e+009	 -2.0268550000000001e+001	
  4.7410000000000000e+009	 -2.0222650000000002e+001	
  4.7416000000000000e+009	 -2.0145510000000002e+001	
  4.7422000000000000e+009	 -2.0098630000000000e+001	
  4.7428000000000000e+009	 -2.0004880000000000e+001	
  4.7434000000000000e+009	 -1.9929690000000001e+001	
  4.7440000000000000e+009	 -1.9867190000000001e+001	
  4.7446000000000000e+009	 -1.9848630000000000e+001	
  4.7452000000000000e+009	 -1.9752929999999999e+001	
  4.7458000000000000e+009	 -1.9641600000000000e+001	
  4.7464000000000000e+009	 -1.9540040000000001e+001	
  4.7470000000000000e+009	 -1.9513670000000001e+001	
  4.7476000000000000e+009	 -1.9399410000000000e+001	
  4.7482000000000000e+009	 -1.9308589999999999e+001	
  4.7488000000000000e+009	 -1.9211910000000000e+001	
  4.7494000000000000e+009	 -1.9096679999999999e+001	
  4.7500000000000000e+009	 -1.9000000000000000e+001	
  4.7506000000000000e+009	 -1.8938469999999999e+001	
  4.7512000000000000e+009	 -1.8795900000000000e+001	
  4.7518000000000000e+009	 -1.8646480000000000e+001	
  4.7524000000000000e+009	 -1.8618160000000000e+001	
  4.7530000000000000e+009	 -1.8437500000000000e+001	
  4.7536000000000000e+009	 -1.8371089999999999e+001	
  4.7542000000000000e+009	 -1.8257809999999999e+001	
  4.7548000000000000e+009	 -1.8173829999999999e+001	
  4.7554000000000000e+009	 -1.8147459999999999e+001	
  4.7560000000000000e+009	 -1.7970700000000001e+001	
  4.7566000000000000e+009	 -1.7824220000000000e+001	
  4.7572000000000000e+009	 -1.7750979999999998e+001	
  4.7578000000000000e+009	 -1.7674800000000001e+001	
  4.7584000000000000e+009	 -1.7557620000000000e+001	
  4.7590000000000000e+009	 -1.7469729999999998e+001	
  4.7596000000000000e+009	 -1.7424800000000001e+001	
  4.7602000000000000e+009	 -1.7326170000000001e+001	
  4.7608000000000000e+009	 -1.7214839999999999e+001	
  4.7614000000000000e+009	 -1.7127929999999999e+001	
  4.7620000000000000e+009	 -1.7054690000000001e+001	
  4.7626000000000000e+009	 -1.7028320000000001e+001	
  4.7632000000000000e+009	 -1.6926760000000002e+001	
  4.7638000000000000e+009	 -1.6856439999999999e+001	
  4.7644000000000000e+009	 -1.6764650000000000e+001	
  4.7650000000000000e+009	 -1.6741209999999999e+001	
  4.7656000000000000e+009	 -1.6683589999999999e+001	
  4.7662000000000000e+009	 -1.6655270000000002e+001	
  4.7668000000000000e+009	 -1.6611329999999999e+001	
  4.7674000000000000e+009	 -1.6586910000000000e+001	
  4.7680000000000000e+009	 -1.6536130000000000e+001	
  4.7686000000000000e+009	 -1.6519530000000000e+001	
  4.7692000000000000e+009	 -1.6526370000000000e+001	
  4.7698000000000000e+009	 -1.6525390000000002e+001	
  4.7704000000000000e+009	 -1.6498049999999999e+001	
  4.7710000000000000e+009	 -1.6536130000000000e+001	
  4.7716000000000000e+009	 -1.6515619999999998e+001	
  4.7722000000000000e+009	 -1.6525390000000002e+001	
  4.7728000000000000e+009	 -1.6530270000000002e+001	
  4.7734000000000000e+009	 -1.6623049999999999e+001	
  4.7740000000000000e+009	 -1.6664059999999999e+001	
  4.7746000000000000e+009	 -1.6624020000000002e+001	
  4.7752000000000000e+009	 -1.6689450000000001e+001	
  4.7758000000000000e+009	 -1.6701170000000001e+001	
  4.7764000000000000e+009	 -1.6814450000000001e+001	
  4.7770000000000000e+009	 -1.6804690000000001e+001	
  4.7776000000000000e+009	 -1.6908200000000001e+001	
  4.7782000000000000e+009	 -1.6871089999999999e+001	
  4.7788000000000000e+009	 -1.6958010000000002e+001	
  4.7794000000000000e+009	 -1.6981439999999999e+001	
  4.7800000000000000e+009	 -1.7069330000000001e+001	
  4.7806000000000000e+009	 -1.7127929999999999e+001	
  4.7812000000000000e+009	 -1.7148440000000001e+001	
  4.7818000000000000e+009	 -1.7250000000000000e+001	
  4.7824000000000000e+009	 -1.7258790000000001e+001	
  4.7830000000000000e+009	 -1.7309570000000001e+001	
  4.7836000000000000e+009	 -1.7372070000000001e+001	
  4.7842000000000000e+009	 -1.7374020000000002e+001	
  4.7848000000000000e+009	 -1.7476559999999999e+001	
  4.7854000000000000e+009	 -1.7447260000000000e+001	
  4.7860000000000000e+009	 -1.7455079999999999e+001	
  4.7866000000000000e+009	 -1.7528320000000001e+001	
  4.7872000000000000e+009	 -1.7588870000000000e+001	
  4.7878000000000000e+009	 -1.7542970000000000e+001	
  4.7884000000000000e+009	 -1.7613280000000000e+001	
  4.7890000000000000e+009	 -1.7602540000000001e+001	
  4.7896000000000000e+009	 -1.7564450000000001e+001	
  4.7902000000000000e+009	 -1.7559570000000001e+001	
  4.7908000000000000e+009	 -1.7549800000000001e+001	
  4.7914000000000000e+009	 -1.7564450000000001e+001	
  4.7920000000000000e+009	 -1.7556640000000002e+001	
  4.7926000000000000e+009	 -1.7545900000000000e+001	
  4.7932000000000000e+009	 -1.7499020000000002e+001	
  4.7938000000000000e+009	 -1.7456050000000001e+001	
  4.7944000000000000e+009	 -1.7463870000000000e+001	
  4.7950000000000000e+009	 -1.7396480000000000e+001	
  4.7956000000000000e+009	 -1.7313479999999998e+001	
  4.7962000000000000e+009	 -1.7250979999999998e+001	
  4.7968000000000000e+009	 -1.7194340000000000e+001	
  4.7974000000000000e+009	 -1.7155270000000002e+001	
  4.7980000000000000e+009	 -1.7052730000000000e+001	
  4.7986000000000000e+009	 -1.6975580000000001e+001	
  4.7992000000000000e+009	 -1.6911130000000000e+001	
  4.7998000000000000e+009	 -1.6822260000000000e+001	
  4.8004000000000000e+009	 -1.6717770000000002e+001	
  4.8010000000000000e+009	 -1.6625000000000000e+001	
  4.8016000000000000e+009	 -1.6523440000000001e+001	
  4.8022000000000000e+009	 -1.6434570000000001e+001	
  4.8028000000000000e+009	 -1.6307620000000000e+001	
  4.8034000000000000e+009	 -1.6206050000000001e+001	
  4.8040000000000000e+009	 -1.6132809999999999e+001	
  4.8046000000000000e+009	 -1.5988280000000000e+001	
  4.8052000000000000e+009	 -1.5892580000000001e+001	
  4.8058000000000000e+009	 -1.5709960000000001e+001	
  4.8064000000000000e+009	 -1.5613770000000001e+001	
  4.8070000000000000e+009	 -1.5519040000000000e+001	
  4.8076000000000000e+009	 -1.5360350000000000e+001	
  4.8082000000000000e+009	 -1.5204590000000000e+001	
  4.8088000000000000e+009	 -1.5186040000000000e+001	
  4.8094000000000000e+009	 -1.5037599999999999e+001	
  4.8100000000000000e+009	 -1.4926270000000001e+001	
  4.8106000000000000e+009	 -1.4803220000000000e+001	
  4.8112000000000000e+009	 -1.4673340000000000e+001	
  4.8118000000000000e+009	 -1.4606930000000000e+001	
  4.8124000000000000e+009	 -1.4449220000000000e+001	
  4.8130000000000000e+009	 -1.4376950000000001e+001	
  4.8136000000000000e+009	 -1.4248540000000000e+001	
  4.8142000000000000e+009	 -1.4167970000000000e+001	
  4.8148000000000000e+009	 -1.4058109999999999e+001	
  4.8154000000000000e+009	 -1.3964840000000001e+001	
  4.8160000000000000e+009	 -1.3899410000000000e+001	
  4.8166000000000000e+009	 -1.3790530000000000e+001	
  4.8172000000000000e+009	 -1.3738280000000000e+001	
  4.8178000000000000e+009	 -1.3608890000000001e+001	
  4.8184000000000000e+009	 -1.3563480000000000e+001	
  4.8190000000000000e+009	 -1.3509770000000000e+001	
  4.8196000000000000e+009	 -1.3470700000000001e+001	
  4.8202000000000000e+009	 -1.3401859999999999e+001	
  4.8208000000000000e+009	 -1.3326169999999999e+001	
  4.8214000000000000e+009	 -1.3318849999999999e+001	
  4.8220000000000000e+009	 -1.3220700000000001e+001	
  4.8226000000000000e+009	 -1.3159670000000000e+001	
  4.8232000000000000e+009	 -1.3155270000000000e+001	
  4.8238000000000000e+009	 -1.3158690000000000e+001	
  4.8244000000000000e+009	 -1.3076169999999999e+001	
  4.8250000000000000e+009	 -1.3014650000000000e+001	
  4.8256000000000000e+009	 -1.3009280000000000e+001	
  4.8262000000000000e+009	 -1.2962890000000000e+001	
  4.8268000000000000e+009	 -1.2919919999999999e+001	
  4.8274000000000000e+009	 -1.2880860000000000e+001	
  4.8280000000000000e+009	 -1.2847659999999999e+001	
  4.8286000000000000e+009	 -1.2836430000000000e+001	
  4.8292000000000000e+009	 -1.2783690000000000e+001	
  4.8298000000000000e+009	 -1.2757809999999999e+001	
  4.8304000000000000e+009	 -1.2709470000000000e+001	
  4.8310000000000000e+009	 -1.2671390000000001e+001	
  4.8316000000000000e+009	 -1.2633300000000000e+001	
  4.8322000000000000e+009	 -1.2572749999999999e+001	
  4.8328000000000000e+009	 -1.2571289999999999e+001	
  4.8334000000000000e+009	 -1.2504390000000001e+001	
  4.8340000000000000e+009	 -1.2485840000000000e+001	
  4.8346000000000000e+009	 -1.2397460000000001e+001	
  4.8352000000000000e+009	 -1.2345700000000001e+001	
  4.8358000000000000e+009	 -1.2309080000000000e+001	
  4.8364000000000000e+009	 -1.2252929999999999e+001	
  4.8370000000000000e+009	 -1.2132320000000000e+001	
  4.8376000000000000e+009	 -1.2159179999999999e+001	
  4.8382000000000000e+009	 -1.2104979999999999e+001	
  4.8388000000000000e+009	 -1.2027340000000001e+001	
  4.8394000000000000e+009	 -1.1956540000000000e+001	
  4.8400000000000000e+009	 -1.1865720000000000e+001	
  4.8406000000000000e+009	 -1.1812010000000001e+001	
  4.8412000000000000e+009	 -1.1790530000000000e+001	
  4.8418000000000000e+009	 -1.1697270000000000e+001	
  4.8424000000000000e+009	 -1.1638180000000000e+001	
  4.8430000000000000e+009	 -1.1554200000000000e+001	
  4.8436000000000000e+009	 -1.1477539999999999e+001	
  4.8442000000000000e+009	 -1.1453130000000000e+001	
  4.8448000000000000e+009	 -1.1283690000000000e+001	
  4.8454000000000000e+009	 -1.1197270000000000e+001	
  4.8460000000000000e+009	 -1.1125980000000000e+001	
  4.8466000000000000e+009	 -1.1067869999999999e+001	
  4.8472000000000000e+009	 -1.0998540000000000e+001	
  4.8478000000000000e+009	 -1.0916990000000000e+001	
  4.8484000000000000e+009	 -1.0817380000000000e+001	
  4.8490000000000000e+009	 -1.0749510000000001e+001	
  4.8496000000000000e+009	 -1.0683590000000001e+001	
  4.8502000000000000e+009	 -1.0537599999999999e+001	
  4.8508000000000000e+009	 -1.0472170000000000e+001	
  4.8514000000000000e+009	 -1.0434080000000000e+001	
  4.8520000000000000e+009	 -1.0388180000000000e+001	
  4.8526000000000000e+009	 -1.0304690000000001e+001	
  4.8532000000000000e+009	 -1.0230960000000000e+001	
  4.8538000000000000e+009	 -1.0116700000000000e+001	
  4.8544000000000000e+009	 -1.0103030000000000e+001	
  4.8550000000000000e+009	 -1.0007809999999999e+001	
  4.8556000000000000e+009	 -9.9536130000000007e+000	
  4.8562000000000000e+009	 -9.8647460000000002e+000	
  4.8568000000000000e+009	 -9.8129880000000007e+000	
  4.8574000000000000e+009	 -9.7563479999999991e+000	
  4.8580000000000000e+009	 -9.7001950000000008e+000	
  4.8586000000000000e+009	 -9.6367189999999994e+000	
  4.8592000000000000e+009	 -9.5766600000000004e+000	
  4.8598000000000000e+009	 -9.5502929999999999e+000	
  4.8604000000000000e+009	 -9.4677729999999993e+000	
  4.8610000000000000e+009	 -9.4042969999999997e+000	
  4.8616000000000000e+009	 -9.3881840000000008e+000	
  4.8622000000000000e+009	 -9.3178710000000002e+000	
  4.8628000000000000e+009	 -9.2944340000000008e+000	
  4.8634000000000000e+009	 -9.1572270000000007e+000	
  4.8640000000000000e+009	 -9.1674799999999994e+000	
  4.8646000000000000e+009	 -9.0795899999999996e+000	
  4.8652000000000000e+009	 -9.0439450000000008e+000	
  4.8658000000000000e+009	 -8.9501950000000008e+000	
  4.8664000000000000e+009	 -8.9199219999999997e+000	
  4.8670000000000000e+009	 -8.8471679999999999e+000	
  4.8676000000000000e+009	 -8.7841799999999992e+000	
  4.8682000000000000e+009	 -8.6611329999999995e+000	
  4.8688000000000000e+009	 -8.6357420000000005e+000	
  4.8694000000000000e+009	 -8.6235350000000004e+000	
  4.8700000000000000e+009	 -8.4863280000000003e+000	
  4.8706000000000000e+009	 -8.4702149999999996e+000	
  4.8712000000000000e+009	 -8.4101560000000006e+000	
  4.8718000000000000e+009	 -8.2783200000000008e+000	
  4.8724000000000000e+009	 -8.3012700000000006e+000	
  4.8730000000000000e+009	 -8.1840820000000001e+000	
  4.8736000000000000e+009	 -8.0786130000000007e+000	
  4.8742000000000000e+009	 -8.0107420000000005e+000	
  4.8748000000000000e+009	 -7.9960940000000003e+000	
  4.8754000000000000e+009	 -7.8437500000000000e+000	
  4.8760000000000000e+009	 -7.8205570000000000e+000	
  4.8766000000000000e+009	 -7.7541500000000001e+000	
  4.8772000000000000e+009	 -7.6647949999999998e+000	
  4.8778000000000000e+009	 -7.5563960000000003e+000	
  4.8784000000000000e+009	 -7.5300289999999999e+000	
  4.8790000000000000e+009	 -7.4440920000000004e+000	
  4.8796000000000000e+009	 -7.3117679999999998e+000	
  4.8802000000000000e+009	 -7.3007809999999997e+000	
  4.8808000000000000e+009	 -7.2580570000000000e+000	
  4.8814000000000000e+009	 -7.1774899999999997e+000	
  4.8820000000000000e+009	 -7.1110840000000000e+000	
  4.8826000000000000e+009	 -7.0852050000000002e+000	
  4.8832000000000000e+009	 -7.0190429999999999e+000	
  4.8838000000000000e+009	 -6.9956050000000003e+000	
  4.8844000000000000e+009	 -6.9458010000000003e+000	
  4.8850000000000000e+009	 -6.9077149999999996e+000	
  4.8856000000000000e+009	 -6.8818359999999998e+000	
  4.8862000000000000e+009	 -6.8679199999999998e+000	
  4.8868000000000000e+009	 -6.8503420000000004e+000	
  4.8874000000000000e+009	 -6.8334960000000002e+000	
  4.8880000000000000e+009	 -6.8017580000000004e+000	
  4.8886000000000000e+009	 -6.7949219999999997e+000	
  4.8892000000000000e+009	 -6.7585449999999998e+000	
  4.8898000000000000e+009	 -6.8383789999999998e+000	
  4.8904000000000000e+009	 -6.8095699999999999e+000	
  4.8910000000000000e+009	 -6.8610840000000000e+000	
  4.8916000000000000e+009	 -6.8620609999999997e+000	
  4.8922000000000000e+009	 -6.8352050000000002e+000	
  4.8928000000000000e+009	 -6.8652340000000001e+000	
  4.8934000000000000e+009	 -6.8869629999999997e+000	
  4.8940000000000000e+009	 -6.8842770000000000e+000	
  4.8946000000000000e+009	 -6.9218750000000000e+000	
  4.8952000000000000e+009	 -6.9423830000000004e+000	
  4.8958000000000000e+009	 -7.0163570000000002e+000	
  4.8964000000000000e+009	 -6.9667969999999997e+000	
  4.8970000000000000e+009	 -6.9680179999999998e+000	
  4.8976000000000000e+009	 -7.0363769999999999e+000	
  4.8982000000000000e+009	 -7.0014649999999996e+000	
  4.8988000000000000e+009	 -7.0258789999999998e+000	
  4.8994000000000000e+009	 -7.0380859999999998e+000	
  4.9000000000000000e+009	 -7.0322269999999998e+000	
  4.9006000000000000e+009	 -7.0541989999999997e+000	
  4.9012000000000000e+009	 -7.1271969999999998e+000	
  4.9018000000000000e+009	 -7.1357419999999996e+000	
  4.9024000000000000e+009	 -7.2136230000000001e+000	
  4.9030000000000000e+009	 -7.2060550000000001e+000	
  4.9036000000000000e+009	 -7.2758789999999998e+000	
  4.9042000000000000e+009	 -7.2458499999999999e+000	
  4.9048000000000000e+009	 -7.2863769999999999e+000	
  4.9054000000000000e+009	 -7.2905270000000000e+000	
  4.9060000000000000e+009	 -7.3232419999999996e+000	
  4.9066000000000000e+009	 -7.3818359999999998e+000	
  4.9072000000000000e+009	 -7.4169919999999996e+000	
  4.9078000000000000e+009	 -7.4470210000000003e+000	
  4.9084000000000000e+009	 -7.4548340000000000e+000	
  4.9090000000000000e+009	 -7.5263669999999996e+000	
  4.9096000000000000e+009	 -7.5673830000000004e+000	
  4.9102000000000000e+009	 -7.6069339999999999e+000	
  4.9108000000000000e+009	 -7.6657710000000003e+000	
  4.9114000000000000e+009	 -7.7358399999999996e+000	
  4.9120000000000000e+009	 -7.8354489999999997e+000	
  4.9126000000000000e+009	 -7.8525390000000002e+000	
  4.9132000000000000e+009	 -7.9201660000000000e+000	
  4.9138000000000000e+009	 -7.9863280000000003e+000	
  4.9144000000000000e+009	 -8.0585939999999994e+000	
  4.9150000000000000e+009	 -8.1635740000000006e+000	
  4.9156000000000000e+009	 -8.2470700000000008e+000	
  4.9162000000000000e+009	 -8.3071289999999998e+000	
  4.9168000000000000e+009	 -8.4365229999999993e+000	
  4.9174000000000000e+009	 -8.5566410000000008e+000	
  4.9180000000000000e+009	 -8.6694340000000008e+000	
  4.9186000000000000e+009	 -8.7861329999999995e+000	
  4.9192000000000000e+009	 -8.8247070000000001e+000	
  4.9198000000000000e+009	 -8.9345700000000008e+000	
  4.9204000000000000e+009	 -9.0991210000000002e+000	
  4.9210000000000000e+009	 -9.2495119999999993e+000	
  4.9216000000000000e+009	 -9.3149409999999992e+000	
  4.9222000000000000e+009	 -9.4453130000000005e+000	
  4.9228000000000000e+009	 -9.5864259999999994e+000	
  4.9234000000000000e+009	 -9.7651369999999993e+000	
  4.9240000000000000e+009	 -9.8798829999999995e+000	
  4.9246000000000000e+009	 -1.0020510000000000e+001	
  4.9252000000000000e+009	 -1.0206540000000000e+001	
  4.9258000000000000e+009	 -1.0376950000000001e+001	
  4.9264000000000000e+009	 -1.0454590000000000e+001	
  4.9270000000000000e+009	 -1.0605470000000000e+001	
  4.9276000000000000e+009	 -1.0814450000000001e+001	
  4.9282000000000000e+009	 -1.0974610000000000e+001	
  4.9288000000000000e+009	 -1.1111820000000000e+001	
  4.9294000000000000e+009	 -1.1281250000000000e+001	
  4.9300000000000000e+009	 -1.1373049999999999e+001	
  4.9306000000000000e+009	 -1.1602539999999999e+001	
  4.9312000000000000e+009	 -1.1685549999999999e+001	
  4.9318000000000000e+009	 -1.1825680000000000e+001	
  4.9324000000000000e+009	 -1.1995609999999999e+001	
  4.9330000000000000e+009	 -1.2150880000000001e+001	
  4.9336000000000000e+009	 -1.2314450000000001e+001	
  4.9342000000000000e+009	 -1.2446780000000000e+001	
  4.9348000000000000e+009	 -1.2601559999999999e+001	
  4.9354000000000000e+009	 -1.2744140000000000e+001	
  4.9360000000000000e+009	 -1.2904299999999999e+001	
  4.9366000000000000e+009	 -1.3021970000000000e+001	
  4.9372000000000000e+009	 -1.3158690000000000e+001	
  4.9378000000000000e+009	 -1.3297359999999999e+001	
  4.9384000000000000e+009	 -1.3424320000000000e+001	
  4.9390000000000000e+009	 -1.3566890000000001e+001	
  4.9396000000000000e+009	 -1.3697270000000000e+001	
  4.9402000000000000e+009	 -1.3806150000000001e+001	
  4.9408000000000000e+009	 -1.3946289999999999e+001	
  4.9414000000000000e+009	 -1.4030270000000000e+001	
  4.9420000000000000e+009	 -1.4136720000000000e+001	
  4.9426000000000000e+009	 -1.4310060000000000e+001	
  4.9432000000000000e+009	 -1.4347170000000000e+001	
  4.9438000000000000e+009	 -1.4441409999999999e+001	
  4.9444000000000000e+009	 -1.4577640000000001e+001	
  4.9450000000000000e+009	 -1.4706049999999999e+001	
  4.9456000000000000e+009	 -1.4757320000000000e+001	
  4.9462000000000000e+009	 -1.4794919999999999e+001	
  4.9468000000000000e+009	 -1.4916499999999999e+001	
  4.9474000000000000e+009	 -1.5006840000000000e+001	
  4.9480000000000000e+009	 -1.5049799999999999e+001	
  4.9486000000000000e+009	 -1.5141109999999999e+001	
  4.9492000000000000e+009	 -1.5164059999999999e+001	
  4.9498000000000000e+009	 -1.5246580000000000e+001	
  4.9504000000000000e+009	 -1.5341799999999999e+001	
  4.9510000000000000e+009	 -1.5384770000000000e+001	
  4.9516000000000000e+009	 -1.5416990000000000e+001	
  4.9522000000000000e+009	 -1.5499510000000001e+001	
  4.9528000000000000e+009	 -1.5492680000000000e+001	
  4.9534000000000000e+009	 -1.5542970000000000e+001	
  4.9540000000000000e+009	 -1.5563960000000000e+001	
  4.9546000000000000e+009	 -1.5621090000000001e+001	
  4.9552000000000000e+009	 -1.5643070000000000e+001	
  4.9558000000000000e+009	 -1.5611330000000001e+001	
  4.9564000000000000e+009	 -1.5642090000000000e+001	
  4.9570000000000000e+009	 -1.5699710000000000e+001	
  4.9576000000000000e+009	 -1.5644530000000000e+001	
  4.9582000000000000e+009	 -1.5660640000000001e+001	
  4.9588000000000000e+009	 -1.5674320000000000e+001	
  4.9594000000000000e+009	 -1.5660159999999999e+001	
  4.9600000000000000e+009	 -1.5700680000000000e+001	
  4.9606000000000000e+009	 -1.5681640000000000e+001	
  4.9612000000000000e+009	 -1.5669430000000000e+001	
  4.9618000000000000e+009	 -1.5704590000000000e+001	
  4.9624000000000000e+009	 -1.5611820000000000e+001	
  4.9630000000000000e+009	 -1.5660159999999999e+001	
  4.9636000000000000e+009	 -1.5649900000000001e+001	
  4.9642000000000000e+009	 -1.5653320000000001e+001	
  4.9648000000000000e+009	 -1.5614750000000001e+001	
  4.9654000000000000e+009	 -1.5636229999999999e+001	
  4.9660000000000000e+009	 -1.5620609999999999e+001	
  4.9666000000000000e+009	 -1.5606450000000001e+001	
  4.9672000000000000e+009	 -1.5583980000000000e+001	
  4.9678000000000000e+009	 -1.5567380000000000e+001	
  4.9684000000000000e+009	 -1.5571780000000000e+001	
  4.9690000000000000e+009	 -1.5570309999999999e+001	
  4.9696000000000000e+009	 -1.5580570000000000e+001	
  4.9702000000000000e+009	 -1.5570800000000000e+001	
  4.9708000000000000e+009	 -1.5608890000000001e+001	
  4.9714000000000000e+009	 -1.5593260000000001e+001	
  4.9720000000000000e+009	 -1.5591310000000000e+001	
  4.9726000000000000e+009	 -1.5611820000000000e+001	
  4.9732000000000000e+009	 -1.5660640000000001e+001	
  4.9738000000000000e+009	 -1.5712400000000001e+001	
  4.9744000000000000e+009	 -1.5713870000000000e+001	
  4.9750000000000000e+009	 -1.5754390000000001e+001	
  4.9756000000000000e+009	 -1.5803710000000001e+001	
  4.9762000000000000e+009	 -1.5853030000000000e+001	
  4.9768000000000000e+009	 -1.5903810000000000e+001	
  4.9774000000000000e+009	 -1.5928220000000000e+001	
  4.9780000000000000e+009	 -1.6042970000000000e+001	
  4.9786000000000000e+009	 -1.6118160000000000e+001	
  4.9792000000000000e+009	 -1.6187500000000000e+001	
  4.9798000000000000e+009	 -1.6223630000000000e+001	
  4.9804000000000000e+009	 -1.6333980000000000e+001	
  4.9810000000000000e+009	 -1.6418939999999999e+001	
  4.9816000000000000e+009	 -1.6529299999999999e+001	
  4.9822000000000000e+009	 -1.6665040000000001e+001	
  4.9828000000000000e+009	 -1.6737300000000001e+001	
  4.9834000000000000e+009	 -1.6874020000000002e+001	
  4.9840000000000000e+009	 -1.6939450000000001e+001	
  4.9846000000000000e+009	 -1.7017579999999999e+001	
  4.9852000000000000e+009	 -1.7133790000000001e+001	
  4.9858000000000000e+009	 -1.7279299999999999e+001	
  4.9864000000000000e+009	 -1.7418939999999999e+001	
  4.9870000000000000e+009	 -1.7499020000000002e+001	
  4.9876000000000000e+009	 -1.7650390000000002e+001	
  4.9882000000000000e+009	 -1.7766600000000000e+001	
  4.9888000000000000e+009	 -1.7803709999999999e+001	
  4.9894000000000000e+009	 -1.7979489999999998e+001	
  4.9900000000000000e+009	 -1.8059570000000001e+001	
  4.9906000000000000e+009	 -1.8245120000000000e+001	
  4.9912000000000000e+009	 -1.8336910000000000e+001	
  4.9918000000000000e+009	 -1.8433589999999999e+001	
  4.9924000000000000e+009	 -1.8584959999999999e+001	
  4.9930000000000000e+009	 -1.8666010000000000e+001	
  4.9936000000000000e+009	 -1.8799800000000001e+001	
  4.9942000000000000e+009	 -1.8865230000000000e+001	
  4.9948000000000000e+009	 -1.9003910000000001e+001	
  4.9954000000000000e+009	 -1.9086910000000000e+001	
  4.9960000000000000e+009	 -1.9173829999999999e+001	
  4.9966000000000000e+009	 -1.9289059999999999e+001	
  4.9972000000000000e+009	 -1.9358400000000000e+001	
  4.9978000000000000e+009	 -1.9469729999999998e+001	
  4.9984000000000000e+009	 -1.9542970000000000e+001	
  4.9990000000000000e+009	 -1.9604489999999998e+001	
  4.9996000000000000e+009	 -1.9702150000000000e+001	
  5.0002000000000000e+009	 -1.9784179999999999e+001	
  5.0008000000000000e+009	 -1.9851559999999999e+001	
  5.0014000000000000e+009	 -1.9924800000000001e+001	
  5.0020000000000000e+009	 -1.9981439999999999e+001	
  5.0026000000000000e+009	 -2.0008790000000001e+001	
  5.0032000000000000e+009	 -2.0074220000000000e+001	
  5.0038000000000000e+009	 -2.0142579999999999e+001	
  5.0044000000000000e+009	 -2.0168939999999999e+001	
  5.0050000000000000e+009	 -2.0211910000000000e+001	
  5.0056000000000000e+009	 -2.0257809999999999e+001	
  5.0062000000000000e+009	 -2.0291010000000000e+001	
  5.0068000000000000e+009	 -2.0324220000000000e+001	
  5.0074000000000000e+009	 -2.0358400000000000e+001	
  5.0080000000000000e+009	 -2.0354489999999998e+001	
  5.0086000000000000e+009	 -2.0379880000000000e+001	
  5.0092000000000000e+009	 -2.0456050000000001e+001	
  5.0098000000000000e+009	 -2.0407219999999999e+001	
  5.0104000000000000e+009	 -2.0449220000000000e+001	
  5.0110000000000000e+009	 -2.0530270000000002e+001	
  5.0116000000000000e+009	 -2.0437500000000000e+001	
  5.0122000000000000e+009	 -2.0473630000000000e+001	
  5.0128000000000000e+009	 -2.0464839999999999e+001	
  5.0134000000000000e+009	 -2.0482420000000001e+001	
  5.0140000000000000e+009	 -2.0473630000000000e+001	
  5.0146000000000000e+009	 -2.0486329999999999e+001	
  5.0152000000000000e+009	 -2.0558589999999999e+001	
  5.0158000000000000e+009	 -2.0484380000000002e+001	
  5.0164000000000000e+009	 -2.0492190000000001e+001	
  5.0170000000000000e+009	 -2.0475580000000001e+001	
  5.0176000000000000e+009	 -2.0501950000000001e+001	
  5.0182000000000000e+009	 -2.0432620000000000e+001	
  5.0188000000000000e+009	 -2.0561520000000002e+001	
  5.0194000000000000e+009	 -2.0459959999999999e+001	
  5.0200000000000000e+009	 -2.0462890000000002e+001	
  5.0206000000000000e+009	 -2.0491209999999999e+001	
  5.0212000000000000e+009	 -2.0458010000000002e+001	
  5.0218000000000000e+009	 -2.0546880000000002e+001	
  5.0224000000000000e+009	 -2.0527339999999999e+001	
  5.0230000000000000e+009	 -2.0557620000000000e+001	
  5.0236000000000000e+009	 -2.0484380000000002e+001	
  5.0242000000000000e+009	 -2.0539059999999999e+001	
  5.0248000000000000e+009	 -2.0582999999999998e+001	
  5.0254000000000000e+009	 -2.0522459999999999e+001	
  5.0260000000000000e+009	 -2.0576170000000001e+001	
  5.0266000000000000e+009	 -2.0549800000000001e+001	
  5.0272000000000000e+009	 -2.0576170000000001e+001	
  5.0278000000000000e+009	 -2.0593750000000000e+001	
  5.0284000000000000e+009	 -2.0586919999999999e+001	
  5.0290000000000000e+009	 -2.0614260000000002e+001	
  5.0296000000000000e+009	 -2.0621089999999999e+001	
  5.0302000000000000e+009	 -2.0642579999999999e+001	
  5.0308000000000000e+009	 -2.0649410000000000e+001	
  5.0314000000000000e+009	 -2.0680660000000000e+001	
  5.0320000000000000e+009	 -2.0660160000000001e+001	
  5.0326000000000000e+009	 -2.0678709999999999e+001	
  5.0332000000000000e+009	 -2.0713870000000000e+001	
  5.0338000000000000e+009	 -2.0694340000000000e+001	
  5.0344000000000000e+009	 -2.0738280000000000e+001	
  5.0350000000000000e+009	 -2.0750000000000000e+001	
  5.0356000000000000e+009	 -2.0749020000000002e+001	
  5.0362000000000000e+009	 -2.0757809999999999e+001	
  5.0368000000000000e+009	 -2.0783200000000001e+001	
  5.0374000000000000e+009	 -2.0798829999999999e+001	
  5.0380000000000000e+009	 -2.0804690000000001e+001	
  5.0386000000000000e+009	 -2.0797850000000000e+001	
  5.0392000000000000e+009	 -2.0828119999999998e+001	
  5.0398000000000000e+009	 -2.0825199999999999e+001	
  5.0404000000000000e+009	 -2.0798829999999999e+001	
  5.0410000000000000e+009	 -2.0839839999999999e+001	
  5.0416000000000000e+009	 -2.0809570000000001e+001	
  5.0422000000000000e+009	 -2.0847650000000002e+001	
  5.0428000000000000e+009	 -2.0898440000000001e+001	
  5.0434000000000000e+009	 -2.0869140000000002e+001	
  5.0440000000000000e+009	 -2.0846679999999999e+001	
  5.0446000000000000e+009	 -2.0908200000000001e+001	
  5.0452000000000000e+009	 -2.0906250000000000e+001	
  5.0458000000000000e+009	 -2.0838870000000000e+001	
  5.0464000000000000e+009	 -2.0916989999999998e+001	
  5.0470000000000000e+009	 -2.0916989999999998e+001	
  5.0476000000000000e+009	 -2.0924800000000001e+001	
  5.0482000000000000e+009	 -2.0940429999999999e+001	
  5.0488000000000000e+009	 -2.0980470000000000e+001	
  5.0494000000000000e+009	 -2.0909179999999999e+001	
  5.0500000000000000e+009	 -2.0953130000000002e+001	
  5.0506000000000000e+009	 -2.0930660000000000e+001	
  5.0512000000000000e+009	 -2.0979489999999998e+001	
  5.0518000000000000e+009	 -2.0992190000000001e+001	
  5.0524000000000000e+009	 -2.1039059999999999e+001	
  5.0530000000000000e+009	 -2.1128910000000001e+001	
  5.0536000000000000e+009	 -2.1104489999999998e+001	
  5.0542000000000000e+009	 -2.1095700000000001e+001	
  5.0548000000000000e+009	 -2.1189450000000001e+001	
  5.0554000000000000e+009	 -2.1231449999999999e+001	
  5.0560000000000000e+009	 -2.1217770000000002e+001	
  5.0566000000000000e+009	 -2.1226559999999999e+001	
  5.0572000000000000e+009	 -2.1291989999999998e+001	
  5.0578000000000000e+009	 -2.1285160000000001e+001	
  5.0584000000000000e+009	 -2.1388670000000001e+001	
  5.0590000000000000e+009	 -2.1414059999999999e+001	
  5.0596000000000000e+009	 -2.1462890000000002e+001	
  5.0602000000000000e+009	 -2.1531250000000000e+001	
  5.0608000000000000e+009	 -2.1620120000000000e+001	
  5.0614000000000000e+009	 -2.1661130000000000e+001	
  5.0620000000000000e+009	 -2.1727540000000001e+001	
  5.0626000000000000e+009	 -2.1783200000000001e+001	
  5.0632000000000000e+009	 -2.1849609999999998e+001	
  5.0638000000000000e+009	 -2.1914059999999999e+001	
  5.0644000000000000e+009	 -2.1974609999999998e+001	
  5.0650000000000000e+009	 -2.2094729999999998e+001	
  5.0656000000000000e+009	 -2.2170900000000000e+001	
  5.0662000000000000e+009	 -2.2206050000000001e+001	
  5.0668000000000000e+009	 -2.2257809999999999e+001	
  5.0674000000000000e+009	 -2.2372070000000001e+001	
  5.0680000000000000e+009	 -2.2447270000000000e+001	
  5.0686000000000000e+009	 -2.2546869999999998e+001	
  5.0692000000000000e+009	 -2.2613280000000000e+001	
  5.0698000000000000e+009	 -2.2695309999999999e+001	
  5.0704000000000000e+009	 -2.2759770000000000e+001	
  5.0710000000000000e+009	 -2.2858400000000000e+001	
  5.0716000000000000e+009	 -2.2908200000000001e+001	
  5.0722000000000000e+009	 -2.3002929999999999e+001	
  5.0728000000000000e+009	 -2.3127929999999999e+001	
  5.0734000000000000e+009	 -2.3179690000000001e+001	
  5.0740000000000000e+009	 -2.3291020000000000e+001	
  5.0746000000000000e+009	 -2.3368160000000000e+001	
  5.0752000000000000e+009	 -2.3420900000000000e+001	
  5.0758000000000000e+009	 -2.3494140000000002e+001	
  5.0764000000000000e+009	 -2.3531250000000000e+001	
  5.0770000000000000e+009	 -2.3579100000000000e+001	
  5.0776000000000000e+009	 -2.3681640000000002e+001	
  5.0782000000000000e+009	 -2.3697270000000000e+001	
  5.0788000000000000e+009	 -2.3754880000000000e+001	
  5.0794000000000000e+009	 -2.3818359999999998e+001	
  5.0800000000000000e+009	 -2.3849609999999998e+001	
  5.0806000000000000e+009	 -2.3902339999999999e+001	
  5.0812000000000000e+009	 -2.3908200000000001e+001	
  5.0818000000000000e+009	 -2.3916989999999998e+001	
  5.0824000000000000e+009	 -2.3966790000000000e+001	
  5.0830000000000000e+009	 -2.3955079999999999e+001	
  5.0836000000000000e+009	 -2.3996089999999999e+001	
  5.0842000000000000e+009	 -2.4032229999999998e+001	
  5.0848000000000000e+009	 -2.4106449999999999e+001	
  5.0854000000000000e+009	 -2.4068359999999998e+001	
  5.0860000000000000e+009	 -2.4088860000000000e+001	
  5.0866000000000000e+009	 -2.4097650000000002e+001	
  5.0872000000000000e+009	 -2.4097650000000002e+001	
  5.0878000000000000e+009	 -2.4199220000000000e+001	
  5.0884000000000000e+009	 -2.4088860000000000e+001	
  5.0890000000000000e+009	 -2.4245110000000000e+001	
  5.0896000000000000e+009	 -2.4228520000000000e+001	
  5.0902000000000000e+009	 -2.4235350000000000e+001	
  5.0908000000000000e+009	 -2.4251950000000001e+001	
  5.0914000000000000e+009	 -2.4288080000000001e+001	
  5.0920000000000000e+009	 -2.4210930000000001e+001	
  5.0926000000000000e+009	 -2.4204100000000000e+001	
  5.0932000000000000e+009	 -2.4166989999999998e+001	
  5.0938000000000000e+009	 -2.4154299999999999e+001	
  5.0944000000000000e+009	 -2.4082999999999998e+001	
  5.0950000000000000e+009	 -2.4012689999999999e+001	
  5.0956000000000000e+009	 -2.4007809999999999e+001	
  5.0962000000000000e+009	 -2.3952150000000000e+001	
  5.0968000000000000e+009	 -2.3887699999999999e+001	
  5.0974000000000000e+009	 -2.3841799999999999e+001	
  5.0980000000000000e+009	 -2.3768550000000001e+001	
  5.0986000000000000e+009	 -2.3723630000000000e+001	
  5.0992000000000000e+009	 -2.3649410000000000e+001	
  5.0998000000000000e+009	 -2.3568359999999998e+001	
  5.1004000000000000e+009	 -2.3499020000000002e+001	
  5.1010000000000000e+009	 -2.3449220000000000e+001	
  5.1016000000000000e+009	 -2.3349609999999998e+001	
  5.1022000000000000e+009	 -2.3290040000000001e+001	
  5.1028000000000000e+009	 -2.3236329999999999e+001	
  5.1034000000000000e+009	 -2.3155270000000002e+001	
  5.1040000000000000e+009	 -2.3104489999999998e+001	
  5.1046000000000000e+009	 -2.3064450000000001e+001	
  5.1052000000000000e+009	 -2.2977540000000001e+001	
  5.1058000000000000e+009	 -2.2944340000000000e+001	
  5.1064000000000000e+009	 -2.2825189999999999e+001	
  5.1070000000000000e+009	 -2.2828130000000002e+001	
  5.1076000000000000e+009	 -2.2713870000000000e+001	
  5.1082000000000000e+009	 -2.2689450000000001e+001	
  5.1088000000000000e+009	 -2.2627929999999999e+001	
  5.1094000000000000e+009	 -2.2555660000000000e+001	
  5.1100000000000000e+009	 -2.2505859999999998e+001	
  5.1106000000000000e+009	 -2.2465820000000001e+001	
  5.1112000000000000e+009	 -2.2427740000000000e+001	
  5.1118000000000000e+009	 -2.2391600000000000e+001	
  5.1124000000000000e+009	 -2.2391600000000000e+001	
  5.1130000000000000e+009	 -2.2400390000000002e+001	
  5.1136000000000000e+009	 -2.2293939999999999e+001	
  5.1142000000000000e+009	 -2.2255859999999998e+001	
  5.1148000000000000e+009	 -2.2313479999999998e+001	
  5.1154000000000000e+009	 -2.2311520000000002e+001	
  5.1160000000000000e+009	 -2.2375969999999999e+001	
  5.1166000000000000e+009	 -2.2262689999999999e+001	
  5.1172000000000000e+009	 -2.2384760000000000e+001	
  5.1178000000000000e+009	 -2.2403320000000001e+001	
  5.1184000000000000e+009	 -2.2398440000000001e+001	
  5.1190000000000000e+009	 -2.2400390000000002e+001	
  5.1196000000000000e+009	 -2.2513670000000001e+001	
  5.1202000000000000e+009	 -2.2518550000000001e+001	
  5.1208000000000000e+009	 -2.2576170000000001e+001	
  5.1214000000000000e+009	 -2.2583990000000000e+001	
  5.1220000000000000e+009	 -2.2693359999999998e+001	
  5.1226000000000000e+009	 -2.2738280000000000e+001	
  5.1232000000000000e+009	 -2.2789059999999999e+001	
  5.1238000000000000e+009	 -2.2910160000000001e+001	
  5.1244000000000000e+009	 -2.2996089999999999e+001	
  5.1250000000000000e+009	 -2.3077150000000000e+001	
  5.1256000000000000e+009	 -2.3148440000000001e+001	
  5.1262000000000000e+009	 -2.3217770000000002e+001	
  5.1268000000000000e+009	 -2.3323239999999998e+001	
  5.1274000000000000e+009	 -2.3431640000000002e+001	
  5.1280000000000000e+009	 -2.3473630000000000e+001	
  5.1286000000000000e+009	 -2.3592770000000002e+001	
  5.1292000000000000e+009	 -2.3707999999999998e+001	
  5.1298000000000000e+009	 -2.3767579999999999e+001	
  5.1304000000000000e+009	 -2.3881840000000000e+001	
  5.1310000000000000e+009	 -2.3999020000000002e+001	
  5.1316000000000000e+009	 -2.4107420000000001e+001	
  5.1322000000000000e+009	 -2.4182620000000000e+001	
  5.1328000000000000e+009	 -2.4272459999999999e+001	
  5.1334000000000000e+009	 -2.4395499999999998e+001	
  5.1340000000000000e+009	 -2.4474609999999998e+001	
  5.1346000000000000e+009	 -2.4535160000000001e+001	
  5.1352000000000000e+009	 -2.4619140000000002e+001	
  5.1358000000000000e+009	 -2.4722650000000002e+001	
  5.1364000000000000e+009	 -2.4858400000000000e+001	
  5.1370000000000000e+009	 -2.4971679999999999e+001	
  5.1376000000000000e+009	 -2.4980470000000000e+001	
  5.1382000000000000e+009	 -2.5042970000000000e+001	
  5.1388000000000000e+009	 -2.5134760000000000e+001	
  5.1394000000000000e+009	 -2.5234380000000002e+001	
  5.1400000000000000e+009	 -2.5281250000000000e+001	
  5.1406000000000000e+009	 -2.5309570000000001e+001	
  5.1412000000000000e+009	 -2.5434570000000001e+001	
  5.1418000000000000e+009	 -2.5491209999999999e+001	
  5.1424000000000000e+009	 -2.5514650000000000e+001	
  5.1430000000000000e+009	 -2.5494140000000002e+001	
  5.1436000000000000e+009	 -2.5556640000000002e+001	
  5.1442000000000000e+009	 -2.5615230000000000e+001	
  5.1448000000000000e+009	 -2.5686520000000002e+001	
  5.1454000000000000e+009	 -2.5659179999999999e+001	
  5.1460000000000000e+009	 -2.5723630000000000e+001	
  5.1466000000000000e+009	 -2.5750979999999998e+001	
  5.1472000000000000e+009	 -2.5690429999999999e+001	
  5.1478000000000000e+009	 -2.5788080000000001e+001	
  5.1484000000000000e+009	 -2.5730470000000000e+001	
  5.1490000000000000e+009	 -2.5682620000000000e+001	
  5.1496000000000000e+009	 -2.5680660000000000e+001	
  5.1502000000000000e+009	 -2.5746089999999999e+001	
  5.1508000000000000e+009	 -2.5699210000000001e+001	
  5.1514000000000000e+009	 -2.5609369999999998e+001	
  5.1520000000000000e+009	 -2.5541989999999998e+001	
  5.1526000000000000e+009	 -2.5604489999999998e+001	
  5.1532000000000000e+009	 -2.5490230000000000e+001	
  5.1538000000000000e+009	 -2.5476559999999999e+001	
  5.1544000000000000e+009	 -2.5399410000000000e+001	
  5.1550000000000000e+009	 -2.5357420000000001e+001	
  5.1556000000000000e+009	 -2.5339839999999999e+001	
  5.1562000000000000e+009	 -2.5269530000000000e+001	
  5.1568000000000000e+009	 -2.5121089999999999e+001	
  5.1574000000000000e+009	 -2.5070309999999999e+001	
  5.1580000000000000e+009	 -2.5035150000000002e+001	
  5.1586000000000000e+009	 -2.4907229999999998e+001	
  5.1592000000000000e+009	 -2.4841790000000000e+001	
  5.1598000000000000e+009	 -2.4772459999999999e+001	
  5.1604000000000000e+009	 -2.4703119999999998e+001	
  5.1610000000000000e+009	 -2.4602540000000001e+001	
  5.1616000000000000e+009	 -2.4507809999999999e+001	
  5.1622000000000000e+009	 -2.4447260000000000e+001	
  5.1628000000000000e+009	 -2.4316410000000001e+001	
  5.1634000000000000e+009	 -2.4229489999999998e+001	
  5.1640000000000000e+009	 -2.4141600000000000e+001	
  5.1646000000000000e+009	 -2.4022459999999999e+001	
  5.1652000000000000e+009	 -2.3940429999999999e+001	
  5.1658000000000000e+009	 -2.3829100000000000e+001	
  5.1664000000000000e+009	 -2.3731449999999999e+001	
  5.1670000000000000e+009	 -2.3600580000000001e+001	
  5.1676000000000000e+009	 -2.3565429999999999e+001	
  5.1682000000000000e+009	 -2.3476559999999999e+001	
  5.1688000000000000e+009	 -2.3382809999999999e+001	
  5.1694000000000000e+009	 -2.3328119999999998e+001	
  5.1700000000000000e+009	 -2.3270510000000002e+001	
  5.1706000000000000e+009	 -2.3142579999999999e+001	
  5.1712000000000000e+009	 -2.3092770000000002e+001	
  5.1718000000000000e+009	 -2.3043939999999999e+001	
  5.1724000000000000e+009	 -2.2892579999999999e+001	
  5.1730000000000000e+009	 -2.2886720000000000e+001	
  5.1736000000000000e+009	 -2.2925780000000000e+001	
  5.1742000000000000e+009	 -2.2833980000000000e+001	
  5.1748000000000000e+009	 -2.2805660000000000e+001	
  5.1754000000000000e+009	 -2.2733400000000000e+001	
  5.1760000000000000e+009	 -2.2825189999999999e+001	
  5.1766000000000000e+009	 -2.2759770000000000e+001	
  5.1772000000000000e+009	 -2.2712890000000002e+001	
  5.1778000000000000e+009	 -2.2721679999999999e+001	
  5.1784000000000000e+009	 -2.2742190000000001e+001	
  5.1790000000000000e+009	 -2.2714839999999999e+001	
  5.1796000000000000e+009	 -2.2683589999999999e+001	
  5.1802000000000000e+009	 -2.2701170000000001e+001	
  5.1808000000000000e+009	 -2.2795900000000000e+001	
  5.1814000000000000e+009	 -2.2833980000000000e+001	
  5.1820000000000000e+009	 -2.2886720000000000e+001	
  5.1826000000000000e+009	 -2.2877929999999999e+001	
  5.1832000000000000e+009	 -2.2940429999999999e+001	
  5.1838000000000000e+009	 -2.3003910000000001e+001	
  5.1844000000000000e+009	 -2.3082030000000000e+001	
  5.1850000000000000e+009	 -2.3154299999999999e+001	
  5.1856000000000000e+009	 -2.3216799999999999e+001	
  5.1862000000000000e+009	 -2.3331060000000001e+001	
  5.1868000000000000e+009	 -2.3427730000000000e+001	
  5.1874000000000000e+009	 -2.3607420000000001e+001	
  5.1880000000000000e+009	 -2.3870120000000000e+001	
  5.1886000000000000e+009	 -2.4128900000000002e+001	
  5.1892000000000000e+009	 -2.4350590000000000e+001	
  5.1898000000000000e+009	 -2.4467770000000002e+001	
  5.1904000000000000e+009	 -2.4582030000000000e+001	
  5.1910000000000000e+009	 -2.4641600000000000e+001	
  5.1916000000000000e+009	 -2.4699220000000000e+001	
  5.1922000000000000e+009	 -2.4729489999999998e+001	
  5.1928000000000000e+009	 -2.4807620000000000e+001	
  5.1934000000000000e+009	 -2.4844719999999999e+001	
  5.1940000000000000e+009	 -2.4960940000000001e+001	
  5.1946000000000000e+009	 -2.5015619999999998e+001	
  5.1952000000000000e+009	 -2.5075189999999999e+001	
  5.1958000000000000e+009	 -2.5178709999999999e+001	
  5.1964000000000000e+009	 -2.5227540000000001e+001	
  5.1970000000000000e+009	 -2.5316410000000001e+001	
  5.1976000000000000e+009	 -2.5376950000000001e+001	
  5.1982000000000000e+009	 -2.5529290000000000e+001	
  5.1988000000000000e+009	 -2.5532229999999998e+001	
  5.1994000000000000e+009	 -2.5557610000000000e+001	
  5.2000000000000000e+009	 -2.5639650000000000e+001	
  5.2006000000000000e+009	 -2.5699210000000001e+001	
  5.2012000000000000e+009	 -2.5731439999999999e+001	
  5.2018000000000000e+009	 -2.5846679999999999e+001	
  5.2024000000000000e+009	 -2.5842770000000002e+001	
  5.2030000000000000e+009	 -2.5839839999999999e+001	
  5.2036000000000000e+009	 -2.5977540000000001e+001	
  5.2042000000000000e+009	 -2.5964839999999999e+001	
  5.2048000000000000e+009	 -2.6028320000000001e+001	
  5.2054000000000000e+009	 -2.6075189999999999e+001	
  5.2060000000000000e+009	 -2.6125969999999999e+001	
  5.2066000000000000e+009	 -2.6109369999999998e+001	
  5.2072000000000000e+009	 -2.6237300000000001e+001	
  5.2078000000000000e+009	 -2.6250969999999999e+001	
  5.2084000000000000e+009	 -2.6175780000000000e+001	
  5.2090000000000000e+009	 -2.6264650000000000e+001	
  5.2096000000000000e+009	 -2.6311520000000002e+001	
  5.2102000000000000e+009	 -2.6319330000000001e+001	
  5.2108000000000000e+009	 -2.6260739999999998e+001	
  5.2114000000000000e+009	 -2.6281250000000000e+001	
  5.2120000000000000e+009	 -2.6286130000000000e+001	
  5.2126000000000000e+009	 -2.6285150000000002e+001	
  5.2132000000000000e+009	 -2.6383790000000001e+001	
  5.2138000000000000e+009	 -2.6337890000000002e+001	
  5.2144000000000000e+009	 -2.6380859999999998e+001	
  5.2150000000000000e+009	 -2.6372070000000001e+001	
  5.2156000000000000e+009	 -2.6367190000000001e+001	
  5.2162000000000000e+009	 -2.6423829999999999e+001	
  5.2168000000000000e+009	 -2.6362300000000001e+001	
  5.2174000000000000e+009	 -2.6333980000000000e+001	
  5.2180000000000000e+009	 -2.6324210000000001e+001	
  5.2186000000000000e+009	 -2.6256830000000001e+001	
  5.2192000000000000e+009	 -2.6233400000000000e+001	
  5.2198000000000000e+009	 -2.6291010000000000e+001	
  5.2204000000000000e+009	 -2.6243160000000000e+001	
  5.2210000000000000e+009	 -2.6202140000000000e+001	
  5.2216000000000000e+009	 -2.6212890000000002e+001	
  5.2222000000000000e+009	 -2.6207999999999998e+001	
  5.2228000000000000e+009	 -2.6166989999999998e+001	
  5.2234000000000000e+009	 -2.6107420000000001e+001	
  5.2240000000000000e+009	 -2.6083980000000000e+001	
  5.2246000000000000e+009	 -2.6064450000000001e+001	
  5.2252000000000000e+009	 -2.6000000000000000e+001	
  5.2258000000000000e+009	 -2.5970700000000001e+001	
  5.2264000000000000e+009	 -2.5944330000000001e+001	
  5.2270000000000000e+009	 -2.5897459999999999e+001	
  5.2276000000000000e+009	 -2.5861329999999999e+001	
  5.2282000000000000e+009	 -2.5767569999999999e+001	
  5.2288000000000000e+009	 -2.5758790000000001e+001	
  5.2294000000000000e+009	 -2.5688479999999998e+001	
  5.2300000000000000e+009	 -2.5605470000000000e+001	
  5.2306000000000000e+009	 -2.5536130000000000e+001	
  5.2312000000000000e+009	 -2.5502929999999999e+001	
  5.2318000000000000e+009	 -2.5441400000000002e+001	
  5.2324000000000000e+009	 -2.5372070000000001e+001	
  5.2330000000000000e+009	 -2.5328119999999998e+001	
  5.2336000000000000e+009	 -2.5233400000000000e+001	
  5.2342000000000000e+009	 -2.5175780000000000e+001	
  5.2348000000000000e+009	 -2.5093750000000000e+001	
  5.2354000000000000e+009	 -2.5018550000000001e+001	
  5.2360000000000000e+009	 -2.4979489999999998e+001	
  5.2366000000000000e+009	 -2.4884760000000000e+001	
  5.2372000000000000e+009	 -2.4812500000000000e+001	
  5.2378000000000000e+009	 -2.4679680000000001e+001	
  5.2384000000000000e+009	 -2.4685540000000000e+001	
  5.2390000000000000e+009	 -2.4625000000000000e+001	
  5.2396000000000000e+009	 -2.4542970000000000e+001	
  5.2402000000000000e+009	 -2.4469719999999999e+001	
  5.2408000000000000e+009	 -2.4411130000000000e+001	
  5.2414000000000000e+009	 -2.4330079999999999e+001	
  5.2420000000000000e+009	 -2.4262699999999999e+001	
  5.2426000000000000e+009	 -2.4205069999999999e+001	
  5.2432000000000000e+009	 -2.4207030000000000e+001	
  5.2438000000000000e+009	 -2.4089839999999999e+001	
  5.2444000000000000e+009	 -2.4122070000000001e+001	
  5.2450000000000000e+009	 -2.4097650000000002e+001	
  5.2456000000000000e+009	 -2.3945309999999999e+001	
  5.2462000000000000e+009	 -2.4039059999999999e+001	
  5.2468000000000000e+009	 -2.3905270000000002e+001	
  5.2474000000000000e+009	 -2.3897459999999999e+001	
  5.2480000000000000e+009	 -2.3888670000000001e+001	
  5.2486000000000000e+009	 -2.3928709999999999e+001	
  5.2492000000000000e+009	 -2.3822260000000000e+001	
  5.2498000000000000e+009	 -2.3824220000000000e+001	
  5.2504000000000000e+009	 -2.3857420000000001e+001	
  5.2510000000000000e+009	 -2.3883790000000001e+001	
  5.2516000000000000e+009	 -2.3833990000000000e+001	
  5.2522000000000000e+009	 -2.3885739999999998e+001	
  5.2528000000000000e+009	 -2.3960940000000001e+001	
  5.2534000000000000e+009	 -2.3959959999999999e+001	
  5.2540000000000000e+009	 -2.3987300000000001e+001	
  5.2546000000000000e+009	 -2.4060540000000000e+001	
  5.2552000000000000e+009	 -2.4077150000000000e+001	
  5.2558000000000000e+009	 -2.4120120000000000e+001	
  5.2564000000000000e+009	 -2.4161130000000000e+001	
  5.2570000000000000e+009	 -2.4208010000000002e+001	
  5.2576000000000000e+009	 -2.4250969999999999e+001	
  5.2582000000000000e+009	 -2.4343750000000000e+001	
  5.2588000000000000e+009	 -2.4361319999999999e+001	
  5.2594000000000000e+009	 -2.4464839999999999e+001	
  5.2600000000000000e+009	 -2.4512689999999999e+001	
  5.2606000000000000e+009	 -2.4604489999999998e+001	
  5.2612000000000000e+009	 -2.4661130000000000e+001	
  5.2618000000000000e+009	 -2.4731449999999999e+001	
  5.2624000000000000e+009	 -2.4797850000000000e+001	
  5.2630000000000000e+009	 -2.4851559999999999e+001	
  5.2636000000000000e+009	 -2.4948239999999998e+001	
  5.2642000000000000e+009	 -2.4935549999999999e+001	
  5.2648000000000000e+009	 -2.5088860000000000e+001	
  5.2654000000000000e+009	 -2.5098630000000000e+001	
  5.2660000000000000e+009	 -2.5113280000000000e+001	
  5.2666000000000000e+009	 -2.5268550000000001e+001	
  5.2672000000000000e+009	 -2.5287109999999998e+001	
  5.2678000000000000e+009	 -2.5311520000000002e+001	
  5.2684000000000000e+009	 -2.5406250000000000e+001	
  5.2690000000000000e+009	 -2.5374020000000002e+001	
  5.2696000000000000e+009	 -2.5472660000000001e+001	
  5.2702000000000000e+009	 -2.5511720000000000e+001	
  5.2708000000000000e+009	 -2.5566410000000001e+001	
  5.2714000000000000e+009	 -2.5660150000000002e+001	
  5.2720000000000000e+009	 -2.5621089999999999e+001	
  5.2726000000000000e+009	 -2.5674800000000001e+001	
  5.2732000000000000e+009	 -2.5806640000000002e+001	
  5.2738000000000000e+009	 -2.5729489999999998e+001	
  5.2744000000000000e+009	 -2.5808589999999999e+001	
  5.2750000000000000e+009	 -2.5841790000000000e+001	
  5.2756000000000000e+009	 -2.5818359999999998e+001	
  5.2762000000000000e+009	 -2.5839839999999999e+001	
  5.2768000000000000e+009	 -2.5750979999999998e+001	
  5.2774000000000000e+009	 -2.5788080000000001e+001	
  5.2780000000000000e+009	 -2.5809570000000001e+001	
  5.2786000000000000e+009	 -2.5844729999999998e+001	
  5.2792000000000000e+009	 -2.5816400000000002e+001	
  5.2798000000000000e+009	 -2.5796869999999998e+001	
  5.2804000000000000e+009	 -2.5804690000000001e+001	
  5.2810000000000000e+009	 -2.5875969999999999e+001	
  5.2816000000000000e+009	 -2.5782219999999999e+001	
  5.2822000000000000e+009	 -2.5758790000000001e+001	
  5.2828000000000000e+009	 -2.5739249999999998e+001	
  5.2834000000000000e+009	 -2.5716799999999999e+001	
  5.2840000000000000e+009	 -2.5718750000000000e+001	
  5.2846000000000000e+009	 -2.5658200000000001e+001	
  5.2852000000000000e+009	 -2.5675780000000000e+001	
  5.2858000000000000e+009	 -2.5637689999999999e+001	
  5.2864000000000000e+009	 -2.5611319999999999e+001	
  5.2870000000000000e+009	 -2.5575189999999999e+001	
  5.2876000000000000e+009	 -2.5558589999999999e+001	
  5.2882000000000000e+009	 -2.5541989999999998e+001	
  5.2888000000000000e+009	 -2.5498049999999999e+001	
  5.2894000000000000e+009	 -2.5466790000000000e+001	
  5.2900000000000000e+009	 -2.5446290000000001e+001	
  5.2906000000000000e+009	 -2.5448239999999998e+001	
  5.2912000000000000e+009	 -2.5391600000000000e+001	
  5.2918000000000000e+009	 -2.5335940000000001e+001	
  5.2924000000000000e+009	 -2.5331050000000001e+001	
  5.2930000000000000e+009	 -2.5308589999999999e+001	
  5.2936000000000000e+009	 -2.5267579999999999e+001	
  5.2942000000000000e+009	 -2.5247070000000001e+001	
  5.2948000000000000e+009	 -2.5186520000000002e+001	
  5.2954000000000000e+009	 -2.5166989999999998e+001	
  5.2960000000000000e+009	 -2.5151370000000000e+001	
  5.2966000000000000e+009	 -2.5133790000000001e+001	
  5.2972000000000000e+009	 -2.5105470000000000e+001	
  5.2978000000000000e+009	 -2.5127929999999999e+001	
  5.2984000000000000e+009	 -2.5063479999999998e+001	
  5.2990000000000000e+009	 -2.5041989999999998e+001	
  5.2996000000000000e+009	 -2.5003910000000001e+001	
  5.3002000000000000e+009	 -2.4970700000000001e+001	
  5.3008000000000000e+009	 -2.4924800000000001e+001	
  5.3014000000000000e+009	 -2.4830069999999999e+001	
  5.3020000000000000e+009	 -2.4858400000000000e+001	
  5.3026000000000000e+009	 -2.4830069999999999e+001	
  5.3032000000000000e+009	 -2.4778320000000001e+001	
  5.3038000000000000e+009	 -2.4727540000000001e+001	
  5.3044000000000000e+009	 -2.4624020000000002e+001	
  5.3050000000000000e+009	 -2.4699220000000000e+001	
  5.3056000000000000e+009	 -2.4645499999999998e+001	
  5.3062000000000000e+009	 -2.4592770000000002e+001	
  5.3068000000000000e+009	 -2.4558589999999999e+001	
  5.3074000000000000e+009	 -2.4528320000000001e+001	
  5.3080000000000000e+009	 -2.4426760000000002e+001	
  5.3086000000000000e+009	 -2.4368160000000000e+001	
  5.3092000000000000e+009	 -2.4398440000000001e+001	
  5.3098000000000000e+009	 -2.4362300000000001e+001	
  5.3104000000000000e+009	 -2.4312500000000000e+001	
  5.3110000000000000e+009	 -2.4243160000000000e+001	
  5.3116000000000000e+009	 -2.4204100000000000e+001	
  5.3122000000000000e+009	 -2.4169920000000001e+001	
  5.3128000000000000e+009	 -2.4084959999999999e+001	
  5.3134000000000000e+009	 -2.4010739999999998e+001	
  5.3140000000000000e+009	 -2.3979489999999998e+001	
  5.3146000000000000e+009	 -2.3900390000000002e+001	
  5.3152000000000000e+009	 -2.3826170000000001e+001	
  5.3158000000000000e+009	 -2.3802730000000000e+001	
  5.3164000000000000e+009	 -2.3759770000000000e+001	
  5.3170000000000000e+009	 -2.3720700000000001e+001	
  5.3176000000000000e+009	 -2.3669920000000001e+001	
  5.3182000000000000e+009	 -2.3601559999999999e+001	
  5.3188000000000000e+009	 -2.3546869999999998e+001	
  5.3194000000000000e+009	 -2.3533200000000001e+001	
  5.3200000000000000e+009	 -2.3490230000000000e+001	
  5.3206000000000000e+009	 -2.3421869999999998e+001	
  5.3212000000000000e+009	 -2.3388670000000001e+001	
  5.3218000000000000e+009	 -2.3383790000000001e+001	
  5.3224000000000000e+009	 -2.3346679999999999e+001	
  5.3230000000000000e+009	 -2.3340820000000001e+001	
  5.3236000000000000e+009	 -2.3328119999999998e+001	
  5.3242000000000000e+009	 -2.3319330000000001e+001	
  5.3248000000000000e+009	 -2.3305660000000000e+001	
  5.3254000000000000e+009	 -2.3274410000000000e+001	
  5.3260000000000000e+009	 -2.3273430000000001e+001	
  5.3266000000000000e+009	 -2.3301760000000002e+001	
  5.3272000000000000e+009	 -2.3333980000000000e+001	
  5.3278000000000000e+009	 -2.3317380000000000e+001	
  5.3284000000000000e+009	 -2.3348630000000000e+001	
  5.3290000000000000e+009	 -2.3434570000000001e+001	
  5.3296000000000000e+009	 -2.3482420000000001e+001	
  5.3302000000000000e+009	 -2.3491209999999999e+001	
  5.3308000000000000e+009	 -2.3540040000000001e+001	
  5.3314000000000000e+009	 -2.3577150000000000e+001	
  5.3320000000000000e+009	 -2.3673829999999999e+001	
  5.3326000000000000e+009	 -2.3767579999999999e+001	
  5.3332000000000000e+009	 -2.3807620000000000e+001	
  5.3338000000000000e+009	 -2.3914059999999999e+001	
  5.3344000000000000e+009	 -2.4054680000000001e+001	
  5.3350000000000000e+009	 -2.4039059999999999e+001	
  5.3356000000000000e+009	 -2.4180660000000000e+001	
  5.3362000000000000e+009	 -2.4195309999999999e+001	
  5.3368000000000000e+009	 -2.4307610000000000e+001	
  5.3374000000000000e+009	 -2.4338870000000000e+001	
  5.3380000000000000e+009	 -2.4486329999999999e+001	
  5.3386000000000000e+009	 -2.4608400000000000e+001	
  5.3392000000000000e+009	 -2.4665040000000001e+001	
  5.3398000000000000e+009	 -2.4784179999999999e+001	
  5.3404000000000000e+009	 -2.4864249999999998e+001	
  5.3410000000000000e+009	 -2.5027339999999999e+001	
  5.3416000000000000e+009	 -2.5058589999999999e+001	
  5.3422000000000000e+009	 -2.5160160000000001e+001	
  5.3428000000000000e+009	 -2.5180660000000000e+001	
  5.3434000000000000e+009	 -2.5314450000000001e+001	
  5.3440000000000000e+009	 -2.5408200000000001e+001	
  5.3446000000000000e+009	 -2.5408200000000001e+001	
  5.3452000000000000e+009	 -2.5543939999999999e+001	
  5.3458000000000000e+009	 -2.5557610000000000e+001	
  5.3464000000000000e+009	 -2.5606439999999999e+001	
  5.3470000000000000e+009	 -2.5629880000000000e+001	
  5.3476000000000000e+009	 -2.5739249999999998e+001	
  5.3482000000000000e+009	 -2.5789059999999999e+001	
  5.3488000000000000e+009	 -2.5792970000000000e+001	
  5.3494000000000000e+009	 -2.5844729999999998e+001	
  5.3500000000000000e+009	 -2.5816400000000002e+001	
  5.3506000000000000e+009	 -2.5876950000000001e+001	
  5.3512000000000000e+009	 -2.5885739999999998e+001	
  5.3518000000000000e+009	 -2.5942380000000000e+001	
  5.3524000000000000e+009	 -2.5923819999999999e+001	
  5.3530000000000000e+009	 -2.5920900000000000e+001	
  5.3536000000000000e+009	 -2.5910150000000002e+001	
  5.3542000000000000e+009	 -2.5916989999999998e+001	
  5.3548000000000000e+009	 -2.5881830000000001e+001	
  5.3554000000000000e+009	 -2.5847650000000002e+001	
  5.3560000000000000e+009	 -2.5818359999999998e+001	
  5.3566000000000000e+009	 -2.5785160000000001e+001	
  5.3572000000000000e+009	 -2.5743160000000000e+001	
  5.3578000000000000e+009	 -2.5670900000000000e+001	
  5.3584000000000000e+009	 -2.5632809999999999e+001	
  5.3590000000000000e+009	 -2.5594729999999998e+001	
  5.3596000000000000e+009	 -2.5517579999999999e+001	
  5.3602000000000000e+009	 -2.5419920000000001e+001	
  5.3608000000000000e+009	 -2.5362300000000001e+001	
  5.3614000000000000e+009	 -2.5300780000000000e+001	
  5.3620000000000000e+009	 -2.5189450000000001e+001	
  5.3626000000000000e+009	 -2.5119140000000002e+001	
  5.3632000000000000e+009	 -2.5004880000000000e+001	
  5.3638000000000000e+009	 -2.4895510000000002e+001	
  5.3644000000000000e+009	 -2.4790040000000001e+001	
  5.3650000000000000e+009	 -2.4653320000000001e+001	
  5.3656000000000000e+009	 -2.4586910000000000e+001	
  5.3662000000000000e+009	 -2.4500000000000000e+001	
  5.3668000000000000e+009	 -2.4386720000000000e+001	
  5.3674000000000000e+009	 -2.4233400000000000e+001	
  5.3680000000000000e+009	 -2.4164059999999999e+001	
  5.3686000000000000e+009	 -2.3978510000000000e+001	
  5.3692000000000000e+009	 -2.3889650000000000e+001	
  5.3698000000000000e+009	 -2.3744140000000002e+001	
  5.3704000000000000e+009	 -2.3667970000000000e+001	
  5.3710000000000000e+009	 -2.3519530000000000e+001	
  5.3716000000000000e+009	 -2.3455079999999999e+001	
  5.3722000000000000e+009	 -2.3301760000000002e+001	
  5.3728000000000000e+009	 -2.3199220000000000e+001	
  5.3734000000000000e+009	 -2.3128910000000001e+001	
  5.3740000000000000e+009	 -2.3044920000000001e+001	
  5.3746000000000000e+009	 -2.2939450000000001e+001	
  5.3752000000000000e+009	 -2.2867190000000001e+001	
  5.3758000000000000e+009	 -2.2740240000000000e+001	
  5.3764000000000000e+009	 -2.2694330000000001e+001	
  5.3770000000000000e+009	 -2.2611329999999999e+001	
  5.3776000000000000e+009	 -2.2541989999999998e+001	
  5.3782000000000000e+009	 -2.2514650000000000e+001	
  5.3788000000000000e+009	 -2.2389650000000000e+001	
  5.3794000000000000e+009	 -2.2376950000000001e+001	
  5.3800000000000000e+009	 -2.2325199999999999e+001	
  5.3806000000000000e+009	 -2.2238280000000000e+001	
  5.3812000000000000e+009	 -2.2235350000000000e+001	
  5.3818000000000000e+009	 -2.2176760000000002e+001	
  5.3824000000000000e+009	 -2.2217770000000002e+001	
  5.3830000000000000e+009	 -2.2232420000000001e+001	
  5.3836000000000000e+009	 -2.2225580000000001e+001	
  5.3842000000000000e+009	 -2.2192380000000000e+001	
  5.3848000000000000e+009	 -2.2246089999999999e+001	
  5.3854000000000000e+009	 -2.2184570000000001e+001	
  5.3860000000000000e+009	 -2.2236329999999999e+001	
  5.3866000000000000e+009	 -2.2250000000000000e+001	
  5.3872000000000000e+009	 -2.2269530000000000e+001	
  5.3878000000000000e+009	 -2.2316400000000002e+001	
  5.3884000000000000e+009	 -2.2353520000000000e+001	
  5.3890000000000000e+009	 -2.2382809999999999e+001	
  5.3896000000000000e+009	 -2.2422850000000000e+001	
  5.3902000000000000e+009	 -2.2471679999999999e+001	
  5.3908000000000000e+009	 -2.2518550000000001e+001	
  5.3914000000000000e+009	 -2.2579100000000000e+001	
  5.3920000000000000e+009	 -2.2637699999999999e+001	
  5.3926000000000000e+009	 -2.2688469999999999e+001	
  5.3932000000000000e+009	 -2.2778320000000001e+001	
  5.3938000000000000e+009	 -2.2823239999999998e+001	
  5.3944000000000000e+009	 -2.2853510000000000e+001	
  5.3950000000000000e+009	 -2.2881840000000000e+001	
  5.3956000000000000e+009	 -2.2981439999999999e+001	
  5.3962000000000000e+009	 -2.2998049999999999e+001	
  5.3968000000000000e+009	 -2.3039059999999999e+001	
  5.3974000000000000e+009	 -2.3147459999999999e+001	
  5.3980000000000000e+009	 -2.3146480000000000e+001	
  5.3986000000000000e+009	 -2.3238280000000000e+001	
  5.3992000000000000e+009	 -2.3306640000000002e+001	
  5.3998000000000000e+009	 -2.3350590000000000e+001	
  5.4004000000000000e+009	 -2.3275390000000002e+001	
  5.4010000000000000e+009	 -2.3395499999999998e+001	
  5.4016000000000000e+009	 -2.3458980000000000e+001	
  5.4022000000000000e+009	 -2.3470700000000001e+001	
  5.4028000000000000e+009	 -2.3439450000000001e+001	
  5.4034000000000000e+009	 -2.3571290000000001e+001	
  5.4040000000000000e+009	 -2.3583010000000002e+001	
  5.4046000000000000e+009	 -2.3630859999999998e+001	
  5.4052000000000000e+009	 -2.3695309999999999e+001	
  5.4058000000000000e+009	 -2.3667970000000000e+001	
  5.4064000000000000e+009	 -2.3645510000000002e+001	
  5.4070000000000000e+009	 -2.3622070000000001e+001	
  5.4076000000000000e+009	 -2.3738280000000000e+001	
  5.4082000000000000e+009	 -2.3736329999999999e+001	
  5.4088000000000000e+009	 -2.3733400000000000e+001	
  5.4094000000000000e+009	 -2.3775390000000002e+001	
  5.4100000000000000e+009	 -2.3738280000000000e+001	
  5.4106000000000000e+009	 -2.3781250000000000e+001	
  5.4112000000000000e+009	 -2.3745120000000000e+001	
  5.4118000000000000e+009	 -2.3754880000000000e+001	
  5.4124000000000000e+009	 -2.3766600000000000e+001	
  5.4130000000000000e+009	 -2.3777339999999999e+001	
  5.4136000000000000e+009	 -2.3747070000000001e+001	
  5.4142000000000000e+009	 -2.3774410000000000e+001	
  5.4148000000000000e+009	 -2.3729489999999998e+001	
  5.4154000000000000e+009	 -2.3715820000000001e+001	
  5.4160000000000000e+009	 -2.3746089999999999e+001	
  5.4166000000000000e+009	 -2.3702150000000000e+001	
  5.4172000000000000e+009	 -2.3665040000000001e+001	
  5.4178000000000000e+009	 -2.3649410000000000e+001	
  5.4184000000000000e+009	 -2.3625000000000000e+001	
  5.4190000000000000e+009	 -2.3632809999999999e+001	
  5.4196000000000000e+009	 -2.3568359999999998e+001	
  5.4202000000000000e+009	 -2.3530270000000002e+001	
  5.4208000000000000e+009	 -2.3513670000000001e+001	
  5.4214000000000000e+009	 -2.3484369999999998e+001	
  5.4220000000000000e+009	 -2.3468750000000000e+001	
  5.4226000000000000e+009	 -2.3422850000000000e+001	
  5.4232000000000000e+009	 -2.3394530000000000e+001	
  5.4238000000000000e+009	 -2.3370120000000000e+001	
  5.4244000000000000e+009	 -2.3311520000000002e+001	
  5.4250000000000000e+009	 -2.3262699999999999e+001	
  5.4256000000000000e+009	 -2.3236329999999999e+001	
  5.4262000000000000e+009	 -2.3198239999999998e+001	
  5.4268000000000000e+009	 -2.3190429999999999e+001	
  5.4274000000000000e+009	 -2.3129880000000000e+001	
  5.4280000000000000e+009	 -2.3050780000000000e+001	
  5.4286000000000000e+009	 -2.2993160000000000e+001	
  5.4292000000000000e+009	 -2.2970700000000001e+001	
  5.4298000000000000e+009	 -2.2891600000000000e+001	
  5.4304000000000000e+009	 -2.2838860000000000e+001	
  5.4310000000000000e+009	 -2.2750000000000000e+001	
  5.4316000000000000e+009	 -2.2710940000000001e+001	
  5.4322000000000000e+009	 -2.2674800000000001e+001	
  5.4328000000000000e+009	 -2.2615230000000000e+001	
  5.4334000000000000e+009	 -2.2484369999999998e+001	
  5.4340000000000000e+009	 -2.2490230000000000e+001	
  5.4346000000000000e+009	 -2.2402339999999999e+001	
  5.4352000000000000e+009	 -2.2388670000000001e+001	
  5.4358000000000000e+009	 -2.2314450000000001e+001	
  5.4364000000000000e+009	 -2.2241209999999999e+001	
  5.4370000000000000e+009	 -2.2176760000000002e+001	
  5.4376000000000000e+009	 -2.2135739999999998e+001	
  5.4382000000000000e+009	 -2.2067380000000000e+001	
  5.4388000000000000e+009	 -2.1982420000000001e+001	
  5.4394000000000000e+009	 -2.1947260000000000e+001	
  5.4400000000000000e+009	 -2.1839839999999999e+001	
  5.4406000000000000e+009	 -2.1845700000000001e+001	
  5.4412000000000000e+009	 -2.1736329999999999e+001	
  5.4418000000000000e+009	 -2.1727540000000001e+001	
  5.4424000000000000e+009	 -2.1570309999999999e+001	
  5.4430000000000000e+009	 -2.1579100000000000e+001	
  5.4436000000000000e+009	 -2.1538090000000000e+001	
  5.4442000000000000e+009	 -2.1448239999999998e+001	
  5.4448000000000000e+009	 -2.1417970000000000e+001	
  5.4454000000000000e+009	 -2.1311520000000002e+001	
  5.4460000000000000e+009	 -2.1291989999999998e+001	
  5.4466000000000000e+009	 -2.1246089999999999e+001	
  5.4472000000000000e+009	 -2.1177740000000000e+001	
  5.4478000000000000e+009	 -2.1187500000000000e+001	
  5.4484000000000000e+009	 -2.1089839999999999e+001	
  5.4490000000000000e+009	 -2.1104489999999998e+001	
  5.4496000000000000e+009	 -2.1011720000000000e+001	
  5.4502000000000000e+009	 -2.0995120000000000e+001	
  5.4508000000000000e+009	 -2.0975580000000001e+001	
  5.4514000000000000e+009	 -2.0940429999999999e+001	
  5.4520000000000000e+009	 -2.0920900000000000e+001	
  5.4526000000000000e+009	 -2.0904299999999999e+001	
  5.4532000000000000e+009	 -2.0864260000000002e+001	
  5.4538000000000000e+009	 -2.0840820000000001e+001	
  5.4544000000000000e+009	 -2.0841790000000000e+001	
  5.4550000000000000e+009	 -2.0809570000000001e+001	
  5.4556000000000000e+009	 -2.0800780000000000e+001	
  5.4562000000000000e+009	 -2.0772459999999999e+001	
  5.4568000000000000e+009	 -2.0768550000000001e+001	
  5.4574000000000000e+009	 -2.0765619999999998e+001	
  5.4580000000000000e+009	 -2.0750979999999998e+001	
  5.4586000000000000e+009	 -2.0750000000000000e+001	
  5.4592000000000000e+009	 -2.0725580000000001e+001	
  5.4598000000000000e+009	 -2.0734369999999998e+001	
  5.4604000000000000e+009	 -2.0796880000000002e+001	
  5.4610000000000000e+009	 -2.0760739999999998e+001	
  5.4616000000000000e+009	 -2.0791989999999998e+001	
  5.4622000000000000e+009	 -2.0833010000000002e+001	
  5.4628000000000000e+009	 -2.0712890000000002e+001	
  5.4634000000000000e+009	 -2.0758790000000001e+001	
  5.4640000000000000e+009	 -2.0798829999999999e+001	
  5.4646000000000000e+009	 -2.0756840000000000e+001	
  5.4652000000000000e+009	 -2.0762699999999999e+001	
  5.4658000000000000e+009	 -2.0812500000000000e+001	
  5.4664000000000000e+009	 -2.0733400000000000e+001	
  5.4670000000000000e+009	 -2.0773430000000001e+001	
  5.4676000000000000e+009	 -2.0788080000000001e+001	
  5.4682000000000000e+009	 -2.0818359999999998e+001	
  5.4688000000000000e+009	 -2.0782229999999998e+001	
  5.4694000000000000e+009	 -2.0790040000000001e+001	
  5.4700000000000000e+009	 -2.0819330000000001e+001	
  5.4706000000000000e+009	 -2.0820309999999999e+001	
  5.4712000000000000e+009	 -2.0849609999999998e+001	
  5.4718000000000000e+009	 -2.0884770000000000e+001	
  5.4724000000000000e+009	 -2.0851559999999999e+001	
  5.4730000000000000e+009	 -2.0862300000000001e+001	
  5.4736000000000000e+009	 -2.0842770000000002e+001	
  5.4742000000000000e+009	 -2.0796880000000002e+001	
  5.4748000000000000e+009	 -2.0812500000000000e+001	
  5.4754000000000000e+009	 -2.0836910000000000e+001	
  5.4760000000000000e+009	 -2.0887689999999999e+001	
  5.4766000000000000e+009	 -2.0866209999999999e+001	
  5.4772000000000000e+009	 -2.0875000000000000e+001	
  5.4778000000000000e+009	 -2.0880859999999998e+001	
  5.4784000000000000e+009	 -2.0851559999999999e+001	
  5.4790000000000000e+009	 -2.0874020000000002e+001	
  5.4796000000000000e+009	 -2.0858400000000000e+001	
  5.4802000000000000e+009	 -2.0882809999999999e+001	
  5.4808000000000000e+009	 -2.0869140000000002e+001	
  5.4814000000000000e+009	 -2.0885739999999998e+001	
  5.4820000000000000e+009	 -2.0834959999999999e+001	
  5.4826000000000000e+009	 -2.0896480000000000e+001	
  5.4832000000000000e+009	 -2.0908200000000001e+001	
  5.4838000000000000e+009	 -2.0906250000000000e+001	
  5.4844000000000000e+009	 -2.0891600000000000e+001	
  5.4850000000000000e+009	 -2.0898440000000001e+001	
  5.4856000000000000e+009	 -2.0907229999999998e+001	
  5.4862000000000000e+009	 -2.0909179999999999e+001	
  5.4868000000000000e+009	 -2.0895499999999998e+001	
  5.4874000000000000e+009	 -2.0876950000000001e+001	
  5.4880000000000000e+009	 -2.0896480000000000e+001	
  5.4886000000000000e+009	 -2.0886720000000000e+001	
  5.4892000000000000e+009	 -2.0893550000000001e+001	
  5.4898000000000000e+009	 -2.0892579999999999e+001	
  5.4904000000000000e+009	 -2.0916010000000000e+001	
  5.4910000000000000e+009	 -2.0872070000000001e+001	
  5.4916000000000000e+009	 -2.0872070000000001e+001	
  5.4922000000000000e+009	 -2.0879880000000000e+001	
  5.4928000000000000e+009	 -2.0847650000000002e+001	
  5.4934000000000000e+009	 -2.0877929999999999e+001	
  5.4940000000000000e+009	 -2.0832030000000000e+001	
  5.4946000000000000e+009	 -2.0905270000000002e+001	
  5.4952000000000000e+009	 -2.0893550000000001e+001	
  5.4958000000000000e+009	 -2.0857420000000001e+001	
  5.4964000000000000e+009	 -2.0820309999999999e+001	
  5.4970000000000000e+009	 -2.0779290000000000e+001	
  5.4976000000000000e+009	 -2.0774410000000000e+001	
  5.4982000000000000e+009	 -2.0704100000000000e+001	
  5.4988000000000000e+009	 -2.0750979999999998e+001	
  5.4994000000000000e+009	 -2.0654299999999999e+001	
  5.5000000000000000e+009	 -2.0750979999999998e+001	
