  3.4200000000000000e+009	 -4.2394530000000003e+001	
  3.4213000000000000e+009	 -4.2263669999999998e+001	
  3.4226000000000000e+009	 -4.2060549999999999e+001	
  3.4239000000000000e+009	 -4.1882809999999999e+001	
  3.4252000000000000e+009	 -4.1716790000000003e+001	
  3.4265000000000000e+009	 -4.1476559999999999e+001	
  3.4278000000000000e+009	 -4.1269530000000003e+001	
  3.4291000000000000e+009	 -4.1138669999999998e+001	
  3.4304000000000000e+009	 -4.0902340000000002e+001	
  3.4317000000000000e+009	 -4.0685549999999999e+001	
  3.4330000000000000e+009	 -4.0480469999999997e+001	
  3.4343000000000000e+009	 -4.0246099999999998e+001	
  3.4356000000000000e+009	 -4.0027340000000002e+001	
  3.4369000000000000e+009	 -3.9814450000000001e+001	
  3.4382000000000000e+009	 -3.9599609999999998e+001	
  3.4395000000000000e+009	 -3.9404299999999999e+001	
  3.4408000000000000e+009	 -3.9166010000000000e+001	
  3.4421000000000000e+009	 -3.8960929999999998e+001	
  3.4434000000000000e+009	 -3.8787109999999998e+001	
  3.4447000000000000e+009	 -3.8644530000000003e+001	
  3.4460000000000000e+009	 -3.8421869999999998e+001	
  3.4473000000000000e+009	 -3.8251950000000001e+001	
  3.4486000000000000e+009	 -3.8050780000000003e+001	
  3.4499000000000000e+009	 -3.7820309999999999e+001	
  3.4512000000000000e+009	 -3.7669919999999998e+001	
  3.4525000000000000e+009	 -3.7404290000000003e+001	
  3.4538000000000000e+009	 -3.7109380000000002e+001	
  3.4551000000000000e+009	 -3.6919919999999998e+001	
  3.4564000000000000e+009	 -3.6669919999999998e+001	
  3.4577000000000000e+009	 -3.6464840000000002e+001	
  3.4590000000000000e+009	 -3.6273440000000001e+001	
  3.4603000000000000e+009	 -3.6115229999999997e+001	
  3.4616000000000000e+009	 -3.5896479999999997e+001	
  3.4629000000000000e+009	 -3.5703130000000002e+001	
  3.4642000000000000e+009	 -3.5564450000000001e+001	
  3.4655000000000000e+009	 -3.5367179999999998e+001	
  3.4668000000000000e+009	 -3.5175780000000003e+001	
  3.4681000000000000e+009	 -3.5003909999999998e+001	
  3.4694000000000000e+009	 -3.4802729999999997e+001	
  3.4707000000000000e+009	 -3.4601559999999999e+001	
  3.4720000000000000e+009	 -3.4404299999999999e+001	
  3.4733000000000000e+009	 -3.4228520000000003e+001	
  3.4746000000000000e+009	 -3.4072270000000003e+001	
  3.4759000000000000e+009	 -3.3900390000000002e+001	
  3.4772000000000000e+009	 -3.3708979999999997e+001	
  3.4785000000000000e+009	 -3.3554690000000001e+001	
  3.4798000000000000e+009	 -3.3414059999999999e+001	
  3.4811000000000000e+009	 -3.3265619999999998e+001	
  3.4824000000000000e+009	 -3.3154299999999999e+001	
  3.4837000000000000e+009	 -3.2925780000000003e+001	
  3.4850000000000000e+009	 -3.2789059999999999e+001	
  3.4863000000000000e+009	 -3.2687500000000000e+001	
  3.4876000000000000e+009	 -3.2583979999999997e+001	
  3.4889000000000000e+009	 -3.2439450000000001e+001	
  3.4902000000000000e+009	 -3.2289059999999999e+001	
  3.4915000000000000e+009	 -3.2068359999999998e+001	
  3.4928000000000000e+009	 -3.1875000000000000e+001	
  3.4941000000000000e+009	 -3.1703119999999998e+001	
  3.4954000000000000e+009	 -3.1554680000000001e+001	
  3.4967000000000000e+009	 -3.1285150000000002e+001	
  3.4980000000000000e+009	 -3.1057620000000000e+001	
  3.4993000000000000e+009	 -3.0820309999999999e+001	
  3.5006000000000000e+009	 -3.0524410000000000e+001	
  3.5019000000000000e+009	 -3.0236329999999999e+001	
  3.5032000000000000e+009	 -2.9940429999999999e+001	
  3.5045000000000000e+009	 -2.9622070000000001e+001	
  3.5058000000000000e+009	 -2.9310549999999999e+001	
  3.5071000000000000e+009	 -2.8933589999999999e+001	
  3.5084000000000000e+009	 -2.8648430000000001e+001	
  3.5097000000000000e+009	 -2.8226559999999999e+001	
  3.5110000000000000e+009	 -2.7867180000000001e+001	
  3.5123000000000000e+009	 -2.7470700000000001e+001	
  3.5136000000000000e+009	 -2.6955079999999999e+001	
  3.5149000000000000e+009	 -2.6705069999999999e+001	
  3.5162000000000000e+009	 -2.6265619999999998e+001	
  3.5175000000000000e+009	 -2.5788080000000001e+001	
  3.5188000000000000e+009	 -2.5349609999999998e+001	
  3.5201000000000000e+009	 -2.4970700000000001e+001	
  3.5214000000000000e+009	 -2.4481439999999999e+001	
  3.5227000000000000e+009	 -2.4021480000000000e+001	
  3.5240000000000000e+009	 -2.3579100000000000e+001	
  3.5253000000000000e+009	 -2.3145510000000002e+001	
  3.5266000000000000e+009	 -2.2696290000000001e+001	
  3.5279000000000000e+009	 -2.2257809999999999e+001	
  3.5292000000000000e+009	 -2.1829100000000000e+001	
  3.5305000000000000e+009	 -2.1365230000000000e+001	
  3.5318000000000000e+009	 -2.0894530000000000e+001	
  3.5331000000000000e+009	 -2.0463870000000000e+001	
  3.5344000000000000e+009	 -2.0049810000000001e+001	
  3.5357000000000000e+009	 -1.9595700000000001e+001	
  3.5370000000000000e+009	 -1.9133790000000001e+001	
  3.5383000000000000e+009	 -1.8723630000000000e+001	
  3.5396000000000000e+009	 -1.8239260000000002e+001	
  3.5409000000000000e+009	 -1.7744140000000002e+001	
  3.5422000000000000e+009	 -1.7290040000000001e+001	
  3.5435000000000000e+009	 -1.6746089999999999e+001	
  3.5448000000000000e+009	 -1.6201170000000001e+001	
  3.5461000000000000e+009	 -1.5595210000000000e+001	
  3.5474000000000000e+009	 -1.4920410000000000e+001	
  3.5487000000000000e+009	 -1.4242680000000000e+001	
  3.5500000000000000e+009	 -1.3523440000000001e+001	
  3.5513000000000000e+009	 -1.2714840000000001e+001	
  3.5526000000000000e+009	 -1.1883300000000000e+001	
  3.5539000000000000e+009	 -1.1046880000000000e+001	
  3.5552000000000000e+009	 -1.0267580000000001e+001	
  3.5565000000000000e+009	 -9.8647460000000002e+000	
  3.5578000000000000e+009	 -1.0099610000000000e+001	
  3.5591000000000000e+009	 -1.1207030000000000e+001	
  3.5604000000000000e+009	 -1.3208500000000001e+001	
  3.5617000000000000e+009	 -1.5650390000000000e+001	
  3.5630000000000000e+009	 -1.7719729999999998e+001	
  3.5643000000000000e+009	 -1.8293939999999999e+001	
  3.5656000000000000e+009	 -1.7415040000000001e+001	
  3.5669000000000000e+009	 -1.5642090000000000e+001	
  3.5682000000000000e+009	 -1.3195800000000000e+001	
  3.5695000000000000e+009	 -1.1239260000000000e+001	
  3.5708000000000000e+009	 -1.0158200000000001e+001	
  3.5721000000000000e+009	 -9.8608399999999996e+000	
  3.5734000000000000e+009	 -1.0104490000000000e+001	
  3.5747000000000000e+009	 -1.0619630000000001e+001	
  3.5760000000000000e+009	 -1.1195309999999999e+001	
  3.5773000000000000e+009	 -1.1776370000000000e+001	
  3.5786000000000000e+009	 -1.2302250000000001e+001	
  3.5799000000000000e+009	 -1.2793460000000000e+001	
  3.5812000000000000e+009	 -1.3199220000000000e+001	
  3.5825000000000000e+009	 -1.3600099999999999e+001	
  3.5838000000000000e+009	 -1.3931640000000000e+001	
  3.5851000000000000e+009	 -1.4220700000000001e+001	
  3.5864000000000000e+009	 -1.4487299999999999e+001	
  3.5877000000000000e+009	 -1.4728030000000000e+001	
  3.5890000000000000e+009	 -1.4966310000000000e+001	
  3.5903000000000000e+009	 -1.5180660000000000e+001	
  3.5916000000000000e+009	 -1.5453609999999999e+001	
  3.5929000000000000e+009	 -1.5587890000000000e+001	
  3.5942000000000000e+009	 -1.5837890000000000e+001	
  3.5955000000000000e+009	 -1.6035160000000001e+001	
  3.5968000000000000e+009	 -1.6291989999999998e+001	
  3.5981000000000000e+009	 -1.6539059999999999e+001	
  3.5994000000000000e+009	 -1.6779299999999999e+001	
  3.6007000000000000e+009	 -1.7031250000000000e+001	
  3.6020000000000000e+009	 -1.7284179999999999e+001	
  3.6033000000000000e+009	 -1.7533200000000001e+001	
  3.6046000000000000e+009	 -1.7789059999999999e+001	
  3.6059000000000000e+009	 -1.8107420000000001e+001	
  3.6072000000000000e+009	 -1.8375000000000000e+001	
  3.6085000000000000e+009	 -1.8665040000000001e+001	
  3.6098000000000000e+009	 -1.8875979999999998e+001	
  3.6111000000000000e+009	 -1.9106449999999999e+001	
  3.6124000000000000e+009	 -1.9371089999999999e+001	
  3.6137000000000000e+009	 -1.9653320000000001e+001	
  3.6150000000000000e+009	 -1.9807620000000000e+001	
  3.6163000000000000e+009	 -1.9997070000000001e+001	
  3.6176000000000000e+009	 -2.0226559999999999e+001	
  3.6189000000000000e+009	 -2.0280270000000002e+001	
  3.6202000000000000e+009	 -2.0498049999999999e+001	
  3.6215000000000000e+009	 -2.0624020000000002e+001	
  3.6228000000000000e+009	 -2.0801760000000002e+001	
  3.6241000000000000e+009	 -2.0935540000000000e+001	
  3.6254000000000000e+009	 -2.0999020000000002e+001	
  3.6267000000000000e+009	 -2.1117190000000001e+001	
  3.6280000000000000e+009	 -2.1172850000000000e+001	
  3.6293000000000000e+009	 -2.1263670000000001e+001	
  3.6306000000000000e+009	 -2.1333990000000000e+001	
  3.6319000000000000e+009	 -2.1383790000000001e+001	
  3.6332000000000000e+009	 -2.1389650000000000e+001	
  3.6345000000000000e+009	 -2.1400390000000002e+001	
  3.6358000000000000e+009	 -2.1428709999999999e+001	
  3.6371000000000000e+009	 -2.1421880000000002e+001	
  3.6384000000000000e+009	 -2.1489260000000002e+001	
  3.6397000000000000e+009	 -2.1482420000000001e+001	
  3.6410000000000000e+009	 -2.1527339999999999e+001	
  3.6423000000000000e+009	 -2.1384760000000000e+001	
  3.6436000000000000e+009	 -2.1395510000000002e+001	
  3.6449000000000000e+009	 -2.1351559999999999e+001	
  3.6462000000000000e+009	 -2.1347660000000001e+001	
  3.6475000000000000e+009	 -2.1274410000000000e+001	
  3.6488000000000000e+009	 -2.1166989999999998e+001	
  3.6501000000000000e+009	 -2.1106439999999999e+001	
  3.6514000000000000e+009	 -2.0982420000000001e+001	
  3.6527000000000000e+009	 -2.0948239999999998e+001	
  3.6540000000000000e+009	 -2.0880859999999998e+001	
  3.6553000000000000e+009	 -2.0728520000000000e+001	
  3.6566000000000000e+009	 -2.0664059999999999e+001	
  3.6579000000000000e+009	 -2.0518560000000001e+001	
  3.6592000000000000e+009	 -2.0448239999999998e+001	
  3.6605000000000000e+009	 -2.0335940000000001e+001	
  3.6618000000000000e+009	 -2.0250969999999999e+001	
  3.6631000000000000e+009	 -2.0141600000000000e+001	
  3.6644000000000000e+009	 -2.0031250000000000e+001	
  3.6657000000000000e+009	 -1.9948239999999998e+001	
  3.6670000000000000e+009	 -1.9891600000000000e+001	
  3.6683000000000000e+009	 -1.9866209999999999e+001	
  3.6696000000000000e+009	 -1.9806640000000002e+001	
  3.6709000000000000e+009	 -1.9754880000000000e+001	
  3.6722000000000000e+009	 -1.9764650000000000e+001	
  3.6735000000000000e+009	 -1.9775390000000002e+001	
  3.6748000000000000e+009	 -1.9774410000000000e+001	
  3.6761000000000000e+009	 -1.9851559999999999e+001	
  3.6774000000000000e+009	 -1.9833980000000000e+001	
  3.6787000000000000e+009	 -1.9826170000000001e+001	
  3.6800000000000000e+009	 -1.9984369999999998e+001	
  3.6813000000000000e+009	 -2.0047850000000000e+001	
  3.6826000000000000e+009	 -2.0100580000000001e+001	
  3.6839000000000000e+009	 -2.0144530000000000e+001	
  3.6852000000000000e+009	 -2.0209959999999999e+001	
  3.6865000000000000e+009	 -2.0290040000000001e+001	
  3.6878000000000000e+009	 -2.0353510000000000e+001	
  3.6891000000000000e+009	 -2.0382809999999999e+001	
  3.6904000000000000e+009	 -2.0403320000000001e+001	
  3.6917000000000000e+009	 -2.0425780000000000e+001	
  3.6930000000000000e+009	 -2.0419920000000001e+001	
  3.6943000000000000e+009	 -2.0420900000000000e+001	
  3.6956000000000000e+009	 -2.0375979999999998e+001	
  3.6969000000000000e+009	 -2.0357420000000001e+001	
  3.6982000000000000e+009	 -2.0315429999999999e+001	
  3.6995000000000000e+009	 -2.0263670000000001e+001	
  3.7008000000000000e+009	 -2.0169920000000001e+001	
  3.7021000000000000e+009	 -2.0110350000000000e+001	
  3.7034000000000000e+009	 -2.0010739999999998e+001	
  3.7047000000000000e+009	 -1.9878900000000002e+001	
  3.7060000000000000e+009	 -1.9750979999999998e+001	
  3.7073000000000000e+009	 -1.9663090000000000e+001	
  3.7086000000000000e+009	 -1.9508790000000001e+001	
  3.7099000000000000e+009	 -1.9254880000000000e+001	
  3.7112000000000000e+009	 -1.9184570000000001e+001	
  3.7125000000000000e+009	 -1.8992190000000001e+001	
  3.7138000000000000e+009	 -1.8835940000000001e+001	
  3.7151000000000000e+009	 -1.8578119999999998e+001	
  3.7164000000000000e+009	 -1.8416989999999998e+001	
  3.7177000000000000e+009	 -1.8225580000000001e+001	
  3.7190000000000000e+009	 -1.8013670000000001e+001	
  3.7203000000000000e+009	 -1.7906250000000000e+001	
  3.7216000000000000e+009	 -1.7732420000000001e+001	
  3.7229000000000000e+009	 -1.7588870000000000e+001	
  3.7242000000000000e+009	 -1.7426760000000002e+001	
  3.7255000000000000e+009	 -1.7256830000000001e+001	
  3.7268000000000000e+009	 -1.7086910000000000e+001	
  3.7281000000000000e+009	 -1.6894530000000000e+001	
  3.7294000000000000e+009	 -1.6732420000000001e+001	
  3.7307000000000000e+009	 -1.6549800000000001e+001	
  3.7320000000000000e+009	 -1.6381840000000000e+001	
  3.7333000000000000e+009	 -1.6187500000000000e+001	
  3.7346000000000000e+009	 -1.6038080000000001e+001	
  3.7359000000000000e+009	 -1.5812989999999999e+001	
  3.7372000000000000e+009	 -1.5661130000000000e+001	
  3.7385000000000000e+009	 -1.5550290000000000e+001	
  3.7398000000000000e+009	 -1.5474119999999999e+001	
  3.7411000000000000e+009	 -1.5366210000000001e+001	
  3.7424000000000000e+009	 -1.5280270000000000e+001	
  3.7437000000000000e+009	 -1.5268070000000000e+001	
  3.7450000000000000e+009	 -1.5220700000000001e+001	
  3.7463000000000000e+009	 -1.5297359999999999e+001	
  3.7476000000000000e+009	 -1.5319340000000000e+001	
  3.7489000000000000e+009	 -1.5348630000000000e+001	
  3.7502000000000000e+009	 -1.5395510000000000e+001	
  3.7515000000000000e+009	 -1.5480960000000000e+001	
  3.7528000000000000e+009	 -1.5556150000000001e+001	
  3.7541000000000000e+009	 -1.5628420000000000e+001	
  3.7554000000000000e+009	 -1.5683590000000001e+001	
  3.7567000000000000e+009	 -1.5794919999999999e+001	
  3.7580000000000000e+009	 -1.5800780000000000e+001	
  3.7593000000000000e+009	 -1.5953609999999999e+001	
  3.7606000000000000e+009	 -1.5977539999999999e+001	
  3.7619000000000000e+009	 -1.6024410000000000e+001	
  3.7632000000000000e+009	 -1.6072260000000000e+001	
  3.7645000000000000e+009	 -1.6088870000000000e+001	
  3.7658000000000000e+009	 -1.6084959999999999e+001	
  3.7671000000000000e+009	 -1.6137699999999999e+001	
  3.7684000000000000e+009	 -1.6106439999999999e+001	
  3.7697000000000000e+009	 -1.6038080000000001e+001	
  3.7710000000000000e+009	 -1.6070309999999999e+001	
  3.7723000000000000e+009	 -1.6021480000000000e+001	
  3.7736000000000000e+009	 -1.5920410000000000e+001	
  3.7749000000000000e+009	 -1.5905760000000001e+001	
  3.7762000000000000e+009	 -1.5820800000000000e+001	
  3.7775000000000000e+009	 -1.5730960000000000e+001	
  3.7788000000000000e+009	 -1.5652340000000001e+001	
  3.7801000000000000e+009	 -1.5556150000000001e+001	
  3.7814000000000000e+009	 -1.5453130000000000e+001	
  3.7827000000000000e+009	 -1.5339359999999999e+001	
  3.7840000000000000e+009	 -1.5237790000000000e+001	
  3.7853000000000000e+009	 -1.5137210000000000e+001	
  3.7866000000000000e+009	 -1.5054690000000001e+001	
  3.7879000000000000e+009	 -1.4942869999999999e+001	
  3.7892000000000000e+009	 -1.4924320000000000e+001	
  3.7905000000000000e+009	 -1.4787110000000000e+001	
  3.7918000000000000e+009	 -1.4755369999999999e+001	
  3.7931000000000000e+009	 -1.4678710000000001e+001	
  3.7944000000000000e+009	 -1.4661619999999999e+001	
  3.7957000000000000e+009	 -1.4674320000000000e+001	
  3.7970000000000000e+009	 -1.4647950000000000e+001	
  3.7983000000000000e+009	 -1.4647950000000000e+001	
  3.7996000000000000e+009	 -1.4703609999999999e+001	
  3.8009000000000000e+009	 -1.4810549999999999e+001	
  3.8022000000000000e+009	 -1.4855470000000000e+001	
  3.8035000000000000e+009	 -1.4921390000000001e+001	
  3.8048000000000000e+009	 -1.5031739999999999e+001	
  3.8061000000000000e+009	 -1.5166990000000000e+001	
  3.8074000000000000e+009	 -1.5259280000000000e+001	
  3.8087000000000000e+009	 -1.5382809999999999e+001	
  3.8100000000000000e+009	 -1.5521000000000001e+001	
  3.8113000000000000e+009	 -1.5665039999999999e+001	
  3.8126000000000000e+009	 -1.5764650000000000e+001	
  3.8139000000000000e+009	 -1.5918950000000001e+001	
  3.8152000000000000e+009	 -1.6036130000000000e+001	
  3.8165000000000000e+009	 -1.6124020000000002e+001	
  3.8178000000000000e+009	 -1.6268550000000001e+001	
  3.8191000000000000e+009	 -1.6396480000000000e+001	
  3.8204000000000000e+009	 -1.6473630000000000e+001	
  3.8217000000000000e+009	 -1.6548829999999999e+001	
  3.8230000000000000e+009	 -1.6691410000000001e+001	
  3.8243000000000000e+009	 -1.6660160000000001e+001	
  3.8256000000000000e+009	 -1.6792970000000000e+001	
  3.8269000000000000e+009	 -1.6847660000000001e+001	
  3.8282000000000000e+009	 -1.6861329999999999e+001	
  3.8295000000000000e+009	 -1.6887689999999999e+001	
  3.8308000000000000e+009	 -1.6935549999999999e+001	
  3.8321000000000000e+009	 -1.6908200000000001e+001	
  3.8334000000000000e+009	 -1.6948239999999998e+001	
  3.8347000000000000e+009	 -1.6941400000000002e+001	
  3.8360000000000000e+009	 -1.6914059999999999e+001	
  3.8373000000000000e+009	 -1.6903320000000001e+001	
  3.8386000000000000e+009	 -1.6871089999999999e+001	
  3.8399000000000000e+009	 -1.6834959999999999e+001	
  3.8412000000000000e+009	 -1.6799800000000001e+001	
  3.8425000000000000e+009	 -1.6742190000000001e+001	
  3.8438000000000000e+009	 -1.6719729999999998e+001	
  3.8451000000000000e+009	 -1.6671869999999998e+001	
  3.8464000000000000e+009	 -1.6618160000000000e+001	
  3.8477000000000000e+009	 -1.6530270000000002e+001	
  3.8490000000000000e+009	 -1.6519530000000000e+001	
  3.8503000000000000e+009	 -1.6407229999999998e+001	
  3.8516000000000000e+009	 -1.6342770000000002e+001	
  3.8529000000000000e+009	 -1.6227540000000001e+001	
  3.8542000000000000e+009	 -1.6109369999999998e+001	
  3.8555000000000000e+009	 -1.6051760000000002e+001	
  3.8568000000000000e+009	 -1.5984380000000000e+001	
  3.8581000000000000e+009	 -1.5856930000000000e+001	
  3.8594000000000000e+009	 -1.5770020000000001e+001	
  3.8607000000000000e+009	 -1.5683109999999999e+001	
  3.8620000000000000e+009	 -1.5614750000000001e+001	
  3.8633000000000000e+009	 -1.5567869999999999e+001	
  3.8646000000000000e+009	 -1.5410640000000001e+001	
  3.8659000000000000e+009	 -1.5391600000000000e+001	
  3.8672000000000000e+009	 -1.5340330000000000e+001	
  3.8685000000000000e+009	 -1.5309570000000001e+001	
  3.8698000000000000e+009	 -1.5287110000000000e+001	
  3.8711000000000000e+009	 -1.5294430000000000e+001	
  3.8724000000000000e+009	 -1.5325680000000000e+001	
  3.8737000000000000e+009	 -1.5342290000000000e+001	
  3.8750000000000000e+009	 -1.5363770000000001e+001	
  3.8763000000000000e+009	 -1.5440429999999999e+001	
  3.8776000000000000e+009	 -1.5494140000000000e+001	
  3.8789000000000000e+009	 -1.5633789999999999e+001	
  3.8802000000000000e+009	 -1.5777340000000001e+001	
  3.8815000000000000e+009	 -1.5873049999999999e+001	
  3.8828000000000000e+009	 -1.6032229999999998e+001	
  3.8841000000000000e+009	 -1.6198239999999998e+001	
  3.8854000000000000e+009	 -1.6344729999999998e+001	
  3.8867000000000000e+009	 -1.6498049999999999e+001	
  3.8880000000000000e+009	 -1.6666010000000000e+001	
  3.8893000000000000e+009	 -1.6864260000000002e+001	
  3.8906000000000000e+009	 -1.7064450000000001e+001	
  3.8919000000000000e+009	 -1.7207030000000000e+001	
  3.8932000000000000e+009	 -1.7374020000000002e+001	
  3.8945000000000000e+009	 -1.7532219999999999e+001	
  3.8958000000000000e+009	 -1.7687500000000000e+001	
  3.8971000000000000e+009	 -1.7808589999999999e+001	
  3.8984000000000000e+009	 -1.7952150000000000e+001	
  3.8997000000000000e+009	 -1.8082030000000000e+001	
  3.9010000000000000e+009	 -1.8155270000000002e+001	
  3.9023000000000000e+009	 -1.8321290000000001e+001	
  3.9036000000000000e+009	 -1.8340820000000001e+001	
  3.9049000000000000e+009	 -1.8419920000000001e+001	
  3.9062000000000000e+009	 -1.8493160000000000e+001	
  3.9075000000000000e+009	 -1.8601559999999999e+001	
  3.9088000000000000e+009	 -1.8577150000000000e+001	
  3.9101000000000000e+009	 -1.8645510000000002e+001	
  3.9114000000000000e+009	 -1.8651370000000000e+001	
  3.9127000000000000e+009	 -1.8771480000000000e+001	
  3.9140000000000000e+009	 -1.8732420000000001e+001	
  3.9153000000000000e+009	 -1.8804690000000001e+001	
  3.9166000000000000e+009	 -1.8838870000000000e+001	
  3.9179000000000000e+009	 -1.8853510000000000e+001	
  3.9192000000000000e+009	 -1.8864260000000002e+001	
  3.9205000000000000e+009	 -1.8907229999999998e+001	
  3.9218000000000000e+009	 -1.8952150000000000e+001	
  3.9231000000000000e+009	 -1.8954100000000000e+001	
  3.9244000000000000e+009	 -1.8943359999999998e+001	
  3.9257000000000000e+009	 -1.8945309999999999e+001	
  3.9270000000000000e+009	 -1.8924800000000001e+001	
  3.9283000000000000e+009	 -1.8930660000000000e+001	
  3.9296000000000000e+009	 -1.8916020000000000e+001	
  3.9309000000000000e+009	 -1.8880859999999998e+001	
  3.9322000000000000e+009	 -1.8844729999999998e+001	
  3.9335000000000000e+009	 -1.8809570000000001e+001	
  3.9348000000000000e+009	 -1.8784179999999999e+001	
  3.9361000000000000e+009	 -1.8732420000000001e+001	
  3.9374000000000000e+009	 -1.8706050000000001e+001	
  3.9387000000000000e+009	 -1.8671880000000002e+001	
  3.9400000000000000e+009	 -1.8583010000000002e+001	
  3.9413000000000000e+009	 -1.8572260000000000e+001	
  3.9426000000000000e+009	 -1.8542970000000000e+001	
  3.9439000000000000e+009	 -1.8578119999999998e+001	
  3.9452000000000000e+009	 -1.8542970000000000e+001	
  3.9465000000000000e+009	 -1.8544920000000001e+001	
  3.9478000000000000e+009	 -1.8567380000000000e+001	
  3.9491000000000000e+009	 -1.8627929999999999e+001	
  3.9504000000000000e+009	 -1.8727540000000001e+001	
  3.9517000000000000e+009	 -1.8825189999999999e+001	
  3.9530000000000000e+009	 -1.8941400000000002e+001	
  3.9543000000000000e+009	 -1.9086910000000000e+001	
  3.9556000000000000e+009	 -1.9206050000000001e+001	
  3.9569000000000000e+009	 -1.9343750000000000e+001	
  3.9582000000000000e+009	 -1.9539059999999999e+001	
  3.9595000000000000e+009	 -1.9700189999999999e+001	
  3.9608000000000000e+009	 -1.9864260000000002e+001	
  3.9621000000000000e+009	 -2.0050780000000000e+001	
  3.9634000000000000e+009	 -2.0226559999999999e+001	
  3.9647000000000000e+009	 -2.0444340000000000e+001	
  3.9660000000000000e+009	 -2.0561520000000002e+001	
  3.9673000000000000e+009	 -2.0745120000000000e+001	
  3.9686000000000000e+009	 -2.0871089999999999e+001	
  3.9699000000000000e+009	 -2.1003900000000002e+001	
  3.9712000000000000e+009	 -2.1102540000000001e+001	
  3.9725000000000000e+009	 -2.1204100000000000e+001	
  3.9738000000000000e+009	 -2.1309570000000001e+001	
  3.9751000000000000e+009	 -2.1394530000000000e+001	
  3.9764000000000000e+009	 -2.1402339999999999e+001	
  3.9777000000000000e+009	 -2.1417970000000000e+001	
  3.9790000000000000e+009	 -2.1401370000000000e+001	
  3.9803000000000000e+009	 -2.1412109999999998e+001	
  3.9816000000000000e+009	 -2.1333990000000000e+001	
  3.9829000000000000e+009	 -2.1250000000000000e+001	
  3.9842000000000000e+009	 -2.1157229999999998e+001	
  3.9855000000000000e+009	 -2.1107420000000001e+001	
  3.9868000000000000e+009	 -2.0966799999999999e+001	
  3.9881000000000000e+009	 -2.0842770000000002e+001	
  3.9894000000000000e+009	 -2.0715820000000001e+001	
  3.9907000000000000e+009	 -2.0560549999999999e+001	
  3.9920000000000000e+009	 -2.0414059999999999e+001	
  3.9933000000000000e+009	 -2.0262689999999999e+001	
  3.9946000000000000e+009	 -2.0092770000000002e+001	
  3.9959000000000000e+009	 -1.9966799999999999e+001	
  3.9972000000000000e+009	 -1.9810549999999999e+001	
  3.9985000000000000e+009	 -1.9684570000000001e+001	
  3.9998000000000000e+009	 -1.9545900000000000e+001	
  4.0011000000000000e+009	 -1.9450189999999999e+001	
  4.0024000000000000e+009	 -1.9292970000000000e+001	
  4.0037000000000000e+009	 -1.9199220000000000e+001	
  4.0050000000000000e+009	 -1.9215820000000001e+001	
  4.0063000000000000e+009	 -1.9163080000000001e+001	
  4.0076000000000000e+009	 -1.9073239999999998e+001	
  4.0089000000000000e+009	 -1.9113280000000000e+001	
  4.0102000000000000e+009	 -1.9271480000000000e+001	
  4.0115000000000000e+009	 -1.9117190000000001e+001	
  4.0128000000000000e+009	 -1.9218750000000000e+001	
  4.0141000000000000e+009	 -1.9271480000000000e+001	
  4.0154000000000000e+009	 -1.9335940000000001e+001	
  4.0167000000000000e+009	 -1.9377929999999999e+001	
  4.0180000000000000e+009	 -1.9490230000000000e+001	
  4.0193000000000000e+009	 -1.9612300000000001e+001	
  4.0206000000000000e+009	 -1.9707030000000000e+001	
  4.0219000000000000e+009	 -1.9815429999999999e+001	
  4.0232000000000000e+009	 -1.9942380000000000e+001	
  4.0245000000000000e+009	 -2.0039059999999999e+001	
  4.0258000000000000e+009	 -2.0143550000000001e+001	
  4.0271000000000000e+009	 -2.0221679999999999e+001	
  4.0284000000000000e+009	 -2.0276370000000000e+001	
  4.0297000000000000e+009	 -2.0408200000000001e+001	
  4.0310000000000000e+009	 -2.0483400000000000e+001	
  4.0323000000000000e+009	 -2.0488280000000000e+001	
  4.0336000000000000e+009	 -2.0504880000000000e+001	
  4.0349000000000000e+009	 -2.0566410000000001e+001	
  4.0362000000000000e+009	 -2.0564450000000001e+001	
  4.0375000000000000e+009	 -2.0562500000000000e+001	
  4.0388000000000000e+009	 -2.0586919999999999e+001	
  4.0401000000000000e+009	 -2.0560549999999999e+001	
  4.0414000000000000e+009	 -2.0540040000000001e+001	
  4.0427000000000000e+009	 -2.0450199999999999e+001	
  4.0440000000000000e+009	 -2.0385739999999998e+001	
  4.0453000000000000e+009	 -2.0258790000000001e+001	
  4.0466000000000000e+009	 -2.0136720000000000e+001	
  4.0479000000000000e+009	 -2.0051760000000002e+001	
  4.0492000000000000e+009	 -1.9954100000000000e+001	
  4.0505000000000000e+009	 -1.9823239999999998e+001	
  4.0518000000000000e+009	 -1.9673829999999999e+001	
  4.0531000000000000e+009	 -1.9518550000000001e+001	
  4.0544000000000000e+009	 -1.9377929999999999e+001	
  4.0557000000000000e+009	 -1.9258790000000001e+001	
  4.0570000000000000e+009	 -1.9077150000000000e+001	
  4.0583000000000000e+009	 -1.8943359999999998e+001	
  4.0596000000000000e+009	 -1.8802730000000000e+001	
  4.0609000000000000e+009	 -1.8666989999999998e+001	
  4.0622000000000000e+009	 -1.8550780000000000e+001	
  4.0635000000000000e+009	 -1.8412109999999998e+001	
  4.0648000000000000e+009	 -1.8275390000000002e+001	
  4.0661000000000000e+009	 -1.8198239999999998e+001	
  4.0674000000000000e+009	 -1.8137689999999999e+001	
  4.0687000000000000e+009	 -1.8020510000000002e+001	
  4.0700000000000000e+009	 -1.7956050000000001e+001	
  4.0713000000000000e+009	 -1.7872070000000001e+001	
  4.0726000000000000e+009	 -1.7846679999999999e+001	
  4.0739000000000000e+009	 -1.7809570000000001e+001	
  4.0752000000000000e+009	 -1.7818359999999998e+001	
  4.0765000000000000e+009	 -1.7719729999999998e+001	
  4.0778000000000000e+009	 -1.7679690000000001e+001	
  4.0791000000000000e+009	 -1.7642579999999999e+001	
  4.0804000000000000e+009	 -1.7628910000000001e+001	
  4.0817000000000000e+009	 -1.7560549999999999e+001	
  4.0830000000000000e+009	 -1.7556640000000002e+001	
  4.0843000000000000e+009	 -1.7499020000000002e+001	
  4.0856000000000000e+009	 -1.7455079999999999e+001	
  4.0869000000000000e+009	 -1.7378900000000002e+001	
  4.0882000000000000e+009	 -1.7328119999999998e+001	
  4.0895000000000000e+009	 -1.7256830000000001e+001	
  4.0908000000000000e+009	 -1.7196290000000001e+001	
  4.0921000000000000e+009	 -1.7115230000000000e+001	
  4.0934000000000000e+009	 -1.7041020000000000e+001	
  4.0947000000000000e+009	 -1.6957030000000000e+001	
  4.0960000000000000e+009	 -1.6945309999999999e+001	
  4.0973000000000000e+009	 -1.6808589999999999e+001	
  4.0986000000000000e+009	 -1.6711910000000000e+001	
  4.0999000000000000e+009	 -1.6666010000000000e+001	
  4.1012000000000000e+009	 -1.6587890000000002e+001	
  4.1025000000000000e+009	 -1.6595700000000001e+001	
  4.1038000000000000e+009	 -1.6463870000000000e+001	
  4.1051000000000000e+009	 -1.6486329999999999e+001	
  4.1064000000000000e+009	 -1.6460940000000001e+001	
  4.1077000000000000e+009	 -1.6370120000000000e+001	
  4.1090000000000000e+009	 -1.6372070000000001e+001	
  4.1103000000000000e+009	 -1.6316400000000002e+001	
  4.1116000000000000e+009	 -1.6281250000000000e+001	
  4.1129000000000000e+009	 -1.6233400000000000e+001	
  4.1142000000000000e+009	 -1.6206050000000001e+001	
  4.1155000000000000e+009	 -1.6160150000000002e+001	
  4.1168000000000000e+009	 -1.6080079999999999e+001	
  4.1181000000000000e+009	 -1.6018550000000001e+001	
  4.1194000000000000e+009	 -1.5952150000000000e+001	
  4.1207000000000000e+009	 -1.5828130000000000e+001	
  4.1220000000000000e+009	 -1.5715330000000000e+001	
  4.1233000000000000e+009	 -1.5597659999999999e+001	
  4.1246000000000000e+009	 -1.5430180000000000e+001	
  4.1259000000000000e+009	 -1.5232419999999999e+001	
  4.1272000000000000e+009	 -1.5101559999999999e+001	
  4.1285000000000000e+009	 -1.4784670000000000e+001	
  4.1298000000000000e+009	 -1.4595210000000000e+001	
  4.1311000000000000e+009	 -1.4443849999999999e+001	
  4.1324000000000000e+009	 -1.4186040000000000e+001	
  4.1337000000000000e+009	 -1.3881840000000000e+001	
  4.1350000000000000e+009	 -1.3521000000000001e+001	
  4.1363000000000000e+009	 -1.3288570000000000e+001	
  4.1376000000000000e+009	 -1.3058590000000001e+001	
  4.1389000000000000e+009	 -1.2764650000000000e+001	
  4.1402000000000000e+009	 -1.2474119999999999e+001	
  4.1415000000000000e+009	 -1.2180180000000000e+001	
  4.1428000000000000e+009	 -1.1910159999999999e+001	
  4.1441000000000000e+009	 -1.1679200000000000e+001	
  4.1454000000000000e+009	 -1.1427730000000000e+001	
  4.1467000000000000e+009	 -1.1242680000000000e+001	
  4.1480000000000000e+009	 -1.1042479999999999e+001	
  4.1493000000000000e+009	 -1.0887700000000001e+001	
  4.1506000000000000e+009	 -1.0728520000000000e+001	
  4.1519000000000000e+009	 -1.0623049999999999e+001	
  4.1532000000000000e+009	 -1.0476559999999999e+001	
  4.1545000000000000e+009	 -1.0409179999999999e+001	
  4.1558000000000000e+009	 -1.0377440000000000e+001	
  4.1571000000000000e+009	 -1.0255369999999999e+001	
  4.1584000000000000e+009	 -1.0279790000000000e+001	
  4.1597000000000000e+009	 -1.0140630000000000e+001	
  4.1610000000000000e+009	 -1.0075200000000001e+001	
  4.1623000000000000e+009	 -1.0041499999999999e+001	
  4.1636000000000000e+009	 -9.9775390000000002e+000	
  4.1649000000000000e+009	 -9.8823240000000006e+000	
  4.1662000000000000e+009	 -9.7763670000000005e+000	
  4.1675000000000000e+009	 -9.7226560000000006e+000	
  4.1688000000000000e+009	 -9.6225590000000008e+000	
  4.1701000000000000e+009	 -9.5024409999999992e+000	
  4.1714000000000000e+009	 -9.3779299999999992e+000	
  4.1727000000000000e+009	 -9.2460939999999994e+000	
  4.1740000000000000e+009	 -9.0922850000000004e+000	
  4.1753000000000000e+009	 -8.9375000000000000e+000	
  4.1766000000000000e+009	 -8.7846679999999999e+000	
  4.1779000000000000e+009	 -8.6025390000000002e+000	
  4.1792000000000000e+009	 -8.4863280000000003e+000	
  4.1805000000000000e+009	 -8.3354490000000006e+000	
  4.1818000000000000e+009	 -8.1757810000000006e+000	
  4.1831000000000000e+009	 -8.0512700000000006e+000	
  4.1844000000000000e+009	 -7.9250489999999996e+000	
  4.1857000000000000e+009	 -7.8750000000000000e+000	
  4.1870000000000000e+009	 -7.7807620000000002e+000	
  4.1883000000000000e+009	 -7.7907710000000003e+000	
  4.1896000000000000e+009	 -7.7824710000000001e+000	
  4.1909000000000000e+009	 -7.7463379999999997e+000	
  4.1922000000000000e+009	 -7.8039550000000002e+000	
  4.1935000000000000e+009	 -7.8222659999999999e+000	
  4.1948000000000000e+009	 -7.8520510000000003e+000	
  4.1961000000000000e+009	 -7.9050289999999999e+000	
  4.1974000000000000e+009	 -8.0395509999999994e+000	
  4.1987000000000000e+009	 -8.1293950000000006e+000	
  4.2000000000000000e+009	 -8.1948240000000006e+000	
  4.2013000000000000e+009	 -8.2915039999999998e+000	
  4.2026000000000000e+009	 -8.4028320000000001e+000	
  4.2039000000000000e+009	 -8.5068359999999998e+000	
  4.2052000000000000e+009	 -8.6333009999999994e+000	
  4.2065000000000000e+009	 -8.6958009999999994e+000	
  4.2078000000000000e+009	 -8.7924799999999994e+000	
  4.2091000000000000e+009	 -8.8779299999999992e+000	
  4.2104000000000000e+009	 -9.0410160000000008e+000	
  4.2117000000000000e+009	 -9.1982420000000005e+000	
  4.2130000000000000e+009	 -9.3256840000000008e+000	
  4.2143000000000000e+009	 -9.4038090000000008e+000	
  4.2156000000000000e+009	 -9.4956049999999994e+000	
  4.2169000000000000e+009	 -9.6582030000000003e+000	
  4.2182000000000000e+009	 -9.8081049999999994e+000	
  4.2195000000000000e+009	 -9.9409179999999999e+000	
  4.2208000000000000e+009	 -1.0159670000000000e+001	
  4.2221000000000000e+009	 -1.0330570000000000e+001	
  4.2234000000000000e+009	 -1.0534670000000000e+001	
  4.2247000000000000e+009	 -1.0734859999999999e+001	
  4.2260000000000000e+009	 -1.0976070000000000e+001	
  4.2273000000000000e+009	 -1.1184570000000001e+001	
  4.2286000000000000e+009	 -1.1464359999999999e+001	
  4.2299000000000000e+009	 -1.1664059999999999e+001	
  4.2312000000000000e+009	 -1.1908690000000000e+001	
  4.2325000000000000e+009	 -1.2240720000000000e+001	
  4.2338000000000000e+009	 -1.2471679999999999e+001	
  4.2351000000000000e+009	 -1.2807130000000001e+001	
  4.2364000000000000e+009	 -1.3084470000000000e+001	
  4.2377000000000000e+009	 -1.3379390000000001e+001	
  4.2390000000000000e+009	 -1.3629390000000001e+001	
  4.2403000000000000e+009	 -1.3847170000000000e+001	
  4.2416000000000000e+009	 -1.4136229999999999e+001	
  4.2429000000000000e+009	 -1.4316890000000001e+001	
  4.2442000000000000e+009	 -1.4512210000000000e+001	
  4.2455000000000000e+009	 -1.4751950000000001e+001	
  4.2468000000000000e+009	 -1.4936520000000000e+001	
  4.2481000000000000e+009	 -1.5118160000000000e+001	
  4.2494000000000000e+009	 -1.5234380000000000e+001	
  4.2507000000000000e+009	 -1.5341799999999999e+001	
  4.2520000000000000e+009	 -1.5465330000000000e+001	
  4.2533000000000000e+009	 -1.5565920000000000e+001	
  4.2546000000000000e+009	 -1.5626950000000001e+001	
  4.2559000000000000e+009	 -1.5725590000000000e+001	
  4.2572000000000000e+009	 -1.5783200000000001e+001	
  4.2585000000000000e+009	 -1.5866700000000000e+001	
  4.2598000000000000e+009	 -1.5972659999999999e+001	
  4.2611000000000000e+009	 -1.6050780000000000e+001	
  4.2624000000000000e+009	 -1.6111329999999999e+001	
  4.2637000000000000e+009	 -1.6181640000000002e+001	
  4.2650000000000000e+009	 -1.6228510000000000e+001	
  4.2663000000000000e+009	 -1.6275390000000002e+001	
  4.2676000000000000e+009	 -1.6381840000000000e+001	
  4.2689000000000000e+009	 -1.6507809999999999e+001	
  4.2702000000000000e+009	 -1.6525390000000002e+001	
  4.2715000000000000e+009	 -1.6625979999999998e+001	
  4.2728000000000000e+009	 -1.6797850000000000e+001	
  4.2741000000000000e+009	 -1.6901370000000000e+001	
  4.2754000000000000e+009	 -1.6910150000000002e+001	
  4.2767000000000000e+009	 -1.7064450000000001e+001	
  4.2780000000000000e+009	 -1.7160160000000001e+001	
  4.2793000000000000e+009	 -1.7249020000000002e+001	
  4.2806000000000000e+009	 -1.7362300000000001e+001	
  4.2819000000000000e+009	 -1.7535150000000002e+001	
  4.2832000000000000e+009	 -1.7669920000000001e+001	
  4.2845000000000000e+009	 -1.8004880000000000e+001	
  4.2858000000000000e+009	 -1.8279290000000000e+001	
  4.2871000000000000e+009	 -1.8401370000000000e+001	
  4.2884000000000000e+009	 -1.8379880000000000e+001	
  4.2897000000000000e+009	 -1.8398440000000001e+001	
  4.2910000000000000e+009	 -1.8343750000000000e+001	
  4.2923000000000000e+009	 -1.8341799999999999e+001	
  4.2936000000000000e+009	 -1.8322270000000000e+001	
  4.2949000000000000e+009	 -1.8298829999999999e+001	
  4.2962000000000000e+009	 -1.8329100000000000e+001	
  4.2975000000000000e+009	 -1.8316400000000002e+001	
  4.2988000000000000e+009	 -1.8357420000000001e+001	
  4.3001000000000000e+009	 -1.8414059999999999e+001	
  4.3014000000000000e+009	 -1.8423829999999999e+001	
  4.3027000000000000e+009	 -1.8500000000000000e+001	
  4.3040000000000000e+009	 -1.8627929999999999e+001	
  4.3053000000000000e+009	 -1.8764650000000000e+001	
  4.3066000000000000e+009	 -1.8833010000000002e+001	
  4.3079000000000000e+009	 -1.9077150000000000e+001	
  4.3092000000000000e+009	 -1.9179690000000001e+001	
  4.3105000000000000e+009	 -1.9316410000000001e+001	
  4.3118000000000000e+009	 -1.9581050000000001e+001	
  4.3131000000000000e+009	 -1.9793939999999999e+001	
  4.3144000000000000e+009	 -2.0025390000000002e+001	
  4.3157000000000000e+009	 -2.0254880000000000e+001	
  4.3170000000000000e+009	 -2.0497070000000001e+001	
  4.3183000000000000e+009	 -2.0703130000000002e+001	
  4.3196000000000000e+009	 -2.0911130000000000e+001	
  4.3209000000000000e+009	 -2.1111329999999999e+001	
  4.3222000000000000e+009	 -2.1319340000000000e+001	
  4.3235000000000000e+009	 -2.1482420000000001e+001	
  4.3248000000000000e+009	 -2.1636720000000000e+001	
  4.3261000000000000e+009	 -2.1736329999999999e+001	
  4.3274000000000000e+009	 -2.1888670000000001e+001	
  4.3287000000000000e+009	 -2.1940429999999999e+001	
  4.3300000000000000e+009	 -2.2065429999999999e+001	
  4.3313000000000000e+009	 -2.2040040000000001e+001	
  4.3326000000000000e+009	 -2.2084959999999999e+001	
  4.3339000000000000e+009	 -2.1984369999999998e+001	
  4.3352000000000000e+009	 -2.2039059999999999e+001	
  4.3365000000000000e+009	 -2.1991209999999999e+001	
  4.3378000000000000e+009	 -2.1873040000000000e+001	
  4.3391000000000000e+009	 -2.1723630000000000e+001	
  4.3404000000000000e+009	 -2.1687500000000000e+001	
  4.3417000000000000e+009	 -2.1460940000000001e+001	
  4.3430000000000000e+009	 -2.1468750000000000e+001	
  4.3443000000000000e+009	 -2.1230470000000000e+001	
  4.3456000000000000e+009	 -2.1074220000000000e+001	
  4.3469000000000000e+009	 -2.0983400000000000e+001	
  4.3482000000000000e+009	 -2.0877929999999999e+001	
  4.3495000000000000e+009	 -2.0748049999999999e+001	
  4.3508000000000000e+009	 -2.0683589999999999e+001	
  4.3521000000000000e+009	 -2.0579100000000000e+001	
  4.3534000000000000e+009	 -2.0563469999999999e+001	
  4.3547000000000000e+009	 -2.0520510000000002e+001	
  4.3560000000000000e+009	 -2.0477540000000001e+001	
  4.3573000000000000e+009	 -2.0519530000000000e+001	
  4.3586000000000000e+009	 -2.0588870000000000e+001	
  4.3599000000000000e+009	 -2.0647459999999999e+001	
  4.3612000000000000e+009	 -2.0777339999999999e+001	
  4.3625000000000000e+009	 -2.0905270000000002e+001	
  4.3638000000000000e+009	 -2.1061520000000002e+001	
  4.3651000000000000e+009	 -2.1237300000000001e+001	
  4.3664000000000000e+009	 -2.1402339999999999e+001	
  4.3677000000000000e+009	 -2.1479489999999998e+001	
  4.3690000000000000e+009	 -2.1720700000000001e+001	
  4.3703000000000000e+009	 -2.1912109999999998e+001	
  4.3716000000000000e+009	 -2.2121089999999999e+001	
  4.3729000000000000e+009	 -2.2305669999999999e+001	
  4.3742000000000000e+009	 -2.2471679999999999e+001	
  4.3755000000000000e+009	 -2.2634760000000000e+001	
  4.3768000000000000e+009	 -2.2840820000000001e+001	
  4.3781000000000000e+009	 -2.2985350000000000e+001	
  4.3794000000000000e+009	 -2.3156250000000000e+001	
  4.3807000000000000e+009	 -2.3278320000000001e+001	
  4.3820000000000000e+009	 -2.3428709999999999e+001	
  4.3833000000000000e+009	 -2.3512689999999999e+001	
  4.3846000000000000e+009	 -2.3646480000000000e+001	
  4.3859000000000000e+009	 -2.3741209999999999e+001	
  4.3872000000000000e+009	 -2.3827150000000000e+001	
  4.3885000000000000e+009	 -2.3867190000000001e+001	
  4.3898000000000000e+009	 -2.3956060000000001e+001	
  4.3911000000000000e+009	 -2.4036130000000000e+001	
  4.3924000000000000e+009	 -2.4045900000000000e+001	
  4.3937000000000000e+009	 -2.4068359999999998e+001	
  4.3950000000000000e+009	 -2.4047850000000000e+001	
  4.3963000000000000e+009	 -2.3983400000000000e+001	
  4.3976000000000000e+009	 -2.3960940000000001e+001	
  4.3989000000000000e+009	 -2.3883790000000001e+001	
  4.4002000000000000e+009	 -2.3830079999999999e+001	
  4.4015000000000000e+009	 -2.3806640000000002e+001	
  4.4028000000000000e+009	 -2.3662109999999998e+001	
  4.4041000000000000e+009	 -2.3567380000000000e+001	
  4.4054000000000000e+009	 -2.3397459999999999e+001	
  4.4067000000000000e+009	 -2.3299800000000001e+001	
  4.4080000000000000e+009	 -2.3167970000000000e+001	
  4.4093000000000000e+009	 -2.3068359999999998e+001	
  4.4106000000000000e+009	 -2.2903320000000001e+001	
  4.4119000000000000e+009	 -2.2764650000000000e+001	
  4.4132000000000000e+009	 -2.2625979999999998e+001	
  4.4145000000000000e+009	 -2.2545900000000000e+001	
  4.4158000000000000e+009	 -2.2493160000000000e+001	
  4.4171000000000000e+009	 -2.2360350000000000e+001	
  4.4184000000000000e+009	 -2.2336910000000000e+001	
  4.4197000000000000e+009	 -2.2309570000000001e+001	
  4.4210000000000000e+009	 -2.2311520000000002e+001	
  4.4223000000000000e+009	 -2.2295900000000000e+001	
  4.4236000000000000e+009	 -2.2359380000000002e+001	
  4.4249000000000000e+009	 -2.2461919999999999e+001	
  4.4262000000000000e+009	 -2.2518550000000001e+001	
  4.4275000000000000e+009	 -2.2609369999999998e+001	
  4.4288000000000000e+009	 -2.2807620000000000e+001	
  4.4301000000000000e+009	 -2.2862310000000001e+001	
  4.4314000000000000e+009	 -2.2981439999999999e+001	
  4.4327000000000000e+009	 -2.3201170000000001e+001	
  4.4340000000000000e+009	 -2.3339839999999999e+001	
  4.4353000000000000e+009	 -2.3493160000000000e+001	
  4.4366000000000000e+009	 -2.3632809999999999e+001	
  4.4379000000000000e+009	 -2.3830079999999999e+001	
  4.4392000000000000e+009	 -2.3899410000000000e+001	
  4.4405000000000000e+009	 -2.4056640000000002e+001	
  4.4418000000000000e+009	 -2.4177730000000000e+001	
  4.4431000000000000e+009	 -2.4248049999999999e+001	
  4.4444000000000000e+009	 -2.4291989999999998e+001	
  4.4457000000000000e+009	 -2.4365230000000000e+001	
  4.4470000000000000e+009	 -2.4419920000000001e+001	
  4.4483000000000000e+009	 -2.4434570000000001e+001	
  4.4496000000000000e+009	 -2.4445309999999999e+001	
  4.4509000000000000e+009	 -2.4469719999999999e+001	
  4.4522000000000000e+009	 -2.4401360000000000e+001	
  4.4535000000000000e+009	 -2.4357420000000001e+001	
  4.4548000000000000e+009	 -2.4324220000000000e+001	
  4.4561000000000000e+009	 -2.4281250000000000e+001	
  4.4574000000000000e+009	 -2.4326170000000001e+001	
  4.4587000000000000e+009	 -2.4200189999999999e+001	
  4.4600000000000000e+009	 -2.4242190000000001e+001	
  4.4613000000000000e+009	 -2.4158200000000001e+001	
  4.4626000000000000e+009	 -2.4088860000000000e+001	
  4.4639000000000000e+009	 -2.4077150000000000e+001	
  4.4652000000000000e+009	 -2.3981439999999999e+001	
  4.4665000000000000e+009	 -2.3998049999999999e+001	
  4.4678000000000000e+009	 -2.4080079999999999e+001	
  4.4691000000000000e+009	 -2.4029290000000000e+001	
  4.4704000000000000e+009	 -2.4066410000000001e+001	
  4.4717000000000000e+009	 -2.4016600000000000e+001	
  4.4730000000000000e+009	 -2.4067380000000000e+001	
  4.4743000000000000e+009	 -2.4090820000000001e+001	
  4.4756000000000000e+009	 -2.4144530000000000e+001	
  4.4769000000000000e+009	 -2.4136710000000001e+001	
  4.4782000000000000e+009	 -2.4140630000000002e+001	
  4.4795000000000000e+009	 -2.4133790000000001e+001	
  4.4808000000000000e+009	 -2.4115230000000000e+001	
  4.4821000000000000e+009	 -2.4065429999999999e+001	
  4.4834000000000000e+009	 -2.4034179999999999e+001	
  4.4847000000000000e+009	 -2.3996089999999999e+001	
  4.4860000000000000e+009	 -2.3934570000000001e+001	
  4.4873000000000000e+009	 -2.3868169999999999e+001	
  4.4886000000000000e+009	 -2.3725590000000000e+001	
  4.4899000000000000e+009	 -2.3616209999999999e+001	
  4.4912000000000000e+009	 -2.3530270000000002e+001	
  4.4925000000000000e+009	 -2.3413090000000000e+001	
  4.4938000000000000e+009	 -2.3345700000000001e+001	
  4.4951000000000000e+009	 -2.3188479999999998e+001	
  4.4964000000000000e+009	 -2.3066410000000001e+001	
  4.4977000000000000e+009	 -2.3003910000000001e+001	
  4.4990000000000000e+009	 -2.2977540000000001e+001	
  4.5003000000000000e+009	 -2.2852540000000001e+001	
  4.5016000000000000e+009	 -2.2794920000000001e+001	
  4.5029000000000000e+009	 -2.2781250000000000e+001	
  4.5042000000000000e+009	 -2.2830079999999999e+001	
  4.5055000000000000e+009	 -2.2858400000000000e+001	
  4.5068000000000000e+009	 -2.2943359999999998e+001	
  4.5081000000000000e+009	 -2.3019530000000000e+001	
  4.5094000000000000e+009	 -2.3145510000000002e+001	
  4.5107000000000000e+009	 -2.3304690000000001e+001	
  4.5120000000000000e+009	 -2.3449220000000000e+001	
  4.5133000000000000e+009	 -2.3604489999999998e+001	
  4.5146000000000000e+009	 -2.3770510000000002e+001	
  4.5159000000000000e+009	 -2.3926760000000002e+001	
  4.5172000000000000e+009	 -2.4106449999999999e+001	
  4.5185000000000000e+009	 -2.4252929999999999e+001	
  4.5198000000000000e+009	 -2.4416989999999998e+001	
  4.5211000000000000e+009	 -2.4526370000000000e+001	
  4.5224000000000000e+009	 -2.4622070000000001e+001	
  4.5237000000000000e+009	 -2.4673819999999999e+001	
  4.5250000000000000e+009	 -2.4818359999999998e+001	
  4.5263000000000000e+009	 -2.4785160000000001e+001	
  4.5276000000000000e+009	 -2.4779299999999999e+001	
  4.5289000000000000e+009	 -2.4778320000000001e+001	
  4.5302000000000000e+009	 -2.4725580000000001e+001	
  4.5315000000000000e+009	 -2.4662109999999998e+001	
  4.5328000000000000e+009	 -2.4586910000000000e+001	
  4.5341000000000000e+009	 -2.4355470000000000e+001	
  4.5354000000000000e+009	 -2.4105470000000000e+001	
  4.5367000000000000e+009	 -2.3896480000000000e+001	
  4.5380000000000000e+009	 -2.3541989999999998e+001	
  4.5393000000000000e+009	 -2.3197260000000000e+001	
  4.5406000000000000e+009	 -2.2746089999999999e+001	
  4.5419000000000000e+009	 -2.2246089999999999e+001	
  4.5432000000000000e+009	 -2.1654299999999999e+001	
  4.5445000000000000e+009	 -2.1032219999999999e+001	
  4.5458000000000000e+009	 -2.0686520000000002e+001	
  4.5471000000000000e+009	 -2.1457030000000000e+001	
  4.5484000000000000e+009	 -2.4360350000000000e+001	
  4.5497000000000000e+009	 -2.7532219999999999e+001	
  4.5510000000000000e+009	 -2.8365230000000000e+001	
  4.5523000000000000e+009	 -2.7639650000000000e+001	
  4.5536000000000000e+009	 -2.6835940000000001e+001	
  4.5549000000000000e+009	 -2.6076170000000001e+001	
  4.5562000000000000e+009	 -2.5539059999999999e+001	
  4.5575000000000000e+009	 -2.5189450000000001e+001	
  4.5588000000000000e+009	 -2.4817380000000000e+001	
  4.5601000000000000e+009	 -2.4584959999999999e+001	
  4.5614000000000000e+009	 -2.4441400000000002e+001	
  4.5627000000000000e+009	 -2.4245110000000000e+001	
  4.5640000000000000e+009	 -2.4171869999999998e+001	
  4.5653000000000000e+009	 -2.4148440000000001e+001	
  4.5666000000000000e+009	 -2.4141600000000000e+001	
  4.5679000000000000e+009	 -2.4175780000000000e+001	
  4.5692000000000000e+009	 -2.4194340000000000e+001	
  4.5705000000000000e+009	 -2.4263670000000001e+001	
  4.5718000000000000e+009	 -2.4302730000000000e+001	
  4.5731000000000000e+009	 -2.4402339999999999e+001	
  4.5744000000000000e+009	 -2.4500000000000000e+001	
  4.5757000000000000e+009	 -2.4596679999999999e+001	
  4.5770000000000000e+009	 -2.4646480000000000e+001	
  4.5783000000000000e+009	 -2.4791010000000000e+001	
  4.5796000000000000e+009	 -2.4889650000000000e+001	
  4.5809000000000000e+009	 -2.5043949999999999e+001	
  4.5822000000000000e+009	 -2.5090820000000001e+001	
  4.5835000000000000e+009	 -2.5119140000000002e+001	
  4.5848000000000000e+009	 -2.5265619999999998e+001	
  4.5861000000000000e+009	 -2.5289059999999999e+001	
  4.5874000000000000e+009	 -2.5338860000000000e+001	
  4.5887000000000000e+009	 -2.5419920000000001e+001	
  4.5900000000000000e+009	 -2.5380859999999998e+001	
  4.5913000000000000e+009	 -2.5378900000000002e+001	
  4.5926000000000000e+009	 -2.5381830000000001e+001	
  4.5939000000000000e+009	 -2.5333980000000000e+001	
  4.5952000000000000e+009	 -2.5267579999999999e+001	
  4.5965000000000000e+009	 -2.5230460000000001e+001	
  4.5978000000000000e+009	 -2.5091799999999999e+001	
  4.5991000000000000e+009	 -2.4970700000000001e+001	
  4.6004000000000000e+009	 -2.4810540000000000e+001	
  4.6017000000000000e+009	 -2.4746089999999999e+001	
  4.6030000000000000e+009	 -2.4570309999999999e+001	
  4.6043000000000000e+009	 -2.4454100000000000e+001	
  4.6056000000000000e+009	 -2.4263670000000001e+001	
  4.6069000000000000e+009	 -2.4094719999999999e+001	
  4.6082000000000000e+009	 -2.3883790000000001e+001	
  4.6095000000000000e+009	 -2.3677740000000000e+001	
  4.6108000000000000e+009	 -2.3517579999999999e+001	
  4.6121000000000000e+009	 -2.3316410000000001e+001	
  4.6134000000000000e+009	 -2.3187500000000000e+001	
  4.6147000000000000e+009	 -2.2999020000000002e+001	
  4.6160000000000000e+009	 -2.2921869999999998e+001	
  4.6173000000000000e+009	 -2.2750969999999999e+001	
  4.6186000000000000e+009	 -2.2652339999999999e+001	
  4.6199000000000000e+009	 -2.2598630000000000e+001	
  4.6212000000000000e+009	 -2.2511720000000000e+001	
  4.6225000000000000e+009	 -2.2453119999999998e+001	
  4.6238000000000000e+009	 -2.2416010000000000e+001	
  4.6251000000000000e+009	 -2.2492180000000001e+001	
  4.6264000000000000e+009	 -2.2544920000000001e+001	
  4.6277000000000000e+009	 -2.2586910000000000e+001	
  4.6290000000000000e+009	 -2.2552730000000000e+001	
  4.6303000000000000e+009	 -2.2629880000000000e+001	
  4.6316000000000000e+009	 -2.2721679999999999e+001	
  4.6329000000000000e+009	 -2.2739260000000002e+001	
  4.6342000000000000e+009	 -2.2840820000000001e+001	
  4.6355000000000000e+009	 -2.2899410000000000e+001	
  4.6368000000000000e+009	 -2.2966790000000000e+001	
  4.6381000000000000e+009	 -2.2967770000000002e+001	
  4.6394000000000000e+009	 -2.2992190000000001e+001	
  4.6407000000000000e+009	 -2.3016600000000000e+001	
  4.6420000000000000e+009	 -2.3019530000000000e+001	
  4.6433000000000000e+009	 -2.3039059999999999e+001	
  4.6446000000000000e+009	 -2.3047850000000000e+001	
  4.6459000000000000e+009	 -2.2958010000000002e+001	
  4.6472000000000000e+009	 -2.2969729999999998e+001	
  4.6485000000000000e+009	 -2.2978520000000000e+001	
  4.6498000000000000e+009	 -2.2831050000000001e+001	
  4.6511000000000000e+009	 -2.2907219999999999e+001	
  4.6524000000000000e+009	 -2.2786130000000000e+001	
  4.6537000000000000e+009	 -2.2742190000000001e+001	
  4.6550000000000000e+009	 -2.2685549999999999e+001	
  4.6563000000000000e+009	 -2.2561520000000002e+001	
  4.6576000000000000e+009	 -2.2601559999999999e+001	
  4.6589000000000000e+009	 -2.2518550000000001e+001	
  4.6602000000000000e+009	 -2.2512689999999999e+001	
  4.6615000000000000e+009	 -2.2461919999999999e+001	
  4.6628000000000000e+009	 -2.2506830000000001e+001	
  4.6641000000000000e+009	 -2.2513670000000001e+001	
  4.6654000000000000e+009	 -2.2482420000000001e+001	
  4.6667000000000000e+009	 -2.2489260000000002e+001	
  4.6680000000000000e+009	 -2.2520510000000002e+001	
  4.6693000000000000e+009	 -2.2541989999999998e+001	
  4.6706000000000000e+009	 -2.2521480000000000e+001	
  4.6719000000000000e+009	 -2.2547850000000000e+001	
  4.6732000000000000e+009	 -2.2571290000000001e+001	
  4.6745000000000000e+009	 -2.2544920000000001e+001	
  4.6758000000000000e+009	 -2.2539059999999999e+001	
  4.6771000000000000e+009	 -2.2546869999999998e+001	
  4.6784000000000000e+009	 -2.2469729999999998e+001	
  4.6797000000000000e+009	 -2.2422850000000000e+001	
  4.6810000000000000e+009	 -2.2317380000000000e+001	
  4.6823000000000000e+009	 -2.2241209999999999e+001	
  4.6836000000000000e+009	 -2.2226559999999999e+001	
  4.6849000000000000e+009	 -2.2013670000000001e+001	
  4.6862000000000000e+009	 -2.1939450000000001e+001	
  4.6875000000000000e+009	 -2.1837890000000002e+001	
  4.6888000000000000e+009	 -2.1628900000000002e+001	
  4.6901000000000000e+009	 -2.1396480000000000e+001	
  4.6914000000000000e+009	 -2.1334959999999999e+001	
  4.6927000000000000e+009	 -2.1121089999999999e+001	
  4.6940000000000000e+009	 -2.0968750000000000e+001	
  4.6953000000000000e+009	 -2.0733400000000000e+001	
  4.6966000000000000e+009	 -2.0641600000000000e+001	
  4.6979000000000000e+009	 -2.0409179999999999e+001	
  4.6992000000000000e+009	 -2.0315429999999999e+001	
  4.7005000000000000e+009	 -2.0132809999999999e+001	
  4.7018000000000000e+009	 -2.0046869999999998e+001	
  4.7031000000000000e+009	 -1.9983400000000000e+001	
  4.7044000000000000e+009	 -1.9901370000000000e+001	
  4.7057000000000000e+009	 -1.9845700000000001e+001	
  4.7070000000000000e+009	 -1.9802730000000000e+001	
  4.7083000000000000e+009	 -1.9813479999999998e+001	
  4.7096000000000000e+009	 -1.9794920000000001e+001	
  4.7109000000000000e+009	 -1.9727540000000001e+001	
  4.7122000000000000e+009	 -1.9774410000000000e+001	
  4.7135000000000000e+009	 -1.9907229999999998e+001	
  4.7148000000000000e+009	 -1.9975590000000000e+001	
  4.7161000000000000e+009	 -2.0007809999999999e+001	
  4.7174000000000000e+009	 -2.0093750000000000e+001	
  4.7187000000000000e+009	 -2.0229489999999998e+001	
  4.7200000000000000e+009	 -2.0354489999999998e+001	
  4.7213000000000000e+009	 -2.0449220000000000e+001	
  4.7226000000000000e+009	 -2.0472660000000001e+001	
  4.7239000000000000e+009	 -2.0615230000000000e+001	
  4.7252000000000000e+009	 -2.0631830000000001e+001	
  4.7265000000000000e+009	 -2.0685540000000000e+001	
  4.7278000000000000e+009	 -2.0747070000000001e+001	
  4.7291000000000000e+009	 -2.0747070000000001e+001	
  4.7304000000000000e+009	 -2.0739249999999998e+001	
  4.7317000000000000e+009	 -2.0760739999999998e+001	
  4.7330000000000000e+009	 -2.0710940000000001e+001	
  4.7343000000000000e+009	 -2.0679690000000001e+001	
  4.7356000000000000e+009	 -2.0635739999999998e+001	
  4.7369000000000000e+009	 -2.0556640000000002e+001	
  4.7382000000000000e+009	 -2.0474609999999998e+001	
  4.7395000000000000e+009	 -2.0389650000000000e+001	
  4.7408000000000000e+009	 -2.0234380000000002e+001	
  4.7421000000000000e+009	 -2.0098630000000000e+001	
  4.7434000000000000e+009	 -1.9921880000000002e+001	
  4.7447000000000000e+009	 -1.9790040000000001e+001	
  4.7460000000000000e+009	 -1.9622070000000001e+001	
  4.7473000000000000e+009	 -1.9460940000000001e+001	
  4.7486000000000000e+009	 -1.9238280000000000e+001	
  4.7499000000000000e+009	 -1.9072270000000000e+001	
  4.7512000000000000e+009	 -1.8843750000000000e+001	
  4.7525000000000000e+009	 -1.8590820000000001e+001	
  4.7538000000000000e+009	 -1.8356439999999999e+001	
  4.7551000000000000e+009	 -1.8118160000000000e+001	
  4.7564000000000000e+009	 -1.7914059999999999e+001	
  4.7577000000000000e+009	 -1.7711910000000000e+001	
  4.7590000000000000e+009	 -1.7464839999999999e+001	
  4.7603000000000000e+009	 -1.7279299999999999e+001	
  4.7616000000000000e+009	 -1.7094729999999998e+001	
  4.7629000000000000e+009	 -1.6943359999999998e+001	
  4.7642000000000000e+009	 -1.6802730000000000e+001	
  4.7655000000000000e+009	 -1.6673829999999999e+001	
  4.7668000000000000e+009	 -1.6607420000000001e+001	
  4.7681000000000000e+009	 -1.6532229999999998e+001	
  4.7694000000000000e+009	 -1.6506830000000001e+001	
  4.7707000000000000e+009	 -1.6503910000000001e+001	
  4.7720000000000000e+009	 -1.6561520000000002e+001	
  4.7733000000000000e+009	 -1.6544920000000001e+001	
  4.7746000000000000e+009	 -1.6662109999999998e+001	
  4.7759000000000000e+009	 -1.6701170000000001e+001	
  4.7772000000000000e+009	 -1.6835940000000001e+001	
  4.7785000000000000e+009	 -1.6955079999999999e+001	
  4.7798000000000000e+009	 -1.7082030000000000e+001	
  4.7811000000000000e+009	 -1.7156250000000000e+001	
  4.7824000000000000e+009	 -1.7274410000000000e+001	
  4.7837000000000000e+009	 -1.7421880000000002e+001	
  4.7850000000000000e+009	 -1.7379880000000000e+001	
  4.7863000000000000e+009	 -1.7457030000000000e+001	
  4.7876000000000000e+009	 -1.7578130000000002e+001	
  4.7889000000000000e+009	 -1.7518550000000001e+001	
  4.7902000000000000e+009	 -1.7548829999999999e+001	
  4.7915000000000000e+009	 -1.7538080000000001e+001	
  4.7928000000000000e+009	 -1.7498040000000000e+001	
  4.7941000000000000e+009	 -1.7400390000000002e+001	
  4.7954000000000000e+009	 -1.7321290000000001e+001	
  4.7967000000000000e+009	 -1.7210940000000001e+001	
  4.7980000000000000e+009	 -1.7050780000000000e+001	
  4.7993000000000000e+009	 -1.6850590000000000e+001	
  4.8006000000000000e+009	 -1.6660160000000001e+001	
  4.8019000000000000e+009	 -1.6465820000000001e+001	
  4.8032000000000000e+009	 -1.6226559999999999e+001	
  4.8045000000000000e+009	 -1.5977050000000000e+001	
  4.8058000000000000e+009	 -1.5741700000000000e+001	
  4.8071000000000000e+009	 -1.5489750000000001e+001	
  4.8084000000000000e+009	 -1.5239750000000001e+001	
  4.8097000000000000e+009	 -1.4978999999999999e+001	
  4.8110000000000000e+009	 -1.4698240000000000e+001	
  4.8123000000000000e+009	 -1.4401859999999999e+001	
  4.8136000000000000e+009	 -1.4187500000000000e+001	
  4.8149000000000000e+009	 -1.4037599999999999e+001	
  4.8162000000000000e+009	 -1.3758300000000000e+001	
  4.8175000000000000e+009	 -1.3660159999999999e+001	
  4.8188000000000000e+009	 -1.3543950000000001e+001	
  4.8201000000000000e+009	 -1.3423830000000001e+001	
  4.8214000000000000e+009	 -1.3288090000000000e+001	
  4.8227000000000000e+009	 -1.3194820000000000e+001	
  4.8240000000000000e+009	 -1.3100590000000000e+001	
  4.8253000000000000e+009	 -1.3004390000000001e+001	
  4.8266000000000000e+009	 -1.2952150000000000e+001	
  4.8279000000000000e+009	 -1.2878909999999999e+001	
  4.8292000000000000e+009	 -1.2768070000000000e+001	
  4.8305000000000000e+009	 -1.2695800000000000e+001	
  4.8318000000000000e+009	 -1.2630369999999999e+001	
  4.8331000000000000e+009	 -1.2528320000000001e+001	
  4.8344000000000000e+009	 -1.2406739999999999e+001	
  4.8357000000000000e+009	 -1.2283200000000001e+001	
  4.8370000000000000e+009	 -1.2159670000000000e+001	
  4.8383000000000000e+009	 -1.2029299999999999e+001	
  4.8396000000000000e+009	 -1.1915039999999999e+001	
  4.8409000000000000e+009	 -1.1779790000000000e+001	
  4.8422000000000000e+009	 -1.1566890000000001e+001	
  4.8435000000000000e+009	 -1.1457030000000000e+001	
  4.8448000000000000e+009	 -1.1211430000000000e+001	
  4.8461000000000000e+009	 -1.1097659999999999e+001	
  4.8474000000000000e+009	 -1.0912599999999999e+001	
  4.8487000000000000e+009	 -1.0771970000000000e+001	
  4.8500000000000000e+009	 -1.0628909999999999e+001	
  4.8513000000000000e+009	 -1.0381349999999999e+001	
  4.8526000000000000e+009	 -1.0241210000000001e+001	
  4.8539000000000000e+009	 -1.0077640000000001e+001	
  4.8552000000000000e+009	 -9.9287109999999998e+000	
  4.8565000000000000e+009	 -9.7607420000000005e+000	
  4.8578000000000000e+009	 -9.6679689999999994e+000	
  4.8591000000000000e+009	 -9.5361329999999995e+000	
  4.8604000000000000e+009	 -9.4038090000000008e+000	
  4.8617000000000000e+009	 -9.2719729999999991e+000	
  4.8630000000000000e+009	 -9.1586909999999992e+000	
  4.8643000000000000e+009	 -9.0458979999999993e+000	
  4.8656000000000000e+009	 -8.8730469999999997e+000	
  4.8669000000000000e+009	 -8.7871089999999992e+000	
  4.8682000000000000e+009	 -8.6967770000000009e+000	
  4.8695000000000000e+009	 -8.5205079999999995e+000	
  4.8708000000000000e+009	 -8.3618159999999992e+000	
  4.8721000000000000e+009	 -8.2026369999999993e+000	
  4.8734000000000000e+009	 -8.0673829999999995e+000	
  4.8747000000000000e+009	 -7.8608399999999996e+000	
  4.8760000000000000e+009	 -7.7089840000000001e+000	
  4.8773000000000000e+009	 -7.5395510000000003e+000	
  4.8786000000000000e+009	 -7.4875489999999996e+000	
  4.8799000000000000e+009	 -7.3007809999999997e+000	
  4.8812000000000000e+009	 -7.1257320000000002e+000	
  4.8825000000000000e+009	 -7.0366210000000002e+000	
  4.8838000000000000e+009	 -6.9538570000000002e+000	
  4.8851000000000000e+009	 -6.8898929999999998e+000	
  4.8864000000000000e+009	 -6.8737789999999999e+000	
  4.8877000000000000e+009	 -6.8439940000000004e+000	
  4.8890000000000000e+009	 -6.8566890000000003e+000	
  4.8903000000000000e+009	 -6.8435059999999996e+000	
  4.8916000000000000e+009	 -6.8876949999999999e+000	
  4.8929000000000000e+009	 -6.9135739999999997e+000	
  4.8942000000000000e+009	 -6.9816890000000003e+000	
  4.8955000000000000e+009	 -7.0368649999999997e+000	
  4.8968000000000000e+009	 -7.0563960000000003e+000	
  4.8981000000000000e+009	 -7.0913089999999999e+000	
  4.8994000000000000e+009	 -7.1501460000000003e+000	
  4.9007000000000000e+009	 -7.2021480000000002e+000	
  4.9020000000000000e+009	 -7.2602539999999998e+000	
  4.9033000000000000e+009	 -7.3164059999999997e+000	
  4.9046000000000000e+009	 -7.3764649999999996e+000	
  4.9059000000000000e+009	 -7.4475100000000003e+000	
  4.9072000000000000e+009	 -7.5366210000000002e+000	
  4.9085000000000000e+009	 -7.6145019999999999e+000	
  4.9098000000000000e+009	 -7.7375489999999996e+000	
  4.9111000000000000e+009	 -7.8630370000000003e+000	
  4.9124000000000000e+009	 -7.9787600000000003e+000	
  4.9137000000000000e+009	 -8.1459960000000002e+000	
  4.9150000000000000e+009	 -8.3466799999999992e+000	
  4.9163000000000000e+009	 -8.5058589999999992e+000	
  4.9176000000000000e+009	 -8.7768549999999994e+000	
  4.9189000000000000e+009	 -9.0249020000000009e+000	
  4.9202000000000000e+009	 -9.1601560000000006e+000	
  4.9215000000000000e+009	 -9.4560549999999992e+000	
  4.9228000000000000e+009	 -9.8242189999999994e+000	
  4.9241000000000000e+009	 -1.0118650000000001e+001	
  4.9254000000000000e+009	 -1.0447270000000000e+001	
  4.9267000000000000e+009	 -1.0766600000000000e+001	
  4.9280000000000000e+009	 -1.1106930000000000e+001	
  4.9293000000000000e+009	 -1.1424799999999999e+001	
  4.9306000000000000e+009	 -1.1811040000000000e+001	
  4.9319000000000000e+009	 -1.2082030000000000e+001	
  4.9332000000000000e+009	 -1.2396970000000000e+001	
  4.9345000000000000e+009	 -1.2732910000000000e+001	
  4.9358000000000000e+009	 -1.3043950000000001e+001	
  4.9371000000000000e+009	 -1.3344239999999999e+001	
  4.9384000000000000e+009	 -1.3627440000000000e+001	
  4.9397000000000000e+009	 -1.3906250000000000e+001	
  4.9410000000000000e+009	 -1.4177250000000001e+001	
  4.9423000000000000e+009	 -1.4405760000000001e+001	
  4.9436000000000000e+009	 -1.4638180000000000e+001	
  4.9449000000000000e+009	 -1.4835450000000000e+001	
  4.9462000000000000e+009	 -1.5041990000000000e+001	
  4.9475000000000000e+009	 -1.5179200000000000e+001	
  4.9488000000000000e+009	 -1.5340820000000001e+001	
  4.9501000000000000e+009	 -1.5544919999999999e+001	
  4.9514000000000000e+009	 -1.5601559999999999e+001	
  4.9527000000000000e+009	 -1.5673830000000001e+001	
  4.9540000000000000e+009	 -1.5739260000000000e+001	
  4.9553000000000000e+009	 -1.5795900000000000e+001	
  4.9566000000000000e+009	 -1.5848140000000001e+001	
  4.9579000000000000e+009	 -1.5819340000000000e+001	
  4.9592000000000000e+009	 -1.5873049999999999e+001	
  4.9605000000000000e+009	 -1.5855470000000000e+001	
  4.9618000000000000e+009	 -1.5881349999999999e+001	
  4.9631000000000000e+009	 -1.5839840000000001e+001	
  4.9644000000000000e+009	 -1.5821780000000000e+001	
  4.9657000000000000e+009	 -1.5789550000000000e+001	
  4.9670000000000000e+009	 -1.5787110000000000e+001	
  4.9683000000000000e+009	 -1.5769040000000000e+001	
  4.9696000000000000e+009	 -1.5753420000000000e+001	
  4.9709000000000000e+009	 -1.5772950000000000e+001	
  4.9722000000000000e+009	 -1.5781250000000000e+001	
  4.9735000000000000e+009	 -1.5848140000000001e+001	
  4.9748000000000000e+009	 -1.5909179999999999e+001	
  4.9761000000000000e+009	 -1.6024410000000000e+001	
  4.9774000000000000e+009	 -1.6130859999999998e+001	
  4.9787000000000000e+009	 -1.6262689999999999e+001	
  4.9800000000000000e+009	 -1.6524410000000000e+001	
  4.9813000000000000e+009	 -1.6620120000000000e+001	
  4.9826000000000000e+009	 -1.6845700000000001e+001	
  4.9839000000000000e+009	 -1.7061520000000002e+001	
  4.9852000000000000e+009	 -1.7322260000000000e+001	
  4.9865000000000000e+009	 -1.7588870000000000e+001	
  4.9878000000000000e+009	 -1.7874020000000002e+001	
  4.9891000000000000e+009	 -1.8128910000000001e+001	
  4.9904000000000000e+009	 -1.8317380000000000e+001	
  4.9917000000000000e+009	 -1.8625969999999999e+001	
  4.9930000000000000e+009	 -1.8851559999999999e+001	
  4.9943000000000000e+009	 -1.9073239999999998e+001	
  4.9956000000000000e+009	 -1.9301760000000002e+001	
  4.9969000000000000e+009	 -1.9528320000000001e+001	
  4.9982000000000000e+009	 -1.9683589999999999e+001	
  4.9995000000000000e+009	 -1.9862300000000001e+001	
  5.0008000000000000e+009	 -1.9984369999999998e+001	
  5.0021000000000000e+009	 -2.0161130000000000e+001	
  5.0034000000000000e+009	 -2.0305660000000000e+001	
  5.0047000000000000e+009	 -2.0330079999999999e+001	
  5.0060000000000000e+009	 -2.0439450000000001e+001	
  5.0073000000000000e+009	 -2.0538090000000000e+001	
  5.0086000000000000e+009	 -2.0538090000000000e+001	
  5.0099000000000000e+009	 -2.0525390000000002e+001	
  5.0112000000000000e+009	 -2.0592770000000002e+001	
  5.0125000000000000e+009	 -2.0644530000000000e+001	
  5.0138000000000000e+009	 -2.0725580000000001e+001	
  5.0151000000000000e+009	 -2.0627929999999999e+001	
  5.0164000000000000e+009	 -2.0618160000000000e+001	
  5.0177000000000000e+009	 -2.0642579999999999e+001	
  5.0190000000000000e+009	 -2.0612300000000001e+001	
  5.0203000000000000e+009	 -2.0673829999999999e+001	
  5.0216000000000000e+009	 -2.0658200000000001e+001	
  5.0229000000000000e+009	 -2.0733400000000000e+001	
  5.0242000000000000e+009	 -2.0684570000000001e+001	
  5.0255000000000000e+009	 -2.0716799999999999e+001	
  5.0268000000000000e+009	 -2.0721679999999999e+001	
  5.0281000000000000e+009	 -2.0733400000000000e+001	
  5.0294000000000000e+009	 -2.0776370000000000e+001	
  5.0307000000000000e+009	 -2.0790040000000001e+001	
  5.0320000000000000e+009	 -2.0808589999999999e+001	
  5.0333000000000000e+009	 -2.0849609999999998e+001	
  5.0346000000000000e+009	 -2.0894530000000000e+001	
  5.0359000000000000e+009	 -2.0917970000000000e+001	
  5.0372000000000000e+009	 -2.0942380000000000e+001	
  5.0385000000000000e+009	 -2.0952150000000000e+001	
  5.0398000000000000e+009	 -2.1009760000000000e+001	
  5.0411000000000000e+009	 -2.0978510000000000e+001	
  5.0424000000000000e+009	 -2.0959959999999999e+001	
  5.0437000000000000e+009	 -2.1037109999999998e+001	
  5.0450000000000000e+009	 -2.1098630000000000e+001	
  5.0463000000000000e+009	 -2.1130859999999998e+001	
  5.0476000000000000e+009	 -2.1092770000000002e+001	
  5.0489000000000000e+009	 -2.1085930000000001e+001	
  5.0502000000000000e+009	 -2.1100580000000001e+001	
  5.0515000000000000e+009	 -2.1192380000000000e+001	
  5.0528000000000000e+009	 -2.1188469999999999e+001	
  5.0541000000000000e+009	 -2.1277339999999999e+001	
  5.0554000000000000e+009	 -2.1358400000000000e+001	
  5.0567000000000000e+009	 -2.1459959999999999e+001	
  5.0580000000000000e+009	 -2.1538090000000000e+001	
  5.0593000000000000e+009	 -2.1606449999999999e+001	
  5.0606000000000000e+009	 -2.1712890000000002e+001	
  5.0619000000000000e+009	 -2.1871089999999999e+001	
  5.0632000000000000e+009	 -2.1991209999999999e+001	
  5.0645000000000000e+009	 -2.2133790000000001e+001	
  5.0658000000000000e+009	 -2.2342770000000002e+001	
  5.0671000000000000e+009	 -2.2503910000000001e+001	
  5.0684000000000000e+009	 -2.2643550000000001e+001	
  5.0697000000000000e+009	 -2.2811520000000002e+001	
  5.0710000000000000e+009	 -2.2997070000000001e+001	
  5.0723000000000000e+009	 -2.3206050000000001e+001	
  5.0736000000000000e+009	 -2.3374020000000002e+001	
  5.0749000000000000e+009	 -2.3577150000000000e+001	
  5.0762000000000000e+009	 -2.3588870000000000e+001	
  5.0775000000000000e+009	 -2.3783200000000001e+001	
  5.0788000000000000e+009	 -2.3874020000000002e+001	
  5.0801000000000000e+009	 -2.3998049999999999e+001	
  5.0814000000000000e+009	 -2.4098630000000000e+001	
  5.0827000000000000e+009	 -2.4188479999999998e+001	
  5.0840000000000000e+009	 -2.4194340000000000e+001	
  5.0853000000000000e+009	 -2.4217770000000002e+001	
  5.0866000000000000e+009	 -2.4305660000000000e+001	
  5.0879000000000000e+009	 -2.4302730000000000e+001	
  5.0892000000000000e+009	 -2.4381830000000001e+001	
  5.0905000000000000e+009	 -2.4419920000000001e+001	
  5.0918000000000000e+009	 -2.4444330000000001e+001	
  5.0931000000000000e+009	 -2.4403320000000001e+001	
  5.0944000000000000e+009	 -2.4288080000000001e+001	
  5.0957000000000000e+009	 -2.4146480000000000e+001	
  5.0970000000000000e+009	 -2.4018550000000001e+001	
  5.0983000000000000e+009	 -2.3884760000000000e+001	
  5.0996000000000000e+009	 -2.3693359999999998e+001	
  5.1009000000000000e+009	 -2.3545900000000000e+001	
  5.1022000000000000e+009	 -2.3433589999999999e+001	
  5.1035000000000000e+009	 -2.3286130000000000e+001	
  5.1048000000000000e+009	 -2.3147459999999999e+001	
  5.1061000000000000e+009	 -2.2980470000000000e+001	
  5.1074000000000000e+009	 -2.2864260000000002e+001	
  5.1087000000000000e+009	 -2.2760739999999998e+001	
  5.1100000000000000e+009	 -2.2682610000000000e+001	
  5.1113000000000000e+009	 -2.2530270000000002e+001	
  5.1126000000000000e+009	 -2.2554690000000001e+001	
  5.1139000000000000e+009	 -2.2442380000000000e+001	
  5.1152000000000000e+009	 -2.2425780000000000e+001	
  5.1165000000000000e+009	 -2.2512689999999999e+001	
  5.1178000000000000e+009	 -2.2530270000000002e+001	
  5.1191000000000000e+009	 -2.2554690000000001e+001	
  5.1204000000000000e+009	 -2.2692380000000000e+001	
  5.1217000000000000e+009	 -2.2762689999999999e+001	
  5.1230000000000000e+009	 -2.2960930000000001e+001	
  5.1243000000000000e+009	 -2.3103510000000000e+001	
  5.1256000000000000e+009	 -2.3291989999999998e+001	
  5.1269000000000000e+009	 -2.3471679999999999e+001	
  5.1282000000000000e+009	 -2.3660150000000002e+001	
  5.1295000000000000e+009	 -2.3855470000000000e+001	
  5.1308000000000000e+009	 -2.4095700000000001e+001	
  5.1321000000000000e+009	 -2.4294920000000001e+001	
  5.1334000000000000e+009	 -2.4503900000000002e+001	
  5.1347000000000000e+009	 -2.4739260000000002e+001	
  5.1360000000000000e+009	 -2.4897459999999999e+001	
  5.1373000000000000e+009	 -2.5098630000000000e+001	
  5.1386000000000000e+009	 -2.5298819999999999e+001	
  5.1399000000000000e+009	 -2.5470700000000001e+001	
  5.1412000000000000e+009	 -2.5529290000000000e+001	
  5.1425000000000000e+009	 -2.5668949999999999e+001	
  5.1438000000000000e+009	 -2.5721679999999999e+001	
  5.1451000000000000e+009	 -2.5882809999999999e+001	
  5.1464000000000000e+009	 -2.5950189999999999e+001	
  5.1477000000000000e+009	 -2.5903320000000001e+001	
  5.1490000000000000e+009	 -2.5857420000000001e+001	
  5.1503000000000000e+009	 -2.5872070000000001e+001	
  5.1516000000000000e+009	 -2.5774410000000000e+001	
  5.1529000000000000e+009	 -2.5708980000000000e+001	
  5.1542000000000000e+009	 -2.5637689999999999e+001	
  5.1555000000000000e+009	 -2.5548829999999999e+001	
  5.1568000000000000e+009	 -2.5333980000000000e+001	
  5.1581000000000000e+009	 -2.5210930000000001e+001	
  5.1594000000000000e+009	 -2.5061520000000002e+001	
  5.1607000000000000e+009	 -2.4849609999999998e+001	
  5.1620000000000000e+009	 -2.4668939999999999e+001	
  5.1633000000000000e+009	 -2.4465820000000001e+001	
  5.1646000000000000e+009	 -2.4250969999999999e+001	
  5.1659000000000000e+009	 -2.4077150000000000e+001	
  5.1672000000000000e+009	 -2.3866209999999999e+001	
  5.1685000000000000e+009	 -2.3711919999999999e+001	
  5.1698000000000000e+009	 -2.3561520000000002e+001	
  5.1711000000000000e+009	 -2.3424800000000001e+001	
  5.1724000000000000e+009	 -2.3286130000000000e+001	
  5.1737000000000000e+009	 -2.3192380000000000e+001	
  5.1750000000000000e+009	 -2.3095700000000001e+001	
  5.1763000000000000e+009	 -2.3130859999999998e+001	
  5.1776000000000000e+009	 -2.3041989999999998e+001	
  5.1789000000000000e+009	 -2.3103510000000000e+001	
  5.1802000000000000e+009	 -2.3173829999999999e+001	
  5.1815000000000000e+009	 -2.3242190000000001e+001	
  5.1828000000000000e+009	 -2.3362300000000001e+001	
  5.1841000000000000e+009	 -2.3429680000000001e+001	
  5.1854000000000000e+009	 -2.3635739999999998e+001	
  5.1867000000000000e+009	 -2.3878900000000002e+001	
  5.1880000000000000e+009	 -2.4325189999999999e+001	
  5.1893000000000000e+009	 -2.4799800000000001e+001	
  5.1906000000000000e+009	 -2.4987300000000001e+001	
  5.1919000000000000e+009	 -2.5052730000000000e+001	
  5.1932000000000000e+009	 -2.5165040000000001e+001	
  5.1945000000000000e+009	 -2.5295900000000000e+001	
  5.1958000000000000e+009	 -2.5409179999999999e+001	
  5.1971000000000000e+009	 -2.5533200000000001e+001	
  5.1984000000000000e+009	 -2.5672850000000000e+001	
  5.1997000000000000e+009	 -2.5819330000000001e+001	
  5.2010000000000000e+009	 -2.5838870000000000e+001	
  5.2023000000000000e+009	 -2.5949220000000000e+001	
  5.2036000000000000e+009	 -2.6031250000000000e+001	
  5.2049000000000000e+009	 -2.6191410000000001e+001	
  5.2062000000000000e+009	 -2.6265619999999998e+001	
  5.2075000000000000e+009	 -2.6270499999999998e+001	
  5.2088000000000000e+009	 -2.6273440000000001e+001	
  5.2101000000000000e+009	 -2.6373040000000000e+001	
  5.2114000000000000e+009	 -2.6379880000000000e+001	
  5.2127000000000000e+009	 -2.6438469999999999e+001	
  5.2140000000000000e+009	 -2.6387689999999999e+001	
  5.2153000000000000e+009	 -2.6386720000000000e+001	
  5.2166000000000000e+009	 -2.6411130000000000e+001	
  5.2179000000000000e+009	 -2.6371089999999999e+001	
  5.2192000000000000e+009	 -2.6319330000000001e+001	
  5.2205000000000000e+009	 -2.6365230000000000e+001	
  5.2218000000000000e+009	 -2.6278320000000001e+001	
  5.2231000000000000e+009	 -2.6229489999999998e+001	
  5.2244000000000000e+009	 -2.6181640000000002e+001	
  5.2257000000000000e+009	 -2.6041010000000000e+001	
  5.2270000000000000e+009	 -2.5972650000000002e+001	
  5.2283000000000000e+009	 -2.5859380000000002e+001	
  5.2296000000000000e+009	 -2.5710940000000001e+001	
  5.2309000000000000e+009	 -2.5613280000000000e+001	
  5.2322000000000000e+009	 -2.5482420000000001e+001	
  5.2335000000000000e+009	 -2.5292970000000000e+001	
  5.2348000000000000e+009	 -2.5170900000000000e+001	
  5.2361000000000000e+009	 -2.5010739999999998e+001	
  5.2374000000000000e+009	 -2.4824220000000000e+001	
  5.2387000000000000e+009	 -2.4739260000000002e+001	
  5.2400000000000000e+009	 -2.4489249999999998e+001	
  5.2413000000000000e+009	 -2.4495120000000000e+001	
  5.2426000000000000e+009	 -2.4309570000000001e+001	
  5.2439000000000000e+009	 -2.4256830000000001e+001	
  5.2452000000000000e+009	 -2.4066410000000001e+001	
  5.2465000000000000e+009	 -2.3999020000000002e+001	
  5.2478000000000000e+009	 -2.4003910000000001e+001	
  5.2491000000000000e+009	 -2.3924800000000001e+001	
  5.2504000000000000e+009	 -2.3930660000000000e+001	
  5.2517000000000000e+009	 -2.3967770000000002e+001	
  5.2530000000000000e+009	 -2.4025390000000002e+001	
  5.2543000000000000e+009	 -2.4106449999999999e+001	
  5.2556000000000000e+009	 -2.4242190000000001e+001	
  5.2569000000000000e+009	 -2.4305660000000000e+001	
  5.2582000000000000e+009	 -2.4449210000000001e+001	
  5.2595000000000000e+009	 -2.4554690000000001e+001	
  5.2608000000000000e+009	 -2.4694330000000001e+001	
  5.2621000000000000e+009	 -2.4846679999999999e+001	
  5.2634000000000000e+009	 -2.4990230000000000e+001	
  5.2647000000000000e+009	 -2.5152339999999999e+001	
  5.2660000000000000e+009	 -2.5247070000000001e+001	
  5.2673000000000000e+009	 -2.5332030000000000e+001	
  5.2686000000000000e+009	 -2.5471679999999999e+001	
  5.2699000000000000e+009	 -2.5605470000000000e+001	
  5.2712000000000000e+009	 -2.5616209999999999e+001	
  5.2725000000000000e+009	 -2.5715820000000001e+001	
  5.2738000000000000e+009	 -2.5907229999999998e+001	
  5.2751000000000000e+009	 -2.5868160000000000e+001	
  5.2764000000000000e+009	 -2.5939450000000001e+001	
  5.2777000000000000e+009	 -2.5886720000000000e+001	
  5.2790000000000000e+009	 -2.5876950000000001e+001	
  5.2803000000000000e+009	 -2.5894530000000000e+001	
  5.2816000000000000e+009	 -2.5910150000000002e+001	
  5.2829000000000000e+009	 -2.5801749999999998e+001	
  5.2842000000000000e+009	 -2.5806640000000002e+001	
  5.2855000000000000e+009	 -2.5720700000000001e+001	
  5.2868000000000000e+009	 -2.5639650000000000e+001	
  5.2881000000000000e+009	 -2.5612300000000001e+001	
  5.2894000000000000e+009	 -2.5536130000000000e+001	
  5.2907000000000000e+009	 -2.5472660000000001e+001	
  5.2920000000000000e+009	 -2.5420890000000000e+001	
  5.2933000000000000e+009	 -2.5354489999999998e+001	
  5.2946000000000000e+009	 -2.5274410000000000e+001	
  5.2959000000000000e+009	 -2.5178709999999999e+001	
  5.2972000000000000e+009	 -2.5144530000000000e+001	
  5.2985000000000000e+009	 -2.5095700000000001e+001	
  5.2998000000000000e+009	 -2.5035150000000002e+001	
  5.3011000000000000e+009	 -2.4908200000000001e+001	
  5.3024000000000000e+009	 -2.4898430000000001e+001	
  5.3037000000000000e+009	 -2.4844719999999999e+001	
  5.3050000000000000e+009	 -2.4713860000000000e+001	
  5.3063000000000000e+009	 -2.4577150000000000e+001	
  5.3076000000000000e+009	 -2.4517569999999999e+001	
  5.3089000000000000e+009	 -2.4380859999999998e+001	
  5.3102000000000000e+009	 -2.4292960000000001e+001	
  5.3115000000000000e+009	 -2.4207030000000000e+001	
  5.3128000000000000e+009	 -2.4137689999999999e+001	
  5.3141000000000000e+009	 -2.4023440000000001e+001	
  5.3154000000000000e+009	 -2.3829100000000000e+001	
  5.3167000000000000e+009	 -2.3731449999999999e+001	
  5.3180000000000000e+009	 -2.3597660000000001e+001	
  5.3193000000000000e+009	 -2.3554690000000001e+001	
  5.3206000000000000e+009	 -2.3476559999999999e+001	
  5.3219000000000000e+009	 -2.3374020000000002e+001	
  5.3232000000000000e+009	 -2.3343750000000000e+001	
  5.3245000000000000e+009	 -2.3336910000000000e+001	
  5.3258000000000000e+009	 -2.3334959999999999e+001	
  5.3271000000000000e+009	 -2.3356439999999999e+001	
  5.3284000000000000e+009	 -2.3418949999999999e+001	
  5.3297000000000000e+009	 -2.3493160000000000e+001	
  5.3310000000000000e+009	 -2.3586910000000000e+001	
  5.3323000000000000e+009	 -2.3716799999999999e+001	
  5.3336000000000000e+009	 -2.3896480000000000e+001	
  5.3349000000000000e+009	 -2.4036130000000000e+001	
  5.3362000000000000e+009	 -2.4238280000000000e+001	
  5.3375000000000000e+009	 -2.4462890000000002e+001	
  5.3388000000000000e+009	 -2.4642579999999999e+001	
  5.3401000000000000e+009	 -2.4791989999999998e+001	
  5.3414000000000000e+009	 -2.4965820000000001e+001	
  5.3427000000000000e+009	 -2.5194330000000001e+001	
  5.3440000000000000e+009	 -2.5311520000000002e+001	
  5.3453000000000000e+009	 -2.5524410000000000e+001	
  5.3466000000000000e+009	 -2.5630859999999998e+001	
  5.3479000000000000e+009	 -2.5753900000000002e+001	
  5.3492000000000000e+009	 -2.5822260000000000e+001	
  5.3505000000000000e+009	 -2.5860350000000000e+001	
  5.3518000000000000e+009	 -2.5883790000000001e+001	
  5.3531000000000000e+009	 -2.5876950000000001e+001	
  5.3544000000000000e+009	 -2.5876950000000001e+001	
  5.3557000000000000e+009	 -2.5834959999999999e+001	
  5.3570000000000000e+009	 -2.5707030000000000e+001	
  5.3583000000000000e+009	 -2.5612300000000001e+001	
  5.3596000000000000e+009	 -2.5457030000000000e+001	
  5.3609000000000000e+009	 -2.5306640000000002e+001	
  5.3622000000000000e+009	 -2.5144530000000000e+001	
  5.3635000000000000e+009	 -2.4916010000000000e+001	
  5.3648000000000000e+009	 -2.4699220000000000e+001	
  5.3661000000000000e+009	 -2.4466799999999999e+001	
  5.3674000000000000e+009	 -2.4199220000000000e+001	
  5.3687000000000000e+009	 -2.3938469999999999e+001	
  5.3700000000000000e+009	 -2.3736329999999999e+001	
  5.3713000000000000e+009	 -2.3458010000000002e+001	
  5.3726000000000000e+009	 -2.3204100000000000e+001	
  5.3739000000000000e+009	 -2.2991209999999999e+001	
  5.3752000000000000e+009	 -2.2778320000000001e+001	
  5.3765000000000000e+009	 -2.2653320000000001e+001	
  5.3778000000000000e+009	 -2.2458980000000000e+001	
  5.3791000000000000e+009	 -2.2294920000000001e+001	
  5.3804000000000000e+009	 -2.2223630000000000e+001	
  5.3817000000000000e+009	 -2.2204100000000000e+001	
  5.3830000000000000e+009	 -2.2162109999999998e+001	
  5.3843000000000000e+009	 -2.2140619999999998e+001	
  5.3856000000000000e+009	 -2.2174800000000001e+001	
  5.3869000000000000e+009	 -2.2245120000000000e+001	
  5.3882000000000000e+009	 -2.2282219999999999e+001	
  5.3895000000000000e+009	 -2.2386720000000000e+001	
  5.3908000000000000e+009	 -2.2450189999999999e+001	
  5.3921000000000000e+009	 -2.2593750000000000e+001	
  5.3934000000000000e+009	 -2.2706060000000001e+001	
  5.3947000000000000e+009	 -2.2839839999999999e+001	
  5.3960000000000000e+009	 -2.2957030000000000e+001	
  5.3973000000000000e+009	 -2.3125979999999998e+001	
  5.3986000000000000e+009	 -2.3162109999999998e+001	
  5.3999000000000000e+009	 -2.3223630000000000e+001	
  5.4012000000000000e+009	 -2.3368160000000000e+001	
  5.4025000000000000e+009	 -2.3434570000000001e+001	
  5.4038000000000000e+009	 -2.3583980000000000e+001	
  5.4051000000000000e+009	 -2.3566400000000002e+001	
  5.4064000000000000e+009	 -2.3691410000000001e+001	
  5.4077000000000000e+009	 -2.3691410000000001e+001	
  5.4090000000000000e+009	 -2.3704100000000000e+001	
  5.4103000000000000e+009	 -2.3748040000000000e+001	
  5.4116000000000000e+009	 -2.3658200000000001e+001	
  5.4129000000000000e+009	 -2.3697270000000000e+001	
  5.4142000000000000e+009	 -2.3684570000000001e+001	
  5.4155000000000000e+009	 -2.3705079999999999e+001	
  5.4168000000000000e+009	 -2.3635739999999998e+001	
  5.4181000000000000e+009	 -2.3593750000000000e+001	
  5.4194000000000000e+009	 -2.3541989999999998e+001	
  5.4207000000000000e+009	 -2.3475580000000001e+001	
  5.4220000000000000e+009	 -2.3432620000000000e+001	
  5.4233000000000000e+009	 -2.3309570000000001e+001	
  5.4246000000000000e+009	 -2.3286130000000000e+001	
  5.4259000000000000e+009	 -2.3157219999999999e+001	
  5.4272000000000000e+009	 -2.3080079999999999e+001	
  5.4285000000000000e+009	 -2.2970700000000001e+001	
  5.4298000000000000e+009	 -2.2828130000000002e+001	
  5.4311000000000000e+009	 -2.2689450000000001e+001	
  5.4324000000000000e+009	 -2.2594719999999999e+001	
  5.4337000000000000e+009	 -2.2477540000000001e+001	
  5.4350000000000000e+009	 -2.2344729999999998e+001	
  5.4363000000000000e+009	 -2.2187500000000000e+001	
  5.4376000000000000e+009	 -2.2016600000000000e+001	
  5.4389000000000000e+009	 -2.1892579999999999e+001	
  5.4402000000000000e+009	 -2.1813469999999999e+001	
  5.4415000000000000e+009	 -2.1654299999999999e+001	
  5.4428000000000000e+009	 -2.1587890000000002e+001	
  5.4441000000000000e+009	 -2.1462890000000002e+001	
  5.4454000000000000e+009	 -2.1334959999999999e+001	
  5.4467000000000000e+009	 -2.1254880000000000e+001	
  5.4480000000000000e+009	 -2.1072260000000000e+001	
  5.4493000000000000e+009	 -2.0982420000000001e+001	
  5.4506000000000000e+009	 -2.0963860000000000e+001	
  5.4519000000000000e+009	 -2.0881830000000001e+001	
  5.4532000000000000e+009	 -2.0829100000000000e+001	
  5.4545000000000000e+009	 -2.0781250000000000e+001	
  5.4558000000000000e+009	 -2.0751950000000001e+001	
  5.4571000000000000e+009	 -2.0766600000000000e+001	
  5.4584000000000000e+009	 -2.0703130000000002e+001	
  5.4597000000000000e+009	 -2.0747070000000001e+001	
  5.4610000000000000e+009	 -2.0745120000000000e+001	
  5.4623000000000000e+009	 -2.0709959999999999e+001	
  5.4636000000000000e+009	 -2.0727540000000001e+001	
  5.4649000000000000e+009	 -2.0711910000000000e+001	
  5.4662000000000000e+009	 -2.0768550000000001e+001	
  5.4675000000000000e+009	 -2.0769530000000000e+001	
  5.4688000000000000e+009	 -2.0747070000000001e+001	
  5.4701000000000000e+009	 -2.0758790000000001e+001	
  5.4714000000000000e+009	 -2.0828119999999998e+001	
  5.4727000000000000e+009	 -2.0824220000000000e+001	
  5.4740000000000000e+009	 -2.0798829999999999e+001	
  5.4753000000000000e+009	 -2.0818359999999998e+001	
  5.4766000000000000e+009	 -2.0900390000000002e+001	
  5.4779000000000000e+009	 -2.0858400000000000e+001	
  5.4792000000000000e+009	 -2.0861329999999999e+001	
  5.4805000000000000e+009	 -2.0840820000000001e+001	
  5.4818000000000000e+009	 -2.0875969999999999e+001	
  5.4831000000000000e+009	 -2.0863280000000000e+001	
  5.4844000000000000e+009	 -2.0873049999999999e+001	
  5.4857000000000000e+009	 -2.0866209999999999e+001	
  5.4870000000000000e+009	 -2.0846679999999999e+001	
  5.4883000000000000e+009	 -2.0879880000000000e+001	
  5.4896000000000000e+009	 -2.0893550000000001e+001	
  5.4909000000000000e+009	 -2.0851559999999999e+001	
  5.4922000000000000e+009	 -2.0854489999999998e+001	
  5.4935000000000000e+009	 -2.0883790000000001e+001	
  5.4948000000000000e+009	 -2.0849609999999998e+001	
  5.4961000000000000e+009	 -2.0808589999999999e+001	
  5.4974000000000000e+009	 -2.0781250000000000e+001	
  5.4987000000000000e+009	 -2.0665040000000001e+001	
  5.5000000000000000e+009	 -2.0667970000000000e+001	
