  4.5000000000000000e+009	 -2.4787109999999998e+001	
  4.5010000000000000e+009	 -2.4801749999999998e+001	
  4.5020000000000000e+009	 -2.4787109999999998e+001	
  4.5030000000000000e+009	 -2.4711910000000000e+001	
  4.5040000000000000e+009	 -2.4732420000000001e+001	
  4.5050000000000000e+009	 -2.4787109999999998e+001	
  4.5060000000000000e+009	 -2.4796869999999998e+001	
  4.5070000000000000e+009	 -2.4841790000000000e+001	
  4.5080000000000000e+009	 -2.4883790000000001e+001	
  4.5090000000000000e+009	 -2.4959959999999999e+001	
  4.5100000000000000e+009	 -2.5061520000000002e+001	
  4.5110000000000000e+009	 -2.5156250000000000e+001	
  4.5120000000000000e+009	 -2.5257809999999999e+001	
  4.5130000000000000e+009	 -2.5355470000000000e+001	
  4.5140000000000000e+009	 -2.5489249999999998e+001	
  4.5150000000000000e+009	 -2.5594729999999998e+001	
  4.5160000000000000e+009	 -2.5711910000000000e+001	
  4.5170000000000000e+009	 -2.5866209999999999e+001	
  4.5180000000000000e+009	 -2.5976559999999999e+001	
  4.5190000000000000e+009	 -2.6134760000000000e+001	
  4.5200000000000000e+009	 -2.6210940000000001e+001	
  4.5210000000000000e+009	 -2.6280270000000002e+001	
  4.5220000000000000e+009	 -2.6367190000000001e+001	
  4.5230000000000000e+009	 -2.6467770000000002e+001	
  4.5240000000000000e+009	 -2.6440429999999999e+001	
  4.5250000000000000e+009	 -2.6605470000000000e+001	
  4.5260000000000000e+009	 -2.6582999999999998e+001	
  4.5270000000000000e+009	 -2.6616209999999999e+001	
  4.5280000000000000e+009	 -2.6677730000000000e+001	
  4.5290000000000000e+009	 -2.6625000000000000e+001	
  4.5300000000000000e+009	 -2.6608400000000000e+001	
  4.5310000000000000e+009	 -2.6540040000000001e+001	
  4.5320000000000000e+009	 -2.6602540000000001e+001	
  4.5330000000000000e+009	 -2.6462890000000002e+001	
  4.5340000000000000e+009	 -2.6458010000000002e+001	
  4.5350000000000000e+009	 -2.6383790000000001e+001	
  4.5360000000000000e+009	 -2.6268550000000001e+001	
  4.5370000000000000e+009	 -2.6175780000000000e+001	
  4.5380000000000000e+009	 -2.6048829999999999e+001	
  4.5390000000000000e+009	 -2.5929680000000001e+001	
  4.5400000000000000e+009	 -2.5774410000000000e+001	
  4.5410000000000000e+009	 -2.5697260000000000e+001	
  4.5420000000000000e+009	 -2.5560549999999999e+001	
  4.5430000000000000e+009	 -2.5402339999999999e+001	
  4.5440000000000000e+009	 -2.5283200000000001e+001	
  4.5450000000000000e+009	 -2.5184570000000001e+001	
  4.5460000000000000e+009	 -2.5100580000000001e+001	
  4.5470000000000000e+009	 -2.5038080000000001e+001	
  4.5480000000000000e+009	 -2.4947260000000000e+001	
  4.5490000000000000e+009	 -2.4921880000000002e+001	
  4.5500000000000000e+009	 -2.4913080000000001e+001	
  4.5510000000000000e+009	 -2.4903320000000001e+001	
  4.5520000000000000e+009	 -2.4889650000000000e+001	
  4.5530000000000000e+009	 -2.4925780000000000e+001	
  4.5540000000000000e+009	 -2.4904290000000000e+001	
  4.5550000000000000e+009	 -2.4902339999999999e+001	
  4.5560000000000000e+009	 -2.4825189999999999e+001	
  4.5570000000000000e+009	 -2.4796869999999998e+001	
  4.5580000000000000e+009	 -2.4765630000000002e+001	
  4.5590000000000000e+009	 -2.4708980000000000e+001	
  4.5600000000000000e+009	 -2.4634760000000000e+001	
  4.5610000000000000e+009	 -2.4623049999999999e+001	
  4.5620000000000000e+009	 -2.4506840000000000e+001	
  4.5630000000000000e+009	 -2.4556640000000002e+001	
  4.5640000000000000e+009	 -2.4504880000000000e+001	
  4.5650000000000000e+009	 -2.4599609999999998e+001	
  4.5660000000000000e+009	 -2.4573239999999998e+001	
  4.5670000000000000e+009	 -2.4628910000000001e+001	
  4.5680000000000000e+009	 -2.4642579999999999e+001	
  4.5690000000000000e+009	 -2.4646480000000000e+001	
  4.5700000000000000e+009	 -2.4693359999999998e+001	
  4.5710000000000000e+009	 -2.4768550000000001e+001	
  4.5720000000000000e+009	 -2.4825189999999999e+001	
  4.5730000000000000e+009	 -2.4915040000000001e+001	
  4.5740000000000000e+009	 -2.4988280000000000e+001	
  4.5750000000000000e+009	 -2.5083980000000000e+001	
  4.5760000000000000e+009	 -2.5166020000000000e+001	
  4.5770000000000000e+009	 -2.5258790000000001e+001	
  4.5780000000000000e+009	 -2.5321290000000001e+001	
  4.5790000000000000e+009	 -2.5402339999999999e+001	
  4.5800000000000000e+009	 -2.5480470000000000e+001	
  4.5810000000000000e+009	 -2.5561520000000002e+001	
  4.5820000000000000e+009	 -2.5671869999999998e+001	
  4.5830000000000000e+009	 -2.5717770000000002e+001	
  4.5840000000000000e+009	 -2.5754880000000000e+001	
  4.5850000000000000e+009	 -2.5823239999999998e+001	
  4.5860000000000000e+009	 -2.5808589999999999e+001	
  4.5870000000000000e+009	 -2.5846679999999999e+001	
  4.5880000000000000e+009	 -2.5882809999999999e+001	
  4.5890000000000000e+009	 -2.5969719999999999e+001	
  4.5900000000000000e+009	 -2.5957030000000000e+001	
  4.5910000000000000e+009	 -2.5901370000000000e+001	
  4.5920000000000000e+009	 -2.5928709999999999e+001	
  4.5930000000000000e+009	 -2.5883790000000001e+001	
  4.5940000000000000e+009	 -2.5842770000000002e+001	
  4.5950000000000000e+009	 -2.5851559999999999e+001	
  4.5960000000000000e+009	 -2.5647459999999999e+001	
  4.5970000000000000e+009	 -2.5727540000000001e+001	
  4.5980000000000000e+009	 -2.5619140000000002e+001	
  4.5990000000000000e+009	 -2.5532229999999998e+001	
  4.6000000000000000e+009	 -2.5433589999999999e+001	
  4.6010000000000000e+009	 -2.5332030000000000e+001	
  4.6020000000000000e+009	 -2.5262689999999999e+001	
  4.6030000000000000e+009	 -2.5068359999999998e+001	
  4.6040000000000000e+009	 -2.4979489999999998e+001	
  4.6050000000000000e+009	 -2.4836910000000000e+001	
  4.6060000000000000e+009	 -2.4714839999999999e+001	
  4.6070000000000000e+009	 -2.4590820000000001e+001	
  4.6080000000000000e+009	 -2.4425780000000000e+001	
  4.6090000000000000e+009	 -2.4268550000000001e+001	
  4.6100000000000000e+009	 -2.4161130000000000e+001	
  4.6110000000000000e+009	 -2.4004880000000000e+001	
  4.6120000000000000e+009	 -2.3870120000000000e+001	
  4.6130000000000000e+009	 -2.3770510000000002e+001	
  4.6140000000000000e+009	 -2.3613280000000000e+001	
  4.6150000000000000e+009	 -2.3499020000000002e+001	
  4.6160000000000000e+009	 -2.3432620000000000e+001	
  4.6170000000000000e+009	 -2.3268550000000001e+001	
  4.6180000000000000e+009	 -2.3240230000000000e+001	
  4.6190000000000000e+009	 -2.3087890000000002e+001	
  4.6200000000000000e+009	 -2.3052740000000000e+001	
  4.6210000000000000e+009	 -2.3033200000000001e+001	
  4.6220000000000000e+009	 -2.3007809999999999e+001	
  4.6230000000000000e+009	 -2.2967770000000002e+001	
  4.6240000000000000e+009	 -2.2905270000000002e+001	
  4.6250000000000000e+009	 -2.2938479999999998e+001	
  4.6260000000000000e+009	 -2.2851559999999999e+001	
  4.6270000000000000e+009	 -2.2971679999999999e+001	
  4.6280000000000000e+009	 -2.3022459999999999e+001	
  4.6290000000000000e+009	 -2.2997070000000001e+001	
  4.6300000000000000e+009	 -2.3073239999999998e+001	
  4.6310000000000000e+009	 -2.3071290000000001e+001	
  4.6320000000000000e+009	 -2.3176760000000002e+001	
  4.6330000000000000e+009	 -2.3208990000000000e+001	
  4.6340000000000000e+009	 -2.3227540000000001e+001	
  4.6350000000000000e+009	 -2.3250000000000000e+001	
  4.6360000000000000e+009	 -2.3287109999999998e+001	
  4.6370000000000000e+009	 -2.3342770000000002e+001	
  4.6380000000000000e+009	 -2.3362300000000001e+001	
  4.6390000000000000e+009	 -2.3372070000000001e+001	
  4.6400000000000000e+009	 -2.3357420000000001e+001	
  4.6410000000000000e+009	 -2.3388670000000001e+001	
  4.6420000000000000e+009	 -2.3374020000000002e+001	
  4.6430000000000000e+009	 -2.3410150000000002e+001	
  4.6440000000000000e+009	 -2.3320309999999999e+001	
  4.6450000000000000e+009	 -2.3311520000000002e+001	
  4.6460000000000000e+009	 -2.3335940000000001e+001	
  4.6470000000000000e+009	 -2.3325199999999999e+001	
  4.6480000000000000e+009	 -2.3297850000000000e+001	
  4.6490000000000000e+009	 -2.3247070000000001e+001	
  4.6500000000000000e+009	 -2.3220700000000001e+001	
  4.6510000000000000e+009	 -2.3162109999999998e+001	
  4.6520000000000000e+009	 -2.3120120000000000e+001	
  4.6530000000000000e+009	 -2.3042970000000000e+001	
  4.6540000000000000e+009	 -2.3027339999999999e+001	
  4.6550000000000000e+009	 -2.3014650000000000e+001	
  4.6560000000000000e+009	 -2.2924800000000001e+001	
  4.6570000000000000e+009	 -2.2895510000000002e+001	
  4.6580000000000000e+009	 -2.2834959999999999e+001	
  4.6590000000000000e+009	 -2.2858400000000000e+001	
  4.6600000000000000e+009	 -2.2845700000000001e+001	
  4.6610000000000000e+009	 -2.2815429999999999e+001	
  4.6620000000000000e+009	 -2.2809570000000001e+001	
  4.6630000000000000e+009	 -2.2798829999999999e+001	
  4.6640000000000000e+009	 -2.2772459999999999e+001	
  4.6650000000000000e+009	 -2.2716790000000000e+001	
  4.6660000000000000e+009	 -2.2728510000000000e+001	
  4.6670000000000000e+009	 -2.2750000000000000e+001	
  4.6680000000000000e+009	 -2.2746089999999999e+001	
  4.6690000000000000e+009	 -2.2759770000000000e+001	
  4.6700000000000000e+009	 -2.2735350000000000e+001	
  4.6710000000000000e+009	 -2.2745120000000000e+001	
  4.6720000000000000e+009	 -2.2761720000000000e+001	
  4.6730000000000000e+009	 -2.2739260000000002e+001	
  4.6740000000000000e+009	 -2.2725590000000000e+001	
  4.6750000000000000e+009	 -2.2701170000000001e+001	
  4.6760000000000000e+009	 -2.2676760000000002e+001	
  4.6770000000000000e+009	 -2.2647459999999999e+001	
  4.6780000000000000e+009	 -2.2652339999999999e+001	
  4.6790000000000000e+009	 -2.2559570000000001e+001	
  4.6800000000000000e+009	 -2.2561520000000002e+001	
  4.6810000000000000e+009	 -2.2400390000000002e+001	
  4.6820000000000000e+009	 -2.2370110000000000e+001	
  4.6830000000000000e+009	 -2.2332030000000000e+001	
  4.6840000000000000e+009	 -2.2193359999999998e+001	
  4.6850000000000000e+009	 -2.2101559999999999e+001	
  4.6860000000000000e+009	 -2.2001950000000001e+001	
  4.6870000000000000e+009	 -2.1914059999999999e+001	
  4.6880000000000000e+009	 -2.1762699999999999e+001	
  4.6890000000000000e+009	 -2.1658200000000001e+001	
  4.6900000000000000e+009	 -2.1549800000000001e+001	
  4.6910000000000000e+009	 -2.1411130000000000e+001	
  4.6920000000000000e+009	 -2.1210940000000001e+001	
  4.6930000000000000e+009	 -2.1161130000000000e+001	
  4.6940000000000000e+009	 -2.1015630000000002e+001	
  4.6950000000000000e+009	 -2.0893550000000001e+001	
  4.6960000000000000e+009	 -2.0720700000000001e+001	
  4.6970000000000000e+009	 -2.0549800000000001e+001	
  4.6980000000000000e+009	 -2.0454100000000000e+001	
  4.6990000000000000e+009	 -2.0334959999999999e+001	
  4.7000000000000000e+009	 -2.0224609999999998e+001	
  4.7010000000000000e+009	 -2.0115230000000000e+001	
  4.7020000000000000e+009	 -2.0058589999999999e+001	
  4.7030000000000000e+009	 -1.9984369999999998e+001	
  4.7040000000000000e+009	 -1.9917970000000000e+001	
  4.7050000000000000e+009	 -1.9868160000000000e+001	
  4.7060000000000000e+009	 -1.9824220000000000e+001	
  4.7070000000000000e+009	 -1.9827150000000000e+001	
  4.7080000000000000e+009	 -1.9791989999999998e+001	
  4.7090000000000000e+009	 -1.9770510000000002e+001	
  4.7100000000000000e+009	 -1.9646480000000000e+001	
  4.7110000000000000e+009	 -1.9627929999999999e+001	
  4.7120000000000000e+009	 -1.9738280000000000e+001	
  4.7130000000000000e+009	 -1.9715820000000001e+001	
  4.7140000000000000e+009	 -1.9801760000000002e+001	
  4.7150000000000000e+009	 -1.9835940000000001e+001	
  4.7160000000000000e+009	 -1.9956050000000001e+001	
  4.7170000000000000e+009	 -2.0016600000000000e+001	
  4.7180000000000000e+009	 -2.0093750000000000e+001	
  4.7190000000000000e+009	 -2.0114249999999998e+001	
  4.7200000000000000e+009	 -2.0166989999999998e+001	
  4.7210000000000000e+009	 -2.0233400000000000e+001	
  4.7220000000000000e+009	 -2.0309570000000001e+001	
  4.7230000000000000e+009	 -2.0337890000000002e+001	
  4.7240000000000000e+009	 -2.0363280000000000e+001	
  4.7250000000000000e+009	 -2.0377929999999999e+001	
  4.7260000000000000e+009	 -2.0458010000000002e+001	
  4.7270000000000000e+009	 -2.0438479999999998e+001	
  4.7280000000000000e+009	 -2.0454100000000000e+001	
  4.7290000000000000e+009	 -2.0452150000000000e+001	
  4.7300000000000000e+009	 -2.0449220000000000e+001	
  4.7310000000000000e+009	 -2.0421869999999998e+001	
  4.7320000000000000e+009	 -2.0413080000000001e+001	
  4.7330000000000000e+009	 -2.0390630000000002e+001	
  4.7340000000000000e+009	 -2.0327150000000000e+001	
  4.7350000000000000e+009	 -2.0309570000000001e+001	
  4.7360000000000000e+009	 -2.0242190000000001e+001	
  4.7370000000000000e+009	 -2.0158200000000001e+001	
  4.7380000000000000e+009	 -2.0068359999999998e+001	
  4.7390000000000000e+009	 -1.9986329999999999e+001	
  4.7400000000000000e+009	 -1.9903320000000001e+001	
  4.7410000000000000e+009	 -1.9817380000000000e+001	
  4.7420000000000000e+009	 -1.9674800000000001e+001	
  4.7430000000000000e+009	 -1.9526370000000000e+001	
  4.7440000000000000e+009	 -1.9386720000000000e+001	
  4.7450000000000000e+009	 -1.9267579999999999e+001	
  4.7460000000000000e+009	 -1.9117190000000001e+001	
  4.7470000000000000e+009	 -1.9037109999999998e+001	
  4.7480000000000000e+009	 -1.8790040000000001e+001	
  4.7490000000000000e+009	 -1.8749020000000002e+001	
  4.7500000000000000e+009	 -1.8552730000000000e+001	
  4.7510000000000000e+009	 -1.8328119999999998e+001	
  4.7520000000000000e+009	 -1.8158200000000001e+001	
  4.7530000000000000e+009	 -1.7977540000000001e+001	
  4.7540000000000000e+009	 -1.7773440000000001e+001	
  4.7550000000000000e+009	 -1.7606439999999999e+001	
  4.7560000000000000e+009	 -1.7454100000000000e+001	
  4.7570000000000000e+009	 -1.7238280000000000e+001	
  4.7580000000000000e+009	 -1.7117190000000001e+001	
  4.7590000000000000e+009	 -1.6937500000000000e+001	
  4.7600000000000000e+009	 -1.6769530000000000e+001	
  4.7610000000000000e+009	 -1.6658200000000001e+001	
  4.7620000000000000e+009	 -1.6511720000000000e+001	
  4.7630000000000000e+009	 -1.6378910000000001e+001	
  4.7640000000000000e+009	 -1.6272459999999999e+001	
  4.7650000000000000e+009	 -1.6192380000000000e+001	
  4.7660000000000000e+009	 -1.6094729999999998e+001	
  4.7670000000000000e+009	 -1.6048829999999999e+001	
  4.7680000000000000e+009	 -1.5999020000000000e+001	
  4.7690000000000000e+009	 -1.5959470000000000e+001	
  4.7700000000000000e+009	 -1.5915039999999999e+001	
  4.7710000000000000e+009	 -1.5913570000000000e+001	
  4.7720000000000000e+009	 -1.5921390000000001e+001	
  4.7730000000000000e+009	 -1.5978030000000000e+001	
  4.7740000000000000e+009	 -1.5991700000000000e+001	
  4.7750000000000000e+009	 -1.6062500000000000e+001	
  4.7760000000000000e+009	 -1.6100590000000000e+001	
  4.7770000000000000e+009	 -1.6109369999999998e+001	
  4.7780000000000000e+009	 -1.6206050000000001e+001	
  4.7790000000000000e+009	 -1.6174800000000001e+001	
  4.7800000000000000e+009	 -1.6233400000000000e+001	
  4.7810000000000000e+009	 -1.6386720000000000e+001	
  4.7820000000000000e+009	 -1.6411130000000000e+001	
  4.7830000000000000e+009	 -1.6411130000000000e+001	
  4.7840000000000000e+009	 -1.6507809999999999e+001	
  4.7850000000000000e+009	 -1.6543939999999999e+001	
  4.7860000000000000e+009	 -1.6512689999999999e+001	
  4.7870000000000000e+009	 -1.6544920000000001e+001	
  4.7880000000000000e+009	 -1.6564450000000001e+001	
  4.7890000000000000e+009	 -1.6500979999999998e+001	
  4.7900000000000000e+009	 -1.6502929999999999e+001	
  4.7910000000000000e+009	 -1.6460940000000001e+001	
  4.7920000000000000e+009	 -1.6423829999999999e+001	
  4.7930000000000000e+009	 -1.6395510000000002e+001	
  4.7940000000000000e+009	 -1.6306640000000002e+001	
  4.7950000000000000e+009	 -1.6246089999999999e+001	
  4.7960000000000000e+009	 -1.6089839999999999e+001	
  4.7970000000000000e+009	 -1.5962890000000000e+001	
  4.7980000000000000e+009	 -1.5829590000000000e+001	
  4.7990000000000000e+009	 -1.5697749999999999e+001	
  4.8000000000000000e+009	 -1.5535640000000001e+001	
  4.8010000000000000e+009	 -1.5343750000000000e+001	
  4.8020000000000000e+009	 -1.5148930000000000e+001	
  4.8030000000000000e+009	 -1.4930660000000000e+001	
  4.8040000000000000e+009	 -1.4799320000000000e+001	
  4.8050000000000000e+009	 -1.4584960000000001e+001	
  4.8060000000000000e+009	 -1.4437989999999999e+001	
  4.8070000000000000e+009	 -1.4168460000000000e+001	
  4.8080000000000000e+009	 -1.3994630000000001e+001	
  4.8090000000000000e+009	 -1.3776370000000000e+001	
  4.8100000000000000e+009	 -1.3582030000000000e+001	
  4.8110000000000000e+009	 -1.3377929999999999e+001	
  4.8120000000000000e+009	 -1.3230470000000000e+001	
  4.8130000000000000e+009	 -1.3003420000000000e+001	
  4.8140000000000000e+009	 -1.2919919999999999e+001	
  4.8150000000000000e+009	 -1.2710940000000001e+001	
  4.8160000000000000e+009	 -1.2557130000000001e+001	
  4.8170000000000000e+009	 -1.2396480000000000e+001	
  4.8180000000000000e+009	 -1.2308590000000001e+001	
  4.8190000000000000e+009	 -1.2153320000000001e+001	
  4.8200000000000000e+009	 -1.2077640000000001e+001	
  4.8210000000000000e+009	 -1.1963870000000000e+001	
  4.8220000000000000e+009	 -1.1861820000000000e+001	
  4.8230000000000000e+009	 -1.1771000000000001e+001	
  4.8240000000000000e+009	 -1.1700200000000001e+001	
  4.8250000000000000e+009	 -1.1615720000000000e+001	
  4.8260000000000000e+009	 -1.1555180000000000e+001	
  4.8270000000000000e+009	 -1.1465330000000000e+001	
  4.8280000000000000e+009	 -1.1380860000000000e+001	
  4.8290000000000000e+009	 -1.1306150000000001e+001	
  4.8300000000000000e+009	 -1.1259280000000000e+001	
  4.8310000000000000e+009	 -1.1197749999999999e+001	
  4.8320000000000000e+009	 -1.1088870000000000e+001	
  4.8330000000000000e+009	 -1.0995120000000000e+001	
  4.8340000000000000e+009	 -1.0905760000000001e+001	
  4.8350000000000000e+009	 -1.0817869999999999e+001	
  4.8360000000000000e+009	 -1.0766600000000000e+001	
  4.8370000000000000e+009	 -1.0637700000000001e+001	
  4.8380000000000000e+009	 -1.0500000000000000e+001	
  4.8390000000000000e+009	 -1.0467290000000000e+001	
  4.8400000000000000e+009	 -1.0338380000000001e+001	
  4.8410000000000000e+009	 -1.0229979999999999e+001	
  4.8420000000000000e+009	 -1.0124510000000001e+001	
  4.8430000000000000e+009	 -1.0029790000000000e+001	
  4.8440000000000000e+009	 -9.9697270000000007e+000	
  4.8450000000000000e+009	 -9.8129880000000007e+000	
  4.8460000000000000e+009	 -9.7573240000000006e+000	
  4.8470000000000000e+009	 -9.6235350000000004e+000	
  4.8480000000000000e+009	 -9.5004880000000007e+000	
  4.8490000000000000e+009	 -9.4350590000000008e+000	
  4.8500000000000000e+009	 -9.3349609999999998e+000	
  4.8510000000000000e+009	 -9.2500000000000000e+000	
  4.8520000000000000e+009	 -9.1977539999999998e+000	
  4.8530000000000000e+009	 -9.1123049999999992e+000	
  4.8540000000000000e+009	 -9.0292969999999997e+000	
  4.8550000000000000e+009	 -8.9882810000000006e+000	
  4.8560000000000000e+009	 -8.9550780000000003e+000	
  4.8570000000000000e+009	 -8.8569340000000008e+000	
  4.8580000000000000e+009	 -8.8457030000000003e+000	
  4.8590000000000000e+009	 -8.7758789999999998e+000	
  4.8600000000000000e+009	 -8.7548829999999995e+000	
  4.8610000000000000e+009	 -8.6665039999999998e+000	
  4.8620000000000000e+009	 -8.6860350000000004e+000	
  4.8630000000000000e+009	 -8.6557619999999993e+000	
  4.8640000000000000e+009	 -8.6098630000000007e+000	
  4.8650000000000000e+009	 -8.6103520000000007e+000	
  4.8660000000000000e+009	 -8.5800780000000003e+000	
  4.8670000000000000e+009	 -8.7124020000000009e+000	
  4.8680000000000000e+009	 -8.7041020000000007e+000	
  4.8690000000000000e+009	 -8.6860350000000004e+000	
  4.8700000000000000e+009	 -8.7128910000000008e+000	
  4.8710000000000000e+009	 -8.7514649999999996e+000	
  4.8720000000000000e+009	 -8.7792969999999997e+000	
  4.8730000000000000e+009	 -8.8588869999999993e+000	
  4.8740000000000000e+009	 -8.9497070000000001e+000	
  4.8750000000000000e+009	 -9.0141600000000004e+000	
  4.8760000000000000e+009	 -9.1010740000000006e+000	
  4.8770000000000000e+009	 -9.1894530000000003e+000	
  4.8780000000000000e+009	 -9.3032229999999991e+000	
  4.8790000000000000e+009	 -9.4418950000000006e+000	
  4.8800000000000000e+009	 -9.5502929999999999e+000	
  4.8810000000000000e+009	 -9.6528320000000001e+000	
  4.8820000000000000e+009	 -9.7988280000000003e+000	
  4.8830000000000000e+009	 -9.8920899999999996e+000	
  4.8840000000000000e+009	 -1.0052250000000001e+001	
  4.8850000000000000e+009	 -1.0095700000000001e+001	
  4.8860000000000000e+009	 -1.0287110000000000e+001	
  4.8870000000000000e+009	 -1.0368160000000000e+001	
  4.8880000000000000e+009	 -1.0492190000000001e+001	
  4.8890000000000000e+009	 -1.0590820000000001e+001	
  4.8900000000000000e+009	 -1.0649410000000000e+001	
  4.8910000000000000e+009	 -1.0762210000000000e+001	
  4.8920000000000000e+009	 -1.0792479999999999e+001	
  4.8930000000000000e+009	 -1.0902830000000000e+001	
  4.8940000000000000e+009	 -1.0966799999999999e+001	
  4.8950000000000000e+009	 -1.1117190000000001e+001	
  4.8960000000000000e+009	 -1.1041499999999999e+001	
  4.8970000000000000e+009	 -1.1136229999999999e+001	
  4.8980000000000000e+009	 -1.1172850000000000e+001	
  4.8990000000000000e+009	 -1.1152830000000000e+001	
  4.9000000000000000e+009	 -1.1221190000000000e+001	
  4.9010000000000000e+009	 -1.1238770000000001e+001	
  4.9020000000000000e+009	 -1.1264160000000000e+001	
  4.9030000000000000e+009	 -1.1336430000000000e+001	
  4.9040000000000000e+009	 -1.1378909999999999e+001	
  4.9050000000000000e+009	 -1.1437010000000001e+001	
  4.9060000000000000e+009	 -1.1458500000000001e+001	
  4.9070000000000000e+009	 -1.1543950000000001e+001	
  4.9080000000000000e+009	 -1.1582520000000001e+001	
  4.9090000000000000e+009	 -1.1696780000000000e+001	
  4.9100000000000000e+009	 -1.1791990000000000e+001	
  4.9110000000000000e+009	 -1.1844730000000000e+001	
  4.9120000000000000e+009	 -1.1961910000000000e+001	
  4.9130000000000000e+009	 -1.2088870000000000e+001	
  4.9140000000000000e+009	 -1.2208500000000001e+001	
  4.9150000000000000e+009	 -1.2312010000000001e+001	
  4.9160000000000000e+009	 -1.2432620000000000e+001	
  4.9170000000000000e+009	 -1.2579100000000000e+001	
  4.9180000000000000e+009	 -1.2829100000000000e+001	
  4.9190000000000000e+009	 -1.2951169999999999e+001	
  4.9200000000000000e+009	 -1.3177730000000000e+001	
  4.9210000000000000e+009	 -1.3364750000000001e+001	
  4.9220000000000000e+009	 -1.3573240000000000e+001	
  4.9230000000000000e+009	 -1.3781739999999999e+001	
  4.9240000000000000e+009	 -1.3919430000000000e+001	
  4.9250000000000000e+009	 -1.4228999999999999e+001	
  4.9260000000000000e+009	 -1.4441890000000001e+001	
  4.9270000000000000e+009	 -1.4657710000000000e+001	
  4.9280000000000000e+009	 -1.4877440000000000e+001	
  4.9290000000000000e+009	 -1.5065429999999999e+001	
  4.9300000000000000e+009	 -1.5326169999999999e+001	
  4.9310000000000000e+009	 -1.5521970000000000e+001	
  4.9320000000000000e+009	 -1.5687500000000000e+001	
  4.9330000000000000e+009	 -1.5957520000000001e+001	
  4.9340000000000000e+009	 -1.6185549999999999e+001	
  4.9350000000000000e+009	 -1.6344729999999998e+001	
  4.9360000000000000e+009	 -1.6524410000000000e+001	
  4.9370000000000000e+009	 -1.6724609999999998e+001	
  4.9380000000000000e+009	 -1.6940429999999999e+001	
  4.9390000000000000e+009	 -1.7068359999999998e+001	
  4.9400000000000000e+009	 -1.7218750000000000e+001	
  4.9410000000000000e+009	 -1.7412109999999998e+001	
  4.9420000000000000e+009	 -1.7583980000000000e+001	
  4.9430000000000000e+009	 -1.7657229999999998e+001	
  4.9440000000000000e+009	 -1.7799800000000001e+001	
  4.9450000000000000e+009	 -1.7953119999999998e+001	
  4.9460000000000000e+009	 -1.8098630000000000e+001	
  4.9470000000000000e+009	 -1.8123040000000000e+001	
  4.9480000000000000e+009	 -1.8158200000000001e+001	
  4.9490000000000000e+009	 -1.8303709999999999e+001	
  4.9500000000000000e+009	 -1.8342770000000002e+001	
  4.9510000000000000e+009	 -1.8416010000000000e+001	
  4.9520000000000000e+009	 -1.8449220000000000e+001	
  4.9530000000000000e+009	 -1.8473630000000000e+001	
  4.9540000000000000e+009	 -1.8521480000000000e+001	
  4.9550000000000000e+009	 -1.8556640000000002e+001	
  4.9560000000000000e+009	 -1.8543939999999999e+001	
  4.9570000000000000e+009	 -1.8588870000000000e+001	
  4.9580000000000000e+009	 -1.8547850000000000e+001	
  4.9590000000000000e+009	 -1.8550780000000000e+001	
  4.9600000000000000e+009	 -1.8552730000000000e+001	
  4.9610000000000000e+009	 -1.8556640000000002e+001	
  4.9620000000000000e+009	 -1.8446290000000001e+001	
  4.9630000000000000e+009	 -1.8420900000000000e+001	
  4.9640000000000000e+009	 -1.8375000000000000e+001	
  4.9650000000000000e+009	 -1.8356439999999999e+001	
  4.9660000000000000e+009	 -1.8302730000000000e+001	
  4.9670000000000000e+009	 -1.8258790000000001e+001	
  4.9680000000000000e+009	 -1.8214839999999999e+001	
  4.9690000000000000e+009	 -1.8189450000000001e+001	
  4.9700000000000000e+009	 -1.8184570000000001e+001	
  4.9710000000000000e+009	 -1.8196290000000001e+001	
  4.9720000000000000e+009	 -1.8243160000000000e+001	
  4.9730000000000000e+009	 -1.8205079999999999e+001	
  4.9740000000000000e+009	 -1.8251950000000001e+001	
  4.9750000000000000e+009	 -1.8282229999999998e+001	
  4.9760000000000000e+009	 -1.8381830000000001e+001	
  4.9770000000000000e+009	 -1.8478520000000000e+001	
  4.9780000000000000e+009	 -1.8510739999999998e+001	
  4.9790000000000000e+009	 -1.8655270000000002e+001	
  4.9800000000000000e+009	 -1.8728510000000000e+001	
  4.9810000000000000e+009	 -1.8821290000000001e+001	
  4.9820000000000000e+009	 -1.9001950000000001e+001	
  4.9830000000000000e+009	 -1.9096679999999999e+001	
  4.9840000000000000e+009	 -1.9297850000000000e+001	
  4.9850000000000000e+009	 -1.9451170000000001e+001	
  4.9860000000000000e+009	 -1.9594729999999998e+001	
  4.9870000000000000e+009	 -1.9876950000000001e+001	
  4.9880000000000000e+009	 -1.9963870000000000e+001	
  4.9890000000000000e+009	 -2.0148430000000001e+001	
  4.9900000000000000e+009	 -2.0311520000000002e+001	
  4.9910000000000000e+009	 -2.0475580000000001e+001	
  4.9920000000000000e+009	 -2.0621089999999999e+001	
  4.9930000000000000e+009	 -2.0826170000000001e+001	
  4.9940000000000000e+009	 -2.0974609999999998e+001	
  4.9950000000000000e+009	 -2.1122070000000001e+001	
  4.9960000000000000e+009	 -2.1245120000000000e+001	
  4.9970000000000000e+009	 -2.1375979999999998e+001	
  4.9980000000000000e+009	 -2.1530270000000002e+001	
  4.9990000000000000e+009	 -2.1606449999999999e+001	
  5.0000000000000000e+009	 -2.1719729999999998e+001	
  5.0010000000000000e+009	 -2.1788090000000000e+001	
  5.0020000000000000e+009	 -2.1880859999999998e+001	
  5.0030000000000000e+009	 -2.1957030000000000e+001	
  5.0040000000000000e+009	 -2.2043939999999999e+001	
  5.0050000000000000e+009	 -2.2073239999999998e+001	
  5.0060000000000000e+009	 -2.2072260000000000e+001	
  5.0070000000000000e+009	 -2.2149419999999999e+001	
  5.0080000000000000e+009	 -2.2189450000000001e+001	
  5.0090000000000000e+009	 -2.2200189999999999e+001	
  5.0100000000000000e+009	 -2.2173829999999999e+001	
  5.0110000000000000e+009	 -2.2140619999999998e+001	
  5.0120000000000000e+009	 -2.2166989999999998e+001	
  5.0130000000000000e+009	 -2.2235350000000000e+001	
  5.0140000000000000e+009	 -2.2202150000000000e+001	
  5.0150000000000000e+009	 -2.2175780000000000e+001	
  5.0160000000000000e+009	 -2.2228510000000000e+001	
  5.0170000000000000e+009	 -2.2153320000000001e+001	
  5.0180000000000000e+009	 -2.2093750000000000e+001	
  5.0190000000000000e+009	 -2.2097650000000002e+001	
  5.0200000000000000e+009	 -2.2016600000000000e+001	
  5.0210000000000000e+009	 -2.2028320000000001e+001	
  5.0220000000000000e+009	 -2.2035160000000001e+001	
  5.0230000000000000e+009	 -2.2014650000000000e+001	
  5.0240000000000000e+009	 -2.2034179999999999e+001	
  5.0250000000000000e+009	 -2.1988280000000000e+001	
  5.0260000000000000e+009	 -2.1999020000000002e+001	
  5.0270000000000000e+009	 -2.1993169999999999e+001	
  5.0280000000000000e+009	 -2.2030270000000002e+001	
  5.0290000000000000e+009	 -2.2035160000000001e+001	
  5.0300000000000000e+009	 -2.1990230000000000e+001	
  5.0310000000000000e+009	 -2.2015619999999998e+001	
  5.0320000000000000e+009	 -2.2007809999999999e+001	
  5.0330000000000000e+009	 -2.1984369999999998e+001	
  5.0340000000000000e+009	 -2.1995120000000000e+001	
  5.0350000000000000e+009	 -2.2004880000000000e+001	
  5.0360000000000000e+009	 -2.2004880000000000e+001	
  5.0370000000000000e+009	 -2.2027339999999999e+001	
  5.0380000000000000e+009	 -2.2010739999999998e+001	
  5.0390000000000000e+009	 -2.2030270000000002e+001	
  5.0400000000000000e+009	 -2.2032229999999998e+001	
  5.0410000000000000e+009	 -2.1962890000000002e+001	
  5.0420000000000000e+009	 -2.2033200000000001e+001	
  5.0430000000000000e+009	 -2.2076170000000001e+001	
  5.0440000000000000e+009	 -2.2001950000000001e+001	
  5.0450000000000000e+009	 -2.2003900000000002e+001	
  5.0460000000000000e+009	 -2.2035160000000001e+001	
  5.0470000000000000e+009	 -2.2011720000000000e+001	
  5.0480000000000000e+009	 -2.1974609999999998e+001	
  5.0490000000000000e+009	 -2.2041020000000000e+001	
  5.0500000000000000e+009	 -2.2070309999999999e+001	
  5.0510000000000000e+009	 -2.2088870000000000e+001	
  5.0520000000000000e+009	 -2.2114260000000002e+001	
  5.0530000000000000e+009	 -2.2105470000000000e+001	
  5.0540000000000000e+009	 -2.2117190000000001e+001	
  5.0550000000000000e+009	 -2.2146480000000000e+001	
  5.0560000000000000e+009	 -2.2180660000000000e+001	
  5.0570000000000000e+009	 -2.2209959999999999e+001	
  5.0580000000000000e+009	 -2.2289059999999999e+001	
  5.0590000000000000e+009	 -2.2323239999999998e+001	
  5.0600000000000000e+009	 -2.2454100000000000e+001	
  5.0610000000000000e+009	 -2.2516600000000000e+001	
  5.0620000000000000e+009	 -2.2592770000000002e+001	
  5.0630000000000000e+009	 -2.2696290000000001e+001	
  5.0640000000000000e+009	 -2.2795900000000000e+001	
  5.0650000000000000e+009	 -2.2886720000000000e+001	
  5.0660000000000000e+009	 -2.3007809999999999e+001	
  5.0670000000000000e+009	 -2.3083980000000000e+001	
  5.0680000000000000e+009	 -2.3213870000000000e+001	
  5.0690000000000000e+009	 -2.3317380000000000e+001	
  5.0700000000000000e+009	 -2.3458010000000002e+001	
  5.0710000000000000e+009	 -2.3504880000000000e+001	
  5.0720000000000000e+009	 -2.3699220000000000e+001	
  5.0730000000000000e+009	 -2.3780270000000002e+001	
  5.0740000000000000e+009	 -2.3882809999999999e+001	
  5.0750000000000000e+009	 -2.3912109999999998e+001	
  5.0760000000000000e+009	 -2.4087890000000002e+001	
  5.0770000000000000e+009	 -2.4166989999999998e+001	
  5.0780000000000000e+009	 -2.4273430000000001e+001	
  5.0790000000000000e+009	 -2.4275390000000002e+001	
  5.0800000000000000e+009	 -2.4322260000000000e+001	
  5.0810000000000000e+009	 -2.4447260000000000e+001	
  5.0820000000000000e+009	 -2.4391600000000000e+001	
  5.0830000000000000e+009	 -2.4450189999999999e+001	
  5.0840000000000000e+009	 -2.4500979999999998e+001	
  5.0850000000000000e+009	 -2.4511720000000000e+001	
  5.0860000000000000e+009	 -2.4520510000000002e+001	
  5.0870000000000000e+009	 -2.4501950000000001e+001	
  5.0880000000000000e+009	 -2.4459959999999999e+001	
  5.0890000000000000e+009	 -2.4442380000000000e+001	
  5.0900000000000000e+009	 -2.4457030000000000e+001	
  5.0910000000000000e+009	 -2.4332030000000000e+001	
  5.0920000000000000e+009	 -2.4332999999999998e+001	
  5.0930000000000000e+009	 -2.4237300000000001e+001	
  5.0940000000000000e+009	 -2.4169920000000001e+001	
  5.0950000000000000e+009	 -2.4109369999999998e+001	
  5.0960000000000000e+009	 -2.4056640000000002e+001	
  5.0970000000000000e+009	 -2.3973630000000000e+001	
  5.0980000000000000e+009	 -2.3894530000000000e+001	
  5.0990000000000000e+009	 -2.3797850000000000e+001	
  5.1000000000000000e+009	 -2.3709959999999999e+001	
  5.1010000000000000e+009	 -2.3619140000000002e+001	
  5.1020000000000000e+009	 -2.3492190000000001e+001	
  5.1030000000000000e+009	 -2.3386720000000000e+001	
  5.1040000000000000e+009	 -2.3268550000000001e+001	
  5.1050000000000000e+009	 -2.3201170000000001e+001	
  5.1060000000000000e+009	 -2.3066410000000001e+001	
  5.1070000000000000e+009	 -2.3024410000000000e+001	
  5.1080000000000000e+009	 -2.2973630000000000e+001	
  5.1090000000000000e+009	 -2.2885739999999998e+001	
  5.1100000000000000e+009	 -2.2803709999999999e+001	
  5.1110000000000000e+009	 -2.2690429999999999e+001	
  5.1120000000000000e+009	 -2.2667970000000000e+001	
  5.1130000000000000e+009	 -2.2619140000000002e+001	
  5.1140000000000000e+009	 -2.2475590000000000e+001	
  5.1150000000000000e+009	 -2.2562500000000000e+001	
  5.1160000000000000e+009	 -2.2549810000000001e+001	
  5.1170000000000000e+009	 -2.2530270000000002e+001	
  5.1180000000000000e+009	 -2.2526360000000000e+001	
  5.1190000000000000e+009	 -2.2584959999999999e+001	
  5.1200000000000000e+009	 -2.2671880000000002e+001	
  5.1210000000000000e+009	 -2.2717770000000002e+001	
  5.1220000000000000e+009	 -2.2857420000000001e+001	
  5.1230000000000000e+009	 -2.2944340000000000e+001	
  5.1240000000000000e+009	 -2.3063469999999999e+001	
  5.1250000000000000e+009	 -2.3183589999999999e+001	
  5.1260000000000000e+009	 -2.3315429999999999e+001	
  5.1270000000000000e+009	 -2.3467770000000002e+001	
  5.1280000000000000e+009	 -2.3593750000000000e+001	
  5.1290000000000000e+009	 -2.3760739999999998e+001	
  5.1300000000000000e+009	 -2.3884760000000000e+001	
  5.1310000000000000e+009	 -2.4074220000000000e+001	
  5.1320000000000000e+009	 -2.4235350000000000e+001	
  5.1330000000000000e+009	 -2.4358400000000000e+001	
  5.1340000000000000e+009	 -2.4580079999999999e+001	
  5.1350000000000000e+009	 -2.4718750000000000e+001	
  5.1360000000000000e+009	 -2.4857420000000001e+001	
  5.1370000000000000e+009	 -2.5012689999999999e+001	
  5.1380000000000000e+009	 -2.5092770000000002e+001	
  5.1390000000000000e+009	 -2.5190429999999999e+001	
  5.1400000000000000e+009	 -2.5313469999999999e+001	
  5.1410000000000000e+009	 -2.5423829999999999e+001	
  5.1420000000000000e+009	 -2.5559570000000001e+001	
  5.1430000000000000e+009	 -2.5608400000000000e+001	
  5.1440000000000000e+009	 -2.5640619999999998e+001	
  5.1450000000000000e+009	 -2.5717770000000002e+001	
  5.1460000000000000e+009	 -2.5752929999999999e+001	
  5.1470000000000000e+009	 -2.5729489999999998e+001	
  5.1480000000000000e+009	 -2.5747070000000001e+001	
  5.1490000000000000e+009	 -2.5776370000000000e+001	
  5.1500000000000000e+009	 -2.5744140000000002e+001	
  5.1510000000000000e+009	 -2.5698239999999998e+001	
  5.1520000000000000e+009	 -2.5616209999999999e+001	
  5.1530000000000000e+009	 -2.5616209999999999e+001	
  5.1540000000000000e+009	 -2.5517579999999999e+001	
  5.1550000000000000e+009	 -2.5469719999999999e+001	
  5.1560000000000000e+009	 -2.5318359999999998e+001	
  5.1570000000000000e+009	 -2.5219729999999998e+001	
  5.1580000000000000e+009	 -2.5070309999999999e+001	
  5.1590000000000000e+009	 -2.4910150000000002e+001	
  5.1600000000000000e+009	 -2.4822260000000000e+001	
  5.1610000000000000e+009	 -2.4695309999999999e+001	
  5.1620000000000000e+009	 -2.4512689999999999e+001	
  5.1630000000000000e+009	 -2.4395499999999998e+001	
  5.1640000000000000e+009	 -2.4214839999999999e+001	
  5.1650000000000000e+009	 -2.4081050000000001e+001	
  5.1660000000000000e+009	 -2.3922850000000000e+001	
  5.1670000000000000e+009	 -2.3776360000000000e+001	
  5.1680000000000000e+009	 -2.3600580000000001e+001	
  5.1690000000000000e+009	 -2.3496089999999999e+001	
  5.1700000000000000e+009	 -2.3405270000000002e+001	
  5.1710000000000000e+009	 -2.3305660000000000e+001	
  5.1720000000000000e+009	 -2.3180660000000000e+001	
  5.1730000000000000e+009	 -2.3019530000000000e+001	
  5.1740000000000000e+009	 -2.2954100000000000e+001	
  5.1750000000000000e+009	 -2.2927730000000000e+001	
  5.1760000000000000e+009	 -2.2872070000000001e+001	
  5.1770000000000000e+009	 -2.2838860000000000e+001	
  5.1780000000000000e+009	 -2.2838860000000000e+001	
  5.1790000000000000e+009	 -2.2895510000000002e+001	
  5.1800000000000000e+009	 -2.2883790000000001e+001	
  5.1810000000000000e+009	 -2.2911130000000000e+001	
  5.1820000000000000e+009	 -2.2982420000000001e+001	
  5.1830000000000000e+009	 -2.3045900000000000e+001	
  5.1840000000000000e+009	 -2.3087890000000002e+001	
  5.1850000000000000e+009	 -2.3158200000000001e+001	
  5.1860000000000000e+009	 -2.3257809999999999e+001	
  5.1870000000000000e+009	 -2.3359380000000002e+001	
  5.1880000000000000e+009	 -2.3418949999999999e+001	
  5.1890000000000000e+009	 -2.3570309999999999e+001	
  5.1900000000000000e+009	 -2.3655270000000002e+001	
  5.1910000000000000e+009	 -2.3761720000000000e+001	
  5.1920000000000000e+009	 -2.3927730000000000e+001	
  5.1930000000000000e+009	 -2.3983400000000000e+001	
  5.1940000000000000e+009	 -2.4099609999999998e+001	
  5.1950000000000000e+009	 -2.4219719999999999e+001	
  5.1960000000000000e+009	 -2.4318359999999998e+001	
  5.1970000000000000e+009	 -2.4418949999999999e+001	
  5.1980000000000000e+009	 -2.4479489999999998e+001	
  5.1990000000000000e+009	 -2.4573239999999998e+001	
  5.2000000000000000e+009	 -2.4638670000000001e+001	
  5.2010000000000000e+009	 -2.4676760000000002e+001	
  5.2020000000000000e+009	 -2.4831050000000001e+001	
  5.2030000000000000e+009	 -2.4863280000000000e+001	
  5.2040000000000000e+009	 -2.4951170000000001e+001	
  5.2050000000000000e+009	 -2.4949220000000000e+001	
  5.2060000000000000e+009	 -2.5014650000000000e+001	
  5.2070000000000000e+009	 -2.5077150000000000e+001	
  5.2080000000000000e+009	 -2.5104489999999998e+001	
  5.2090000000000000e+009	 -2.5206050000000001e+001	
  5.2100000000000000e+009	 -2.5209959999999999e+001	
  5.2110000000000000e+009	 -2.5218750000000000e+001	
  5.2120000000000000e+009	 -2.5257809999999999e+001	
  5.2130000000000000e+009	 -2.5261720000000000e+001	
  5.2140000000000000e+009	 -2.5329100000000000e+001	
  5.2150000000000000e+009	 -2.5340820000000001e+001	
  5.2160000000000000e+009	 -2.5338860000000000e+001	
  5.2170000000000000e+009	 -2.5348630000000000e+001	
  5.2180000000000000e+009	 -2.5359369999999998e+001	
  5.2190000000000000e+009	 -2.5358400000000000e+001	
  5.2200000000000000e+009	 -2.5314450000000001e+001	
  5.2210000000000000e+009	 -2.5286130000000000e+001	
  5.2220000000000000e+009	 -2.5291989999999998e+001	
  5.2230000000000000e+009	 -2.5241209999999999e+001	
  5.2240000000000000e+009	 -2.5204100000000000e+001	
  5.2250000000000000e+009	 -2.5126950000000001e+001	
  5.2260000000000000e+009	 -2.5096679999999999e+001	
  5.2270000000000000e+009	 -2.5055660000000000e+001	
  5.2280000000000000e+009	 -2.5000969999999999e+001	
  5.2290000000000000e+009	 -2.4939450000000001e+001	
  5.2300000000000000e+009	 -2.4859369999999998e+001	
  5.2310000000000000e+009	 -2.4767579999999999e+001	
  5.2320000000000000e+009	 -2.4673819999999999e+001	
  5.2330000000000000e+009	 -2.4595700000000001e+001	
  5.2340000000000000e+009	 -2.4485350000000000e+001	
  5.2350000000000000e+009	 -2.4395499999999998e+001	
  5.2360000000000000e+009	 -2.4351559999999999e+001	
  5.2370000000000000e+009	 -2.4253900000000002e+001	
  5.2380000000000000e+009	 -2.4151360000000000e+001	
  5.2390000000000000e+009	 -2.4059570000000001e+001	
  5.2400000000000000e+009	 -2.3957030000000000e+001	
  5.2410000000000000e+009	 -2.3940429999999999e+001	
  5.2420000000000000e+009	 -2.3805660000000000e+001	
  5.2430000000000000e+009	 -2.3745120000000000e+001	
  5.2440000000000000e+009	 -2.3675780000000000e+001	
  5.2450000000000000e+009	 -2.3585930000000001e+001	
  5.2460000000000000e+009	 -2.3643560000000001e+001	
  5.2470000000000000e+009	 -2.3455079999999999e+001	
  5.2480000000000000e+009	 -2.3492190000000001e+001	
  5.2490000000000000e+009	 -2.3512689999999999e+001	
  5.2500000000000000e+009	 -2.3558589999999999e+001	
  5.2510000000000000e+009	 -2.3570309999999999e+001	
  5.2520000000000000e+009	 -2.3590820000000001e+001	
  5.2530000000000000e+009	 -2.3629880000000000e+001	
  5.2540000000000000e+009	 -2.3738280000000000e+001	
  5.2550000000000000e+009	 -2.3765630000000002e+001	
  5.2560000000000000e+009	 -2.3861329999999999e+001	
  5.2570000000000000e+009	 -2.3936520000000002e+001	
  5.2580000000000000e+009	 -2.4052730000000000e+001	
  5.2590000000000000e+009	 -2.4132809999999999e+001	
  5.2600000000000000e+009	 -2.4226559999999999e+001	
  5.2610000000000000e+009	 -2.4339839999999999e+001	
  5.2620000000000000e+009	 -2.4459959999999999e+001	
  5.2630000000000000e+009	 -2.4600580000000001e+001	
  5.2640000000000000e+009	 -2.4639640000000000e+001	
  5.2650000000000000e+009	 -2.4774410000000000e+001	
  5.2660000000000000e+009	 -2.4852540000000001e+001	
  5.2670000000000000e+009	 -2.4953119999999998e+001	
  5.2680000000000000e+009	 -2.5034179999999999e+001	
  5.2690000000000000e+009	 -2.5119140000000002e+001	
  5.2700000000000000e+009	 -2.5166989999999998e+001	
  5.2710000000000000e+009	 -2.5272459999999999e+001	
  5.2720000000000000e+009	 -2.5326170000000001e+001	
  5.2730000000000000e+009	 -2.5337890000000002e+001	
  5.2740000000000000e+009	 -2.5337890000000002e+001	
  5.2750000000000000e+009	 -2.5328119999999998e+001	
  5.2760000000000000e+009	 -2.5450189999999999e+001	
  5.2770000000000000e+009	 -2.5530270000000002e+001	
  5.2780000000000000e+009	 -2.5400390000000002e+001	
  5.2790000000000000e+009	 -2.5421869999999998e+001	
  5.2800000000000000e+009	 -2.5464839999999999e+001	
  5.2810000000000000e+009	 -2.5417970000000000e+001	
  5.2820000000000000e+009	 -2.5386710000000001e+001	
  5.2830000000000000e+009	 -2.5345700000000001e+001	
  5.2840000000000000e+009	 -2.5300780000000000e+001	
  5.2850000000000000e+009	 -2.5302730000000000e+001	
  5.2860000000000000e+009	 -2.5223630000000000e+001	
  5.2870000000000000e+009	 -2.5181640000000002e+001	
  5.2880000000000000e+009	 -2.5130859999999998e+001	
  5.2890000000000000e+009	 -2.5071290000000001e+001	
  5.2900000000000000e+009	 -2.5028320000000001e+001	
  5.2910000000000000e+009	 -2.4952140000000000e+001	
  5.2920000000000000e+009	 -2.4911130000000000e+001	
  5.2930000000000000e+009	 -2.4860350000000000e+001	
  5.2940000000000000e+009	 -2.4805660000000000e+001	
  5.2950000000000000e+009	 -2.4765630000000002e+001	
  5.2960000000000000e+009	 -2.4710940000000001e+001	
  5.2970000000000000e+009	 -2.4638670000000001e+001	
  5.2980000000000000e+009	 -2.4621089999999999e+001	
  5.2990000000000000e+009	 -2.4527339999999999e+001	
  5.3000000000000000e+009	 -2.4444330000000001e+001	
