  4.5000000000000000e+009	 -2.3647459999999999e+001	
  4.5010000000000000e+009	 -2.3545900000000000e+001	
  4.5020000000000000e+009	 -2.3544920000000001e+001	
  4.5030000000000000e+009	 -2.3586910000000000e+001	
  4.5040000000000000e+009	 -2.3544920000000001e+001	
  4.5050000000000000e+009	 -2.3595700000000001e+001	
  4.5060000000000000e+009	 -2.3584959999999999e+001	
  4.5070000000000000e+009	 -2.3609380000000002e+001	
  4.5080000000000000e+009	 -2.3678709999999999e+001	
  4.5090000000000000e+009	 -2.3765630000000002e+001	
  4.5100000000000000e+009	 -2.3846679999999999e+001	
  4.5110000000000000e+009	 -2.3957030000000000e+001	
  4.5120000000000000e+009	 -2.4039059999999999e+001	
  4.5130000000000000e+009	 -2.4131830000000001e+001	
  4.5140000000000000e+009	 -2.4264650000000000e+001	
  4.5150000000000000e+009	 -2.4365230000000000e+001	
  4.5160000000000000e+009	 -2.4482420000000001e+001	
  4.5170000000000000e+009	 -2.4562500000000000e+001	
  4.5180000000000000e+009	 -2.4702150000000000e+001	
  4.5190000000000000e+009	 -2.4792970000000000e+001	
  4.5200000000000000e+009	 -2.4913080000000001e+001	
  4.5210000000000000e+009	 -2.4916010000000000e+001	
  4.5220000000000000e+009	 -2.4991209999999999e+001	
  4.5230000000000000e+009	 -2.5067380000000000e+001	
  4.5240000000000000e+009	 -2.5110350000000000e+001	
  4.5250000000000000e+009	 -2.5095700000000001e+001	
  4.5260000000000000e+009	 -2.5103510000000000e+001	
  4.5270000000000000e+009	 -2.5038080000000001e+001	
  4.5280000000000000e+009	 -2.5022459999999999e+001	
  4.5290000000000000e+009	 -2.4911130000000000e+001	
  4.5300000000000000e+009	 -2.4858400000000000e+001	
  4.5310000000000000e+009	 -2.4673819999999999e+001	
  4.5320000000000000e+009	 -2.4606439999999999e+001	
  4.5330000000000000e+009	 -2.4334959999999999e+001	
  4.5340000000000000e+009	 -2.4185540000000000e+001	
  4.5350000000000000e+009	 -2.3893550000000001e+001	
  4.5360000000000000e+009	 -2.3600580000000001e+001	
  4.5370000000000000e+009	 -2.3287109999999998e+001	
  4.5380000000000000e+009	 -2.3011720000000000e+001	
  4.5390000000000000e+009	 -2.2872070000000001e+001	
  4.5400000000000000e+009	 -2.3056640000000002e+001	
  4.5410000000000000e+009	 -2.3815429999999999e+001	
  4.5420000000000000e+009	 -2.5331050000000001e+001	
  4.5430000000000000e+009	 -2.7210940000000001e+001	
  4.5440000000000000e+009	 -2.8711910000000000e+001	
  4.5450000000000000e+009	 -2.9390619999999998e+001	
  4.5460000000000000e+009	 -2.9197260000000000e+001	
  4.5470000000000000e+009	 -2.8795900000000000e+001	
  4.5480000000000000e+009	 -2.8208980000000000e+001	
  4.5490000000000000e+009	 -2.7688469999999999e+001	
  4.5500000000000000e+009	 -2.7172850000000000e+001	
  4.5510000000000000e+009	 -2.6817380000000000e+001	
  4.5520000000000000e+009	 -2.6432610000000000e+001	
  4.5530000000000000e+009	 -2.6120110000000000e+001	
  4.5540000000000000e+009	 -2.5845700000000001e+001	
  4.5550000000000000e+009	 -2.5598630000000000e+001	
  4.5560000000000000e+009	 -2.5387689999999999e+001	
  4.5570000000000000e+009	 -2.5197260000000000e+001	
  4.5580000000000000e+009	 -2.5016600000000000e+001	
  4.5590000000000000e+009	 -2.4873049999999999e+001	
  4.5600000000000000e+009	 -2.4800780000000000e+001	
  4.5610000000000000e+009	 -2.4686520000000002e+001	
  4.5620000000000000e+009	 -2.4593750000000000e+001	
  4.5630000000000000e+009	 -2.4516600000000000e+001	
  4.5640000000000000e+009	 -2.4512689999999999e+001	
  4.5650000000000000e+009	 -2.4477540000000001e+001	
  4.5660000000000000e+009	 -2.4500000000000000e+001	
  4.5670000000000000e+009	 -2.4518550000000001e+001	
  4.5680000000000000e+009	 -2.4508790000000001e+001	
  4.5690000000000000e+009	 -2.4559570000000001e+001	
  4.5700000000000000e+009	 -2.4641600000000000e+001	
  4.5710000000000000e+009	 -2.4685540000000000e+001	
  4.5720000000000000e+009	 -2.4753900000000002e+001	
  4.5730000000000000e+009	 -2.4801749999999998e+001	
  4.5740000000000000e+009	 -2.4879880000000000e+001	
  4.5750000000000000e+009	 -2.4979489999999998e+001	
  4.5760000000000000e+009	 -2.5054680000000001e+001	
  4.5770000000000000e+009	 -2.5162109999999998e+001	
  4.5780000000000000e+009	 -2.5231439999999999e+001	
  4.5790000000000000e+009	 -2.5325189999999999e+001	
  4.5800000000000000e+009	 -2.5389650000000000e+001	
  4.5810000000000000e+009	 -2.5431640000000002e+001	
  4.5820000000000000e+009	 -2.5531250000000000e+001	
  4.5830000000000000e+009	 -2.5605470000000000e+001	
  4.5840000000000000e+009	 -2.5620120000000000e+001	
  4.5850000000000000e+009	 -2.5687500000000000e+001	
  4.5860000000000000e+009	 -2.5742190000000001e+001	
  4.5870000000000000e+009	 -2.5865230000000000e+001	
  4.5880000000000000e+009	 -2.5857420000000001e+001	
  4.5890000000000000e+009	 -2.5769530000000000e+001	
  4.5900000000000000e+009	 -2.5846679999999999e+001	
  4.5910000000000000e+009	 -2.5867190000000001e+001	
  4.5920000000000000e+009	 -2.5932620000000000e+001	
  4.5930000000000000e+009	 -2.5871089999999999e+001	
  4.5940000000000000e+009	 -2.5819330000000001e+001	
  4.5950000000000000e+009	 -2.5830079999999999e+001	
  4.5960000000000000e+009	 -2.5769530000000000e+001	
  4.5970000000000000e+009	 -2.5655270000000002e+001	
  4.5980000000000000e+009	 -2.5656250000000000e+001	
  4.5990000000000000e+009	 -2.5566410000000001e+001	
  4.6000000000000000e+009	 -2.5448239999999998e+001	
  4.6010000000000000e+009	 -2.5384760000000000e+001	
  4.6020000000000000e+009	 -2.5271480000000000e+001	
  4.6030000000000000e+009	 -2.5125979999999998e+001	
  4.6040000000000000e+009	 -2.5029299999999999e+001	
  4.6050000000000000e+009	 -2.4900390000000002e+001	
  4.6060000000000000e+009	 -2.4759760000000000e+001	
  4.6070000000000000e+009	 -2.4635739999999998e+001	
  4.6080000000000000e+009	 -2.4496089999999999e+001	
  4.6090000000000000e+009	 -2.4358400000000000e+001	
  4.6100000000000000e+009	 -2.4222660000000001e+001	
  4.6110000000000000e+009	 -2.4099609999999998e+001	
  4.6120000000000000e+009	 -2.3962890000000002e+001	
  4.6130000000000000e+009	 -2.3850580000000001e+001	
  4.6140000000000000e+009	 -2.3664059999999999e+001	
  4.6150000000000000e+009	 -2.3582030000000000e+001	
  4.6160000000000000e+009	 -2.3474609999999998e+001	
  4.6170000000000000e+009	 -2.3383790000000001e+001	
  4.6180000000000000e+009	 -2.3278320000000001e+001	
  4.6190000000000000e+009	 -2.3186520000000002e+001	
  4.6200000000000000e+009	 -2.3156250000000000e+001	
  4.6210000000000000e+009	 -2.3156250000000000e+001	
  4.6220000000000000e+009	 -2.3046880000000002e+001	
  4.6230000000000000e+009	 -2.2990230000000000e+001	
  4.6240000000000000e+009	 -2.3039059999999999e+001	
  4.6250000000000000e+009	 -2.2995110000000000e+001	
  4.6260000000000000e+009	 -2.3027339999999999e+001	
  4.6270000000000000e+009	 -2.3113280000000000e+001	
  4.6280000000000000e+009	 -2.3086919999999999e+001	
  4.6290000000000000e+009	 -2.3107420000000001e+001	
  4.6300000000000000e+009	 -2.3100590000000000e+001	
  4.6310000000000000e+009	 -2.3191400000000002e+001	
  4.6320000000000000e+009	 -2.3258790000000001e+001	
  4.6330000000000000e+009	 -2.3282229999999998e+001	
  4.6340000000000000e+009	 -2.3329100000000000e+001	
  4.6350000000000000e+009	 -2.3326170000000001e+001	
  4.6360000000000000e+009	 -2.3378910000000001e+001	
  4.6370000000000000e+009	 -2.3422850000000000e+001	
  4.6380000000000000e+009	 -2.3466799999999999e+001	
  4.6390000000000000e+009	 -2.3480470000000000e+001	
  4.6400000000000000e+009	 -2.3498040000000000e+001	
  4.6410000000000000e+009	 -2.3519530000000000e+001	
  4.6420000000000000e+009	 -2.3518550000000001e+001	
  4.6430000000000000e+009	 -2.3558589999999999e+001	
  4.6440000000000000e+009	 -2.3516600000000000e+001	
  4.6450000000000000e+009	 -2.3552730000000000e+001	
  4.6460000000000000e+009	 -2.3500000000000000e+001	
  4.6470000000000000e+009	 -2.3489260000000002e+001	
  4.6480000000000000e+009	 -2.3457030000000000e+001	
  4.6490000000000000e+009	 -2.3464839999999999e+001	
  4.6500000000000000e+009	 -2.3436520000000002e+001	
  4.6510000000000000e+009	 -2.3346679999999999e+001	
  4.6520000000000000e+009	 -2.3325199999999999e+001	
  4.6530000000000000e+009	 -2.3303709999999999e+001	
  4.6540000000000000e+009	 -2.3227540000000001e+001	
  4.6550000000000000e+009	 -2.3235350000000000e+001	
  4.6560000000000000e+009	 -2.3251950000000001e+001	
  4.6570000000000000e+009	 -2.3185540000000000e+001	
  4.6580000000000000e+009	 -2.3177730000000000e+001	
  4.6590000000000000e+009	 -2.3154299999999999e+001	
  4.6600000000000000e+009	 -2.3118160000000000e+001	
  4.6610000000000000e+009	 -2.3124020000000002e+001	
  4.6620000000000000e+009	 -2.3117180000000001e+001	
  4.6630000000000000e+009	 -2.3055660000000000e+001	
  4.6640000000000000e+009	 -2.3056640000000002e+001	
  4.6650000000000000e+009	 -2.3066410000000001e+001	
  4.6660000000000000e+009	 -2.3074220000000000e+001	
  4.6670000000000000e+009	 -2.3028320000000001e+001	
  4.6680000000000000e+009	 -2.3093750000000000e+001	
  4.6690000000000000e+009	 -2.3106449999999999e+001	
  4.6700000000000000e+009	 -2.3094729999999998e+001	
  4.6710000000000000e+009	 -2.3112300000000001e+001	
  4.6720000000000000e+009	 -2.3112300000000001e+001	
  4.6730000000000000e+009	 -2.3114260000000002e+001	
  4.6740000000000000e+009	 -2.3118160000000000e+001	
  4.6750000000000000e+009	 -2.3089839999999999e+001	
  4.6760000000000000e+009	 -2.3083980000000000e+001	
  4.6770000000000000e+009	 -2.3080079999999999e+001	
  4.6780000000000000e+009	 -2.3059570000000001e+001	
  4.6790000000000000e+009	 -2.2965820000000001e+001	
  4.6800000000000000e+009	 -2.2970700000000001e+001	
  4.6810000000000000e+009	 -2.2923829999999999e+001	
  4.6820000000000000e+009	 -2.2855470000000000e+001	
  4.6830000000000000e+009	 -2.2798829999999999e+001	
  4.6840000000000000e+009	 -2.2696290000000001e+001	
  4.6850000000000000e+009	 -2.2599609999999998e+001	
  4.6860000000000000e+009	 -2.2560540000000000e+001	
  4.6870000000000000e+009	 -2.2367190000000001e+001	
  4.6880000000000000e+009	 -2.2315429999999999e+001	
  4.6890000000000000e+009	 -2.2173829999999999e+001	
  4.6900000000000000e+009	 -2.2055660000000000e+001	
  4.6910000000000000e+009	 -2.1984369999999998e+001	
  4.6920000000000000e+009	 -2.1791989999999998e+001	
  4.6930000000000000e+009	 -2.1680669999999999e+001	
  4.6940000000000000e+009	 -2.1575189999999999e+001	
  4.6950000000000000e+009	 -2.1411130000000000e+001	
  4.6960000000000000e+009	 -2.1288080000000001e+001	
  4.6970000000000000e+009	 -2.1169920000000001e+001	
  4.6980000000000000e+009	 -2.1080079999999999e+001	
  4.6990000000000000e+009	 -2.0906250000000000e+001	
  4.7000000000000000e+009	 -2.0859380000000002e+001	
  4.7010000000000000e+009	 -2.0726559999999999e+001	
  4.7020000000000000e+009	 -2.0632809999999999e+001	
  4.7030000000000000e+009	 -2.0577150000000000e+001	
  4.7040000000000000e+009	 -2.0544920000000001e+001	
  4.7050000000000000e+009	 -2.0511720000000000e+001	
  4.7060000000000000e+009	 -2.0469729999999998e+001	
  4.7070000000000000e+009	 -2.0450199999999999e+001	
  4.7080000000000000e+009	 -2.0404299999999999e+001	
  4.7090000000000000e+009	 -2.0394530000000000e+001	
  4.7100000000000000e+009	 -2.0266600000000000e+001	
  4.7110000000000000e+009	 -2.0329100000000000e+001	
  4.7120000000000000e+009	 -2.0347660000000001e+001	
  4.7130000000000000e+009	 -2.0478520000000000e+001	
  4.7140000000000000e+009	 -2.0485350000000000e+001	
  4.7150000000000000e+009	 -2.0497070000000001e+001	
  4.7160000000000000e+009	 -2.0578119999999998e+001	
  4.7170000000000000e+009	 -2.0647459999999999e+001	
  4.7180000000000000e+009	 -2.0756840000000000e+001	
  4.7190000000000000e+009	 -2.0788080000000001e+001	
  4.7200000000000000e+009	 -2.0880859999999998e+001	
  4.7210000000000000e+009	 -2.0936520000000002e+001	
  4.7220000000000000e+009	 -2.0979489999999998e+001	
  4.7230000000000000e+009	 -2.1010739999999998e+001	
  4.7240000000000000e+009	 -2.1119140000000002e+001	
  4.7250000000000000e+009	 -2.1112300000000001e+001	
  4.7260000000000000e+009	 -2.1142579999999999e+001	
  4.7270000000000000e+009	 -2.1195309999999999e+001	
  4.7280000000000000e+009	 -2.1273440000000001e+001	
  4.7290000000000000e+009	 -2.1293949999999999e+001	
  4.7300000000000000e+009	 -2.1296869999999998e+001	
  4.7310000000000000e+009	 -2.1208980000000000e+001	
  4.7320000000000000e+009	 -2.1273440000000001e+001	
  4.7330000000000000e+009	 -2.1241209999999999e+001	
  4.7340000000000000e+009	 -2.1220700000000001e+001	
  4.7350000000000000e+009	 -2.1200189999999999e+001	
  4.7360000000000000e+009	 -2.1133790000000001e+001	
  4.7370000000000000e+009	 -2.1102540000000001e+001	
  4.7380000000000000e+009	 -2.1030270000000002e+001	
  4.7390000000000000e+009	 -2.0919920000000001e+001	
  4.7400000000000000e+009	 -2.0863280000000000e+001	
  4.7410000000000000e+009	 -2.0771480000000000e+001	
  4.7420000000000000e+009	 -2.0690429999999999e+001	
  4.7430000000000000e+009	 -2.0541010000000000e+001	
  4.7440000000000000e+009	 -2.0453119999999998e+001	
  4.7450000000000000e+009	 -2.0315429999999999e+001	
  4.7460000000000000e+009	 -2.0211910000000000e+001	
  4.7470000000000000e+009	 -2.0000000000000000e+001	
  4.7480000000000000e+009	 -1.9905270000000002e+001	
  4.7490000000000000e+009	 -1.9740230000000000e+001	
  4.7500000000000000e+009	 -1.9588870000000000e+001	
  4.7510000000000000e+009	 -1.9568359999999998e+001	
  4.7520000000000000e+009	 -1.9309570000000001e+001	
  4.7530000000000000e+009	 -1.9133790000000001e+001	
  4.7540000000000000e+009	 -1.8876950000000001e+001	
  4.7550000000000000e+009	 -1.8756840000000000e+001	
  4.7560000000000000e+009	 -1.8670900000000000e+001	
  4.7570000000000000e+009	 -1.8422850000000000e+001	
  4.7580000000000000e+009	 -1.8265619999999998e+001	
  4.7590000000000000e+009	 -1.8129880000000000e+001	
  4.7600000000000000e+009	 -1.8018550000000001e+001	
  4.7610000000000000e+009	 -1.7852540000000001e+001	
  4.7620000000000000e+009	 -1.7710940000000001e+001	
  4.7630000000000000e+009	 -1.7611329999999999e+001	
  4.7640000000000000e+009	 -1.7555660000000000e+001	
  4.7650000000000000e+009	 -1.7416989999999998e+001	
  4.7660000000000000e+009	 -1.7321290000000001e+001	
  4.7670000000000000e+009	 -1.7270510000000002e+001	
  4.7680000000000000e+009	 -1.7230470000000000e+001	
  4.7690000000000000e+009	 -1.7178709999999999e+001	
  4.7700000000000000e+009	 -1.7188479999999998e+001	
  4.7710000000000000e+009	 -1.7195309999999999e+001	
  4.7720000000000000e+009	 -1.7202150000000000e+001	
  4.7730000000000000e+009	 -1.7164059999999999e+001	
  4.7740000000000000e+009	 -1.7232420000000001e+001	
  4.7750000000000000e+009	 -1.7297850000000000e+001	
  4.7760000000000000e+009	 -1.7377929999999999e+001	
  4.7770000000000000e+009	 -1.7410150000000002e+001	
  4.7780000000000000e+009	 -1.7516600000000000e+001	
  4.7790000000000000e+009	 -1.7499020000000002e+001	
  4.7800000000000000e+009	 -1.7701170000000001e+001	
  4.7810000000000000e+009	 -1.7679690000000001e+001	
  4.7820000000000000e+009	 -1.7812500000000000e+001	
  4.7830000000000000e+009	 -1.7795900000000000e+001	
  4.7840000000000000e+009	 -1.7765619999999998e+001	
  4.7850000000000000e+009	 -1.7915040000000001e+001	
  4.7860000000000000e+009	 -1.7943359999999998e+001	
  4.7870000000000000e+009	 -1.8072260000000000e+001	
  4.7880000000000000e+009	 -1.8018550000000001e+001	
  4.7890000000000000e+009	 -1.8064450000000001e+001	
  4.7900000000000000e+009	 -1.8092770000000002e+001	
  4.7910000000000000e+009	 -1.8064450000000001e+001	
  4.7920000000000000e+009	 -1.8043939999999999e+001	
  4.7930000000000000e+009	 -1.8000969999999999e+001	
  4.7940000000000000e+009	 -1.7939450000000001e+001	
  4.7950000000000000e+009	 -1.7906250000000000e+001	
  4.7960000000000000e+009	 -1.7823239999999998e+001	
  4.7970000000000000e+009	 -1.7714839999999999e+001	
  4.7980000000000000e+009	 -1.7600580000000001e+001	
  4.7990000000000000e+009	 -1.7492190000000001e+001	
  4.8000000000000000e+009	 -1.7345700000000001e+001	
  4.8010000000000000e+009	 -1.7187500000000000e+001	
  4.8020000000000000e+009	 -1.7045900000000000e+001	
  4.8030000000000000e+009	 -1.6883790000000001e+001	
  4.8040000000000000e+009	 -1.6741209999999999e+001	
  4.8050000000000000e+009	 -1.6522459999999999e+001	
  4.8060000000000000e+009	 -1.6418939999999999e+001	
  4.8070000000000000e+009	 -1.6241209999999999e+001	
  4.8080000000000000e+009	 -1.5970210000000000e+001	
  4.8090000000000000e+009	 -1.5811040000000000e+001	
  4.8100000000000000e+009	 -1.5650880000000001e+001	
  4.8110000000000000e+009	 -1.5456049999999999e+001	
  4.8120000000000000e+009	 -1.5263180000000000e+001	
  4.8130000000000000e+009	 -1.5143070000000000e+001	
  4.8140000000000000e+009	 -1.4900390000000000e+001	
  4.8150000000000000e+009	 -1.4767580000000001e+001	
  4.8160000000000000e+009	 -1.4590820000000001e+001	
  4.8170000000000000e+009	 -1.4450680000000000e+001	
  4.8180000000000000e+009	 -1.4367190000000001e+001	
  4.8190000000000000e+009	 -1.4230470000000000e+001	
  4.8200000000000000e+009	 -1.4074710000000000e+001	
  4.8210000000000000e+009	 -1.3971190000000000e+001	
  4.8220000000000000e+009	 -1.3923830000000001e+001	
  4.8230000000000000e+009	 -1.3778810000000000e+001	
  4.8240000000000000e+009	 -1.3747560000000000e+001	
  4.8250000000000000e+009	 -1.3645510000000000e+001	
  4.8260000000000000e+009	 -1.3628420000000000e+001	
  4.8270000000000000e+009	 -1.3515140000000001e+001	
  4.8280000000000000e+009	 -1.3456540000000000e+001	
  4.8290000000000000e+009	 -1.3355470000000000e+001	
  4.8300000000000000e+009	 -1.3291499999999999e+001	
  4.8310000000000000e+009	 -1.3250000000000000e+001	
  4.8320000000000000e+009	 -1.3148440000000001e+001	
  4.8330000000000000e+009	 -1.3049320000000000e+001	
  4.8340000000000000e+009	 -1.3028810000000000e+001	
  4.8350000000000000e+009	 -1.2929200000000000e+001	
  4.8360000000000000e+009	 -1.2800290000000000e+001	
  4.8370000000000000e+009	 -1.2717290000000000e+001	
  4.8380000000000000e+009	 -1.2650880000000001e+001	
  4.8390000000000000e+009	 -1.2585450000000000e+001	
  4.8400000000000000e+009	 -1.2441890000000001e+001	
  4.8410000000000000e+009	 -1.2269040000000000e+001	
  4.8420000000000000e+009	 -1.2214840000000001e+001	
  4.8430000000000000e+009	 -1.2050290000000000e+001	
  4.8440000000000000e+009	 -1.1909179999999999e+001	
  4.8450000000000000e+009	 -1.1792970000000000e+001	
  4.8460000000000000e+009	 -1.1745120000000000e+001	
  4.8470000000000000e+009	 -1.1596679999999999e+001	
  4.8480000000000000e+009	 -1.1403810000000000e+001	
  4.8490000000000000e+009	 -1.1331540000000000e+001	
  4.8500000000000000e+009	 -1.1138180000000000e+001	
  4.8510000000000000e+009	 -1.1012210000000000e+001	
  4.8520000000000000e+009	 -1.0916990000000000e+001	
  4.8530000000000000e+009	 -1.0784670000000000e+001	
  4.8540000000000000e+009	 -1.0668950000000001e+001	
  4.8550000000000000e+009	 -1.0547359999999999e+001	
  4.8560000000000000e+009	 -1.0456049999999999e+001	
  4.8570000000000000e+009	 -1.0329590000000000e+001	
  4.8580000000000000e+009	 -1.0219730000000000e+001	
  4.8590000000000000e+009	 -1.0109859999999999e+001	
  4.8600000000000000e+009	 -9.9921880000000005e+000	
  4.8610000000000000e+009	 -9.8881840000000008e+000	
  4.8620000000000000e+009	 -9.7890630000000005e+000	
  4.8630000000000000e+009	 -9.6894530000000003e+000	
  4.8640000000000000e+009	 -9.5834960000000002e+000	
  4.8650000000000000e+009	 -9.4902339999999992e+000	
  4.8660000000000000e+009	 -9.3569340000000008e+000	
  4.8670000000000000e+009	 -9.2670899999999996e+000	
  4.8680000000000000e+009	 -9.1718750000000000e+000	
  4.8690000000000000e+009	 -9.0605469999999997e+000	
  4.8700000000000000e+009	 -8.9418950000000006e+000	
  4.8710000000000000e+009	 -8.8652339999999992e+000	
  4.8720000000000000e+009	 -8.7084960000000002e+000	
  4.8730000000000000e+009	 -8.5854490000000006e+000	
  4.8740000000000000e+009	 -8.4833979999999993e+000	
  4.8750000000000000e+009	 -8.3632810000000006e+000	
  4.8760000000000000e+009	 -8.3164060000000006e+000	
  4.8770000000000000e+009	 -8.2153320000000001e+000	
  4.8780000000000000e+009	 -8.0849609999999998e+000	
  4.8790000000000000e+009	 -7.9956050000000003e+000	
  4.8800000000000000e+009	 -7.8635250000000001e+000	
  4.8810000000000000e+009	 -7.8010250000000001e+000	
  4.8820000000000000e+009	 -7.7785640000000003e+000	
  4.8830000000000000e+009	 -7.7424320000000000e+000	
  4.8840000000000000e+009	 -7.6669919999999996e+000	
  4.8850000000000000e+009	 -7.6416019999999998e+000	
  4.8860000000000000e+009	 -7.6262210000000001e+000	
  4.8870000000000000e+009	 -7.6254879999999998e+000	
  4.8880000000000000e+009	 -7.6308590000000001e+000	
  4.8890000000000000e+009	 -7.6398929999999998e+000	
  4.8900000000000000e+009	 -7.6555179999999998e+000	
  4.8910000000000000e+009	 -7.7268070000000000e+000	
  4.8920000000000000e+009	 -7.7741699999999998e+000	
  4.8930000000000000e+009	 -7.8349609999999998e+000	
  4.8940000000000000e+009	 -7.7822269999999998e+000	
  4.8950000000000000e+009	 -7.8613280000000003e+000	
  4.8960000000000000e+009	 -7.9257809999999997e+000	
  4.8970000000000000e+009	 -8.0029299999999992e+000	
  4.8980000000000000e+009	 -7.9846190000000004e+000	
  4.8990000000000000e+009	 -8.1557619999999993e+000	
  4.9000000000000000e+009	 -8.1142579999999995e+000	
  4.9010000000000000e+009	 -8.1567380000000007e+000	
  4.9020000000000000e+009	 -8.2143549999999994e+000	
  4.9030000000000000e+009	 -8.2636719999999997e+000	
  4.9040000000000000e+009	 -8.3603520000000007e+000	
  4.9050000000000000e+009	 -8.4096679999999999e+000	
  4.9060000000000000e+009	 -8.3994140000000002e+000	
  4.9070000000000000e+009	 -8.4833979999999993e+000	
  4.9080000000000000e+009	 -8.5478520000000007e+000	
  4.9090000000000000e+009	 -8.6308589999999992e+000	
  4.9100000000000000e+009	 -8.6821289999999998e+000	
  4.9110000000000000e+009	 -8.7880859999999998e+000	
  4.9120000000000000e+009	 -8.8867189999999994e+000	
  4.9130000000000000e+009	 -8.9936520000000009e+000	
  4.9140000000000000e+009	 -9.0830079999999995e+000	
  4.9150000000000000e+009	 -9.1889649999999996e+000	
  4.9160000000000000e+009	 -9.3715820000000001e+000	
  4.9170000000000000e+009	 -9.4589839999999992e+000	
  4.9180000000000000e+009	 -9.6816410000000008e+000	
  4.9190000000000000e+009	 -9.8627929999999999e+000	
  4.9200000000000000e+009	 -1.0010249999999999e+001	
  4.9210000000000000e+009	 -1.0206540000000000e+001	
  4.9220000000000000e+009	 -1.0415039999999999e+001	
  4.9230000000000000e+009	 -1.0579100000000000e+001	
  4.9240000000000000e+009	 -1.0894530000000000e+001	
  4.9250000000000000e+009	 -1.1071780000000000e+001	
  4.9260000000000000e+009	 -1.1306150000000001e+001	
  4.9270000000000000e+009	 -1.1620120000000000e+001	
  4.9280000000000000e+009	 -1.1821780000000000e+001	
  4.9290000000000000e+009	 -1.2052730000000000e+001	
  4.9300000000000000e+009	 -1.2273440000000001e+001	
  4.9310000000000000e+009	 -1.2525880000000001e+001	
  4.9320000000000000e+009	 -1.2790530000000000e+001	
  4.9330000000000000e+009	 -1.2999510000000001e+001	
  4.9340000000000000e+009	 -1.3240230000000000e+001	
  4.9350000000000000e+009	 -1.3496580000000000e+001	
  4.9360000000000000e+009	 -1.3731450000000001e+001	
  4.9370000000000000e+009	 -1.3947270000000000e+001	
  4.9380000000000000e+009	 -1.4168460000000000e+001	
  4.9390000000000000e+009	 -1.4352050000000000e+001	
  4.9400000000000000e+009	 -1.4568360000000000e+001	
  4.9410000000000000e+009	 -1.4744140000000000e+001	
  4.9420000000000000e+009	 -1.4942869999999999e+001	
  4.9430000000000000e+009	 -1.5103030000000000e+001	
  4.9440000000000000e+009	 -1.5270510000000000e+001	
  4.9450000000000000e+009	 -1.5391600000000000e+001	
  4.9460000000000000e+009	 -1.5555180000000000e+001	
  4.9470000000000000e+009	 -1.5676270000000001e+001	
  4.9480000000000000e+009	 -1.5780760000000001e+001	
  4.9490000000000000e+009	 -1.5918950000000001e+001	
  4.9500000000000000e+009	 -1.6032229999999998e+001	
  4.9510000000000000e+009	 -1.6083010000000002e+001	
  4.9520000000000000e+009	 -1.6109369999999998e+001	
  4.9530000000000000e+009	 -1.6200189999999999e+001	
  4.9540000000000000e+009	 -1.6280270000000002e+001	
  4.9550000000000000e+009	 -1.6348630000000000e+001	
  4.9560000000000000e+009	 -1.6271480000000000e+001	
  4.9570000000000000e+009	 -1.6343750000000000e+001	
  4.9580000000000000e+009	 -1.6317380000000000e+001	
  4.9590000000000000e+009	 -1.6286130000000000e+001	
  4.9600000000000000e+009	 -1.6333010000000002e+001	
  4.9610000000000000e+009	 -1.6304690000000001e+001	
  4.9620000000000000e+009	 -1.6241209999999999e+001	
  4.9630000000000000e+009	 -1.6216799999999999e+001	
  4.9640000000000000e+009	 -1.6191410000000001e+001	
  4.9650000000000000e+009	 -1.6138670000000001e+001	
  4.9660000000000000e+009	 -1.6083010000000002e+001	
  4.9670000000000000e+009	 -1.6073239999999998e+001	
  4.9680000000000000e+009	 -1.6062500000000000e+001	
  4.9690000000000000e+009	 -1.6034179999999999e+001	
  4.9700000000000000e+009	 -1.5994140000000000e+001	
  4.9710000000000000e+009	 -1.6016600000000000e+001	
  4.9720000000000000e+009	 -1.5950200000000001e+001	
  4.9730000000000000e+009	 -1.6019530000000000e+001	
  4.9740000000000000e+009	 -1.6034179999999999e+001	
  4.9750000000000000e+009	 -1.6097660000000001e+001	
  4.9760000000000000e+009	 -1.6069340000000000e+001	
  4.9770000000000000e+009	 -1.6202150000000000e+001	
  4.9780000000000000e+009	 -1.6243160000000000e+001	
  4.9790000000000000e+009	 -1.6370120000000000e+001	
  4.9800000000000000e+009	 -1.6489260000000002e+001	
  4.9810000000000000e+009	 -1.6562500000000000e+001	
  4.9820000000000000e+009	 -1.6765619999999998e+001	
  4.9830000000000000e+009	 -1.6938479999999998e+001	
  4.9840000000000000e+009	 -1.7034179999999999e+001	
  4.9850000000000000e+009	 -1.7165040000000001e+001	
  4.9860000000000000e+009	 -1.7391600000000000e+001	
  4.9870000000000000e+009	 -1.7598630000000000e+001	
  4.9880000000000000e+009	 -1.7842770000000002e+001	
  4.9890000000000000e+009	 -1.7914059999999999e+001	
  4.9900000000000000e+009	 -1.8151370000000000e+001	
  4.9910000000000000e+009	 -1.8330079999999999e+001	
  4.9920000000000000e+009	 -1.8579100000000000e+001	
  4.9930000000000000e+009	 -1.8698239999999998e+001	
  4.9940000000000000e+009	 -1.8877929999999999e+001	
  4.9950000000000000e+009	 -1.9052730000000000e+001	
  4.9960000000000000e+009	 -1.9168939999999999e+001	
  4.9970000000000000e+009	 -1.9335940000000001e+001	
  4.9980000000000000e+009	 -1.9476559999999999e+001	
  4.9990000000000000e+009	 -1.9572270000000000e+001	
  5.0000000000000000e+009	 -1.9708980000000000e+001	
  5.0010000000000000e+009	 -1.9833010000000002e+001	
  5.0020000000000000e+009	 -1.9923829999999999e+001	
  5.0030000000000000e+009	 -1.9991209999999999e+001	
  5.0040000000000000e+009	 -2.0053709999999999e+001	
  5.0050000000000000e+009	 -2.0180660000000000e+001	
  5.0060000000000000e+009	 -2.0229489999999998e+001	
  5.0070000000000000e+009	 -2.0240240000000000e+001	
  5.0080000000000000e+009	 -2.0272459999999999e+001	
  5.0090000000000000e+009	 -2.0294920000000001e+001	
  5.0100000000000000e+009	 -2.0313479999999998e+001	
  5.0110000000000000e+009	 -2.0333010000000002e+001	
  5.0120000000000000e+009	 -2.0344719999999999e+001	
  5.0130000000000000e+009	 -2.0357420000000001e+001	
  5.0140000000000000e+009	 -2.0397459999999999e+001	
  5.0150000000000000e+009	 -2.0304680000000001e+001	
  5.0160000000000000e+009	 -2.0308589999999999e+001	
  5.0170000000000000e+009	 -2.0383790000000001e+001	
  5.0180000000000000e+009	 -2.0344719999999999e+001	
  5.0190000000000000e+009	 -2.0393550000000001e+001	
  5.0200000000000000e+009	 -2.0364260000000002e+001	
  5.0210000000000000e+009	 -2.0302730000000000e+001	
  5.0220000000000000e+009	 -2.0295900000000000e+001	
  5.0230000000000000e+009	 -2.0314450000000001e+001	
  5.0240000000000000e+009	 -2.0261720000000000e+001	
  5.0250000000000000e+009	 -2.0316410000000001e+001	
  5.0260000000000000e+009	 -2.0351559999999999e+001	
  5.0270000000000000e+009	 -2.0292970000000000e+001	
  5.0280000000000000e+009	 -2.0324220000000000e+001	
  5.0290000000000000e+009	 -2.0366209999999999e+001	
  5.0300000000000000e+009	 -2.0318359999999998e+001	
  5.0310000000000000e+009	 -2.0364260000000002e+001	
  5.0320000000000000e+009	 -2.0377929999999999e+001	
  5.0330000000000000e+009	 -2.0389650000000000e+001	
  5.0340000000000000e+009	 -2.0406250000000000e+001	
  5.0350000000000000e+009	 -2.0402339999999999e+001	
  5.0360000000000000e+009	 -2.0420900000000000e+001	
  5.0370000000000000e+009	 -2.0405270000000002e+001	
  5.0380000000000000e+009	 -2.0412109999999998e+001	
  5.0390000000000000e+009	 -2.0472660000000001e+001	
  5.0400000000000000e+009	 -2.0472660000000001e+001	
  5.0410000000000000e+009	 -2.0470700000000001e+001	
  5.0420000000000000e+009	 -2.0545900000000000e+001	
  5.0430000000000000e+009	 -2.0421869999999998e+001	
  5.0440000000000000e+009	 -2.0550780000000000e+001	
  5.0450000000000000e+009	 -2.0517579999999999e+001	
  5.0460000000000000e+009	 -2.0541989999999998e+001	
  5.0470000000000000e+009	 -2.0547850000000000e+001	
  5.0480000000000000e+009	 -2.0490230000000000e+001	
  5.0490000000000000e+009	 -2.0566410000000001e+001	
  5.0500000000000000e+009	 -2.0522459999999999e+001	
  5.0510000000000000e+009	 -2.0602540000000001e+001	
  5.0520000000000000e+009	 -2.0575189999999999e+001	
  5.0530000000000000e+009	 -2.0666989999999998e+001	
  5.0540000000000000e+009	 -2.0611329999999999e+001	
  5.0550000000000000e+009	 -2.0730470000000000e+001	
  5.0560000000000000e+009	 -2.0794920000000001e+001	
  5.0570000000000000e+009	 -2.0826170000000001e+001	
  5.0580000000000000e+009	 -2.0921869999999998e+001	
  5.0590000000000000e+009	 -2.0971679999999999e+001	
  5.0600000000000000e+009	 -2.1082030000000000e+001	
  5.0610000000000000e+009	 -2.1207030000000000e+001	
  5.0620000000000000e+009	 -2.1268550000000001e+001	
  5.0630000000000000e+009	 -2.1384760000000000e+001	
  5.0640000000000000e+009	 -2.1510739999999998e+001	
  5.0650000000000000e+009	 -2.1616209999999999e+001	
  5.0660000000000000e+009	 -2.1740230000000000e+001	
  5.0670000000000000e+009	 -2.1864260000000002e+001	
  5.0680000000000000e+009	 -2.2027339999999999e+001	
  5.0690000000000000e+009	 -2.2154299999999999e+001	
  5.0700000000000000e+009	 -2.2299800000000001e+001	
  5.0710000000000000e+009	 -2.2424800000000001e+001	
  5.0720000000000000e+009	 -2.2570309999999999e+001	
  5.0730000000000000e+009	 -2.2706060000000001e+001	
  5.0740000000000000e+009	 -2.2831050000000001e+001	
  5.0750000000000000e+009	 -2.2893550000000001e+001	
  5.0760000000000000e+009	 -2.2995110000000000e+001	
  5.0770000000000000e+009	 -2.3141600000000000e+001	
  5.0780000000000000e+009	 -2.3240230000000000e+001	
  5.0790000000000000e+009	 -2.3315429999999999e+001	
  5.0800000000000000e+009	 -2.3412109999999998e+001	
  5.0810000000000000e+009	 -2.3504880000000000e+001	
  5.0820000000000000e+009	 -2.3613280000000000e+001	
  5.0830000000000000e+009	 -2.3643560000000001e+001	
  5.0840000000000000e+009	 -2.3644530000000000e+001	
  5.0850000000000000e+009	 -2.3667970000000000e+001	
  5.0860000000000000e+009	 -2.3687500000000000e+001	
  5.0870000000000000e+009	 -2.3654290000000000e+001	
  5.0880000000000000e+009	 -2.3731449999999999e+001	
  5.0890000000000000e+009	 -2.3681640000000002e+001	
  5.0900000000000000e+009	 -2.3687500000000000e+001	
  5.0910000000000000e+009	 -2.3657229999999998e+001	
  5.0920000000000000e+009	 -2.3590820000000001e+001	
  5.0930000000000000e+009	 -2.3564450000000001e+001	
  5.0940000000000000e+009	 -2.3502929999999999e+001	
  5.0950000000000000e+009	 -2.3414059999999999e+001	
  5.0960000000000000e+009	 -2.3366209999999999e+001	
  5.0970000000000000e+009	 -2.3257809999999999e+001	
  5.0980000000000000e+009	 -2.3190429999999999e+001	
  5.0990000000000000e+009	 -2.3053709999999999e+001	
  5.1000000000000000e+009	 -2.2968750000000000e+001	
  5.1010000000000000e+009	 -2.2833980000000000e+001	
  5.1020000000000000e+009	 -2.2730470000000000e+001	
  5.1030000000000000e+009	 -2.2667970000000000e+001	
  5.1040000000000000e+009	 -2.2539059999999999e+001	
  5.1050000000000000e+009	 -2.2412109999999998e+001	
  5.1060000000000000e+009	 -2.2321290000000001e+001	
  5.1070000000000000e+009	 -2.2182620000000000e+001	
  5.1080000000000000e+009	 -2.2117190000000001e+001	
  5.1090000000000000e+009	 -2.2076170000000001e+001	
  5.1100000000000000e+009	 -2.1956050000000001e+001	
  5.1110000000000000e+009	 -2.1902339999999999e+001	
  5.1120000000000000e+009	 -2.1853510000000000e+001	
  5.1130000000000000e+009	 -2.1771480000000000e+001	
  5.1140000000000000e+009	 -2.1772459999999999e+001	
  5.1150000000000000e+009	 -2.1763670000000001e+001	
  5.1160000000000000e+009	 -2.1720700000000001e+001	
  5.1170000000000000e+009	 -2.1746089999999999e+001	
  5.1180000000000000e+009	 -2.1728520000000000e+001	
  5.1190000000000000e+009	 -2.1828119999999998e+001	
  5.1200000000000000e+009	 -2.1871089999999999e+001	
  5.1210000000000000e+009	 -2.1961910000000000e+001	
  5.1220000000000000e+009	 -2.2051760000000002e+001	
  5.1230000000000000e+009	 -2.2174800000000001e+001	
  5.1240000000000000e+009	 -2.2263670000000001e+001	
  5.1250000000000000e+009	 -2.2429690000000001e+001	
  5.1260000000000000e+009	 -2.2573239999999998e+001	
  5.1270000000000000e+009	 -2.2712890000000002e+001	
  5.1280000000000000e+009	 -2.2875000000000000e+001	
  5.1290000000000000e+009	 -2.3024410000000000e+001	
  5.1300000000000000e+009	 -2.3162109999999998e+001	
  5.1310000000000000e+009	 -2.3346679999999999e+001	
  5.1320000000000000e+009	 -2.3516600000000000e+001	
  5.1330000000000000e+009	 -2.3669920000000001e+001	
  5.1340000000000000e+009	 -2.3790040000000001e+001	
  5.1350000000000000e+009	 -2.3938469999999999e+001	
  5.1360000000000000e+009	 -2.4099609999999998e+001	
  5.1370000000000000e+009	 -2.4282229999999998e+001	
  5.1380000000000000e+009	 -2.4378910000000001e+001	
  5.1390000000000000e+009	 -2.4523430000000001e+001	
  5.1400000000000000e+009	 -2.4701170000000001e+001	
  5.1410000000000000e+009	 -2.4749020000000002e+001	
  5.1420000000000000e+009	 -2.4938469999999999e+001	
  5.1430000000000000e+009	 -2.4895510000000002e+001	
  5.1440000000000000e+009	 -2.4972650000000002e+001	
  5.1450000000000000e+009	 -2.5030270000000002e+001	
  5.1460000000000000e+009	 -2.5109369999999998e+001	
  5.1470000000000000e+009	 -2.5072260000000000e+001	
  5.1480000000000000e+009	 -2.5112300000000001e+001	
  5.1490000000000000e+009	 -2.5173829999999999e+001	
  5.1500000000000000e+009	 -2.5138670000000001e+001	
  5.1510000000000000e+009	 -2.5038080000000001e+001	
  5.1520000000000000e+009	 -2.5020499999999998e+001	
  5.1530000000000000e+009	 -2.4996089999999999e+001	
  5.1540000000000000e+009	 -2.4870110000000000e+001	
  5.1550000000000000e+009	 -2.4804690000000001e+001	
  5.1560000000000000e+009	 -2.4731449999999999e+001	
  5.1570000000000000e+009	 -2.4596679999999999e+001	
  5.1580000000000000e+009	 -2.4463860000000000e+001	
  5.1590000000000000e+009	 -2.4376950000000001e+001	
  5.1600000000000000e+009	 -2.4190429999999999e+001	
  5.1610000000000000e+009	 -2.4054680000000001e+001	
  5.1620000000000000e+009	 -2.3946290000000001e+001	
  5.1630000000000000e+009	 -2.3808589999999999e+001	
  5.1640000000000000e+009	 -2.3657229999999998e+001	
  5.1650000000000000e+009	 -2.3513670000000001e+001	
  5.1660000000000000e+009	 -2.3386720000000000e+001	
  5.1670000000000000e+009	 -2.3220700000000001e+001	
  5.1680000000000000e+009	 -2.3085940000000001e+001	
  5.1690000000000000e+009	 -2.3033200000000001e+001	
  5.1700000000000000e+009	 -2.2902339999999999e+001	
  5.1710000000000000e+009	 -2.2816410000000001e+001	
  5.1720000000000000e+009	 -2.2681640000000002e+001	
  5.1730000000000000e+009	 -2.2654290000000000e+001	
  5.1740000000000000e+009	 -2.2616209999999999e+001	
  5.1750000000000000e+009	 -2.2607420000000001e+001	
  5.1760000000000000e+009	 -2.2625979999999998e+001	
  5.1770000000000000e+009	 -2.2605470000000000e+001	
  5.1780000000000000e+009	 -2.2689450000000001e+001	
  5.1790000000000000e+009	 -2.2729489999999998e+001	
  5.1800000000000000e+009	 -2.2871089999999999e+001	
  5.1810000000000000e+009	 -2.2971679999999999e+001	
  5.1820000000000000e+009	 -2.3080079999999999e+001	
  5.1830000000000000e+009	 -2.3188479999999998e+001	
  5.1840000000000000e+009	 -2.3326170000000001e+001	
  5.1850000000000000e+009	 -2.3351559999999999e+001	
  5.1860000000000000e+009	 -2.3506840000000000e+001	
  5.1870000000000000e+009	 -2.3537109999999998e+001	
  5.1880000000000000e+009	 -2.3678709999999999e+001	
  5.1890000000000000e+009	 -2.3802730000000000e+001	
  5.1900000000000000e+009	 -2.3877929999999999e+001	
  5.1910000000000000e+009	 -2.4030270000000002e+001	
  5.1920000000000000e+009	 -2.4117180000000001e+001	
  5.1930000000000000e+009	 -2.4240230000000000e+001	
  5.1940000000000000e+009	 -2.4358400000000000e+001	
  5.1950000000000000e+009	 -2.4429680000000001e+001	
  5.1960000000000000e+009	 -2.4553709999999999e+001	
  5.1970000000000000e+009	 -2.4630859999999998e+001	
  5.1980000000000000e+009	 -2.4745120000000000e+001	
  5.1990000000000000e+009	 -2.4768550000000001e+001	
  5.2000000000000000e+009	 -2.4869140000000002e+001	
  5.2010000000000000e+009	 -2.4964839999999999e+001	
  5.2020000000000000e+009	 -2.5108390000000000e+001	
  5.2030000000000000e+009	 -2.5110350000000000e+001	
  5.2040000000000000e+009	 -2.5133790000000001e+001	
  5.2050000000000000e+009	 -2.5248049999999999e+001	
  5.2060000000000000e+009	 -2.5291989999999998e+001	
  5.2070000000000000e+009	 -2.5222650000000002e+001	
  5.2080000000000000e+009	 -2.5342770000000002e+001	
  5.2090000000000000e+009	 -2.5314450000000001e+001	
  5.2100000000000000e+009	 -2.5369140000000002e+001	
  5.2110000000000000e+009	 -2.5364260000000002e+001	
  5.2120000000000000e+009	 -2.5352540000000001e+001	
  5.2130000000000000e+009	 -2.5380859999999998e+001	
  5.2140000000000000e+009	 -2.5400390000000002e+001	
  5.2150000000000000e+009	 -2.5489249999999998e+001	
  5.2160000000000000e+009	 -2.5390630000000002e+001	
  5.2170000000000000e+009	 -2.5351559999999999e+001	
  5.2180000000000000e+009	 -2.5428709999999999e+001	
  5.2190000000000000e+009	 -2.5384760000000000e+001	
  5.2200000000000000e+009	 -2.5359369999999998e+001	
  5.2210000000000000e+009	 -2.5380859999999998e+001	
  5.2220000000000000e+009	 -2.5303709999999999e+001	
  5.2230000000000000e+009	 -2.5260739999999998e+001	
  5.2240000000000000e+009	 -2.5163080000000001e+001	
  5.2250000000000000e+009	 -2.5132809999999999e+001	
  5.2260000000000000e+009	 -2.5058589999999999e+001	
  5.2270000000000000e+009	 -2.4971679999999999e+001	
  5.2280000000000000e+009	 -2.4885739999999998e+001	
  5.2290000000000000e+009	 -2.4818359999999998e+001	
  5.2300000000000000e+009	 -2.4741209999999999e+001	
  5.2310000000000000e+009	 -2.4631830000000001e+001	
  5.2320000000000000e+009	 -2.4540040000000001e+001	
  5.2330000000000000e+009	 -2.4458980000000000e+001	
  5.2340000000000000e+009	 -2.4355470000000000e+001	
  5.2350000000000000e+009	 -2.4185540000000000e+001	
  5.2360000000000000e+009	 -2.4090820000000001e+001	
  5.2370000000000000e+009	 -2.4022459999999999e+001	
  5.2380000000000000e+009	 -2.3878900000000002e+001	
  5.2390000000000000e+009	 -2.3828130000000002e+001	
  5.2400000000000000e+009	 -2.3676760000000002e+001	
  5.2410000000000000e+009	 -2.3500000000000000e+001	
  5.2420000000000000e+009	 -2.3458980000000000e+001	
  5.2430000000000000e+009	 -2.3355470000000000e+001	
  5.2440000000000000e+009	 -2.3337890000000002e+001	
  5.2450000000000000e+009	 -2.3209959999999999e+001	
  5.2460000000000000e+009	 -2.3126950000000001e+001	
  5.2470000000000000e+009	 -2.3141600000000000e+001	
  5.2480000000000000e+009	 -2.3087890000000002e+001	
  5.2490000000000000e+009	 -2.3125000000000000e+001	
  5.2500000000000000e+009	 -2.3156250000000000e+001	
  5.2510000000000000e+009	 -2.3081050000000001e+001	
  5.2520000000000000e+009	 -2.3124020000000002e+001	
  5.2530000000000000e+009	 -2.3173829999999999e+001	
  5.2540000000000000e+009	 -2.3237300000000001e+001	
  5.2550000000000000e+009	 -2.3299800000000001e+001	
  5.2560000000000000e+009	 -2.3381830000000001e+001	
  5.2570000000000000e+009	 -2.3455079999999999e+001	
  5.2580000000000000e+009	 -2.3543939999999999e+001	
  5.2590000000000000e+009	 -2.3626950000000001e+001	
  5.2600000000000000e+009	 -2.3727540000000001e+001	
  5.2610000000000000e+009	 -2.3866209999999999e+001	
  5.2620000000000000e+009	 -2.3927730000000000e+001	
  5.2630000000000000e+009	 -2.4096679999999999e+001	
  5.2640000000000000e+009	 -2.4162109999999998e+001	
  5.2650000000000000e+009	 -2.4293939999999999e+001	
  5.2660000000000000e+009	 -2.4319330000000001e+001	
  5.2670000000000000e+009	 -2.4440429999999999e+001	
  5.2680000000000000e+009	 -2.4562500000000000e+001	
  5.2690000000000000e+009	 -2.4699220000000000e+001	
  5.2700000000000000e+009	 -2.4761710000000001e+001	
  5.2710000000000000e+009	 -2.4718750000000000e+001	
  5.2720000000000000e+009	 -2.4810540000000000e+001	
  5.2730000000000000e+009	 -2.4812500000000000e+001	
  5.2740000000000000e+009	 -2.4930660000000000e+001	
  5.2750000000000000e+009	 -2.4967770000000002e+001	
  5.2760000000000000e+009	 -2.4975590000000000e+001	
  5.2770000000000000e+009	 -2.5008790000000001e+001	
  5.2780000000000000e+009	 -2.5018550000000001e+001	
  5.2790000000000000e+009	 -2.4989260000000002e+001	
  5.2800000000000000e+009	 -2.5023440000000001e+001	
  5.2810000000000000e+009	 -2.4975590000000000e+001	
  5.2820000000000000e+009	 -2.4909179999999999e+001	
  5.2830000000000000e+009	 -2.4921880000000002e+001	
  5.2840000000000000e+009	 -2.4879880000000000e+001	
  5.2850000000000000e+009	 -2.4840820000000001e+001	
  5.2860000000000000e+009	 -2.4789059999999999e+001	
  5.2870000000000000e+009	 -2.4743160000000000e+001	
  5.2880000000000000e+009	 -2.4702150000000000e+001	
  5.2890000000000000e+009	 -2.4663090000000000e+001	
  5.2900000000000000e+009	 -2.4640619999999998e+001	
  5.2910000000000000e+009	 -2.4575199999999999e+001	
  5.2920000000000000e+009	 -2.4505859999999998e+001	
  5.2930000000000000e+009	 -2.4452150000000000e+001	
  5.2940000000000000e+009	 -2.4393550000000001e+001	
  5.2950000000000000e+009	 -2.4360350000000000e+001	
  5.2960000000000000e+009	 -2.4259760000000000e+001	
  5.2970000000000000e+009	 -2.4218750000000000e+001	
  5.2980000000000000e+009	 -2.4210930000000001e+001	
  5.2990000000000000e+009	 -2.4102540000000001e+001	
  5.3000000000000000e+009	 -2.4083980000000000e+001	
