  4.5000000000000000e+009	 -2.4028320000000001e+001	
  4.5010000000000000e+009	 -2.3994140000000002e+001	
  4.5020000000000000e+009	 -2.3929690000000001e+001	
  4.5030000000000000e+009	 -2.3904290000000000e+001	
  4.5040000000000000e+009	 -2.3947260000000000e+001	
  4.5050000000000000e+009	 -2.3976559999999999e+001	
  4.5060000000000000e+009	 -2.4030270000000002e+001	
  4.5070000000000000e+009	 -2.4073239999999998e+001	
  4.5080000000000000e+009	 -2.4119140000000002e+001	
  4.5090000000000000e+009	 -2.4201170000000001e+001	
  4.5100000000000000e+009	 -2.4320309999999999e+001	
  4.5110000000000000e+009	 -2.4393550000000001e+001	
  4.5120000000000000e+009	 -2.4472660000000001e+001	
  4.5130000000000000e+009	 -2.4603510000000000e+001	
  4.5140000000000000e+009	 -2.4713860000000000e+001	
  4.5150000000000000e+009	 -2.4800780000000000e+001	
  4.5160000000000000e+009	 -2.4934570000000001e+001	
  4.5170000000000000e+009	 -2.5038080000000001e+001	
  4.5180000000000000e+009	 -2.5106439999999999e+001	
  4.5190000000000000e+009	 -2.5231439999999999e+001	
  4.5200000000000000e+009	 -2.5298819999999999e+001	
  4.5210000000000000e+009	 -2.5347650000000002e+001	
  4.5220000000000000e+009	 -2.5464839999999999e+001	
  4.5230000000000000e+009	 -2.5532229999999998e+001	
  4.5240000000000000e+009	 -2.5572260000000000e+001	
  4.5250000000000000e+009	 -2.5552730000000000e+001	
  4.5260000000000000e+009	 -2.5570309999999999e+001	
  4.5270000000000000e+009	 -2.5538080000000001e+001	
  4.5280000000000000e+009	 -2.5535150000000002e+001	
  4.5290000000000000e+009	 -2.5474609999999998e+001	
  4.5300000000000000e+009	 -2.5505859999999998e+001	
  4.5310000000000000e+009	 -2.5417970000000000e+001	
  4.5320000000000000e+009	 -2.5270499999999998e+001	
  4.5330000000000000e+009	 -2.5162109999999998e+001	
  4.5340000000000000e+009	 -2.4965820000000001e+001	
  4.5350000000000000e+009	 -2.4752929999999999e+001	
  4.5360000000000000e+009	 -2.4591790000000000e+001	
  4.5370000000000000e+009	 -2.4360350000000000e+001	
  4.5380000000000000e+009	 -2.4089839999999999e+001	
  4.5390000000000000e+009	 -2.3808589999999999e+001	
  4.5400000000000000e+009	 -2.3491209999999999e+001	
  4.5410000000000000e+009	 -2.3188479999999998e+001	
  4.5420000000000000e+009	 -2.2979489999999998e+001	
  4.5430000000000000e+009	 -2.3020510000000002e+001	
  4.5440000000000000e+009	 -2.3475580000000001e+001	
  4.5450000000000000e+009	 -2.4694330000000001e+001	
  4.5460000000000000e+009	 -2.6629880000000000e+001	
  4.5470000000000000e+009	 -2.8550780000000000e+001	
  4.5480000000000000e+009	 -2.9710940000000001e+001	
  4.5490000000000000e+009	 -2.9935549999999999e+001	
  4.5500000000000000e+009	 -2.9588870000000000e+001	
  4.5510000000000000e+009	 -2.9006830000000001e+001	
  4.5520000000000000e+009	 -2.8407229999999998e+001	
  4.5530000000000000e+009	 -2.7881830000000001e+001	
  4.5540000000000000e+009	 -2.7484369999999998e+001	
  4.5550000000000000e+009	 -2.7082030000000000e+001	
  4.5560000000000000e+009	 -2.6693359999999998e+001	
  4.5570000000000000e+009	 -2.6451170000000001e+001	
  4.5580000000000000e+009	 -2.6172850000000000e+001	
  4.5590000000000000e+009	 -2.6095700000000001e+001	
  4.5600000000000000e+009	 -2.5839839999999999e+001	
  4.5610000000000000e+009	 -2.5712890000000002e+001	
  4.5620000000000000e+009	 -2.5700189999999999e+001	
  4.5630000000000000e+009	 -2.5564450000000001e+001	
  4.5640000000000000e+009	 -2.5542960000000001e+001	
  4.5650000000000000e+009	 -2.5471679999999999e+001	
  4.5660000000000000e+009	 -2.5485350000000000e+001	
  4.5670000000000000e+009	 -2.5442380000000000e+001	
  4.5680000000000000e+009	 -2.5453119999999998e+001	
  4.5690000000000000e+009	 -2.5532229999999998e+001	
  4.5700000000000000e+009	 -2.5531250000000000e+001	
  4.5710000000000000e+009	 -2.5595700000000001e+001	
  4.5720000000000000e+009	 -2.5665040000000001e+001	
  4.5730000000000000e+009	 -2.5734369999999998e+001	
  4.5740000000000000e+009	 -2.5802730000000000e+001	
  4.5750000000000000e+009	 -2.5875969999999999e+001	
  4.5760000000000000e+009	 -2.5944330000000001e+001	
  4.5770000000000000e+009	 -2.6017579999999999e+001	
  4.5780000000000000e+009	 -2.6120110000000000e+001	
  4.5790000000000000e+009	 -2.6204100000000000e+001	
  4.5800000000000000e+009	 -2.6290040000000001e+001	
  4.5810000000000000e+009	 -2.6374020000000002e+001	
  4.5820000000000000e+009	 -2.6408200000000001e+001	
  4.5830000000000000e+009	 -2.6499020000000002e+001	
  4.5840000000000000e+009	 -2.6558589999999999e+001	
  4.5850000000000000e+009	 -2.6623040000000000e+001	
  4.5860000000000000e+009	 -2.6664059999999999e+001	
  4.5870000000000000e+009	 -2.6693359999999998e+001	
  4.5880000000000000e+009	 -2.6750000000000000e+001	
  4.5890000000000000e+009	 -2.6797850000000000e+001	
  4.5900000000000000e+009	 -2.6774410000000000e+001	
  4.5910000000000000e+009	 -2.6839839999999999e+001	
  4.5920000000000000e+009	 -2.6780270000000002e+001	
  4.5930000000000000e+009	 -2.6777339999999999e+001	
  4.5940000000000000e+009	 -2.6754880000000000e+001	
  4.5950000000000000e+009	 -2.6721679999999999e+001	
  4.5960000000000000e+009	 -2.6734369999999998e+001	
  4.5970000000000000e+009	 -2.6762699999999999e+001	
  4.5980000000000000e+009	 -2.6729489999999998e+001	
  4.5990000000000000e+009	 -2.6633790000000001e+001	
  4.6000000000000000e+009	 -2.6613280000000000e+001	
  4.6010000000000000e+009	 -2.6545900000000000e+001	
  4.6020000000000000e+009	 -2.6386720000000000e+001	
  4.6030000000000000e+009	 -2.6334959999999999e+001	
  4.6040000000000000e+009	 -2.6214839999999999e+001	
  4.6050000000000000e+009	 -2.6054690000000001e+001	
  4.6060000000000000e+009	 -2.6007809999999999e+001	
  4.6070000000000000e+009	 -2.5854489999999998e+001	
  4.6080000000000000e+009	 -2.5743160000000000e+001	
  4.6090000000000000e+009	 -2.5633790000000001e+001	
  4.6100000000000000e+009	 -2.5500969999999999e+001	
  4.6110000000000000e+009	 -2.5390630000000002e+001	
  4.6120000000000000e+009	 -2.5247070000000001e+001	
  4.6130000000000000e+009	 -2.5159179999999999e+001	
  4.6140000000000000e+009	 -2.5030270000000002e+001	
  4.6150000000000000e+009	 -2.4896480000000000e+001	
  4.6160000000000000e+009	 -2.4803709999999999e+001	
  4.6170000000000000e+009	 -2.4708980000000000e+001	
  4.6180000000000000e+009	 -2.4662109999999998e+001	
  4.6190000000000000e+009	 -2.4549800000000001e+001	
  4.6200000000000000e+009	 -2.4543939999999999e+001	
  4.6210000000000000e+009	 -2.4472660000000001e+001	
  4.6220000000000000e+009	 -2.4426760000000002e+001	
  4.6230000000000000e+009	 -2.4441400000000002e+001	
  4.6240000000000000e+009	 -2.4377929999999999e+001	
  4.6250000000000000e+009	 -2.4290040000000001e+001	
  4.6260000000000000e+009	 -2.4369140000000002e+001	
  4.6270000000000000e+009	 -2.4433589999999999e+001	
  4.6280000000000000e+009	 -2.4355470000000000e+001	
  4.6290000000000000e+009	 -2.4434570000000001e+001	
  4.6300000000000000e+009	 -2.4445309999999999e+001	
  4.6310000000000000e+009	 -2.4481439999999999e+001	
  4.6320000000000000e+009	 -2.4487300000000001e+001	
  4.6330000000000000e+009	 -2.4544920000000001e+001	
  4.6340000000000000e+009	 -2.4579100000000000e+001	
  4.6350000000000000e+009	 -2.4618160000000000e+001	
  4.6360000000000000e+009	 -2.4708980000000000e+001	
  4.6370000000000000e+009	 -2.4742180000000001e+001	
  4.6380000000000000e+009	 -2.4756830000000001e+001	
  4.6390000000000000e+009	 -2.4828119999999998e+001	
  4.6400000000000000e+009	 -2.4843750000000000e+001	
  4.6410000000000000e+009	 -2.4848630000000000e+001	
  4.6420000000000000e+009	 -2.4841790000000000e+001	
  4.6430000000000000e+009	 -2.4866209999999999e+001	
  4.6440000000000000e+009	 -2.4901370000000000e+001	
  4.6450000000000000e+009	 -2.4903320000000001e+001	
  4.6460000000000000e+009	 -2.4883790000000001e+001	
  4.6470000000000000e+009	 -2.4906250000000000e+001	
  4.6480000000000000e+009	 -2.4849609999999998e+001	
  4.6490000000000000e+009	 -2.4859369999999998e+001	
  4.6500000000000000e+009	 -2.4847660000000001e+001	
  4.6510000000000000e+009	 -2.4870110000000000e+001	
  4.6520000000000000e+009	 -2.4820309999999999e+001	
  4.6530000000000000e+009	 -2.4797850000000000e+001	
  4.6540000000000000e+009	 -2.4760739999999998e+001	
  4.6550000000000000e+009	 -2.4757809999999999e+001	
  4.6560000000000000e+009	 -2.4655270000000002e+001	
  4.6570000000000000e+009	 -2.4744140000000002e+001	
  4.6580000000000000e+009	 -2.4784179999999999e+001	
  4.6590000000000000e+009	 -2.4647459999999999e+001	
  4.6600000000000000e+009	 -2.4624020000000002e+001	
  4.6610000000000000e+009	 -2.4642579999999999e+001	
  4.6620000000000000e+009	 -2.4634760000000000e+001	
  4.6630000000000000e+009	 -2.4652339999999999e+001	
  4.6640000000000000e+009	 -2.4603510000000000e+001	
  4.6650000000000000e+009	 -2.4563469999999999e+001	
  4.6660000000000000e+009	 -2.4619140000000002e+001	
  4.6670000000000000e+009	 -2.4628910000000001e+001	
  4.6680000000000000e+009	 -2.4585930000000001e+001	
  4.6690000000000000e+009	 -2.4622070000000001e+001	
  4.6700000000000000e+009	 -2.4604489999999998e+001	
  4.6710000000000000e+009	 -2.4616209999999999e+001	
  4.6720000000000000e+009	 -2.4639640000000000e+001	
  4.6730000000000000e+009	 -2.4649410000000000e+001	
  4.6740000000000000e+009	 -2.4671869999999998e+001	
  4.6750000000000000e+009	 -2.4628910000000001e+001	
  4.6760000000000000e+009	 -2.4615230000000000e+001	
  4.6770000000000000e+009	 -2.4622070000000001e+001	
  4.6780000000000000e+009	 -2.4602540000000001e+001	
  4.6790000000000000e+009	 -2.4577150000000000e+001	
  4.6800000000000000e+009	 -2.4587890000000002e+001	
  4.6810000000000000e+009	 -2.4496089999999999e+001	
  4.6820000000000000e+009	 -2.4445309999999999e+001	
  4.6830000000000000e+009	 -2.4358400000000000e+001	
  4.6840000000000000e+009	 -2.4284179999999999e+001	
  4.6850000000000000e+009	 -2.4306640000000002e+001	
  4.6860000000000000e+009	 -2.4186520000000002e+001	
  4.6870000000000000e+009	 -2.4084959999999999e+001	
  4.6880000000000000e+009	 -2.3938469999999999e+001	
  4.6890000000000000e+009	 -2.3856439999999999e+001	
  4.6900000000000000e+009	 -2.3749020000000002e+001	
  4.6910000000000000e+009	 -2.3581050000000001e+001	
  4.6920000000000000e+009	 -2.3533200000000001e+001	
  4.6930000000000000e+009	 -2.3340820000000001e+001	
  4.6940000000000000e+009	 -2.3250979999999998e+001	
  4.6950000000000000e+009	 -2.3097650000000002e+001	
  4.6960000000000000e+009	 -2.2950199999999999e+001	
  4.6970000000000000e+009	 -2.2867190000000001e+001	
  4.6980000000000000e+009	 -2.2692380000000000e+001	
  4.6990000000000000e+009	 -2.2603520000000000e+001	
  4.7000000000000000e+009	 -2.2475590000000000e+001	
  4.7010000000000000e+009	 -2.2371089999999999e+001	
  4.7020000000000000e+009	 -2.2263670000000001e+001	
  4.7030000000000000e+009	 -2.2199220000000000e+001	
  4.7040000000000000e+009	 -2.2103510000000000e+001	
  4.7050000000000000e+009	 -2.2046880000000002e+001	
  4.7060000000000000e+009	 -2.1988280000000000e+001	
  4.7070000000000000e+009	 -2.1948239999999998e+001	
  4.7080000000000000e+009	 -2.1912109999999998e+001	
  4.7090000000000000e+009	 -2.1880859999999998e+001	
  4.7100000000000000e+009	 -2.1760739999999998e+001	
  4.7110000000000000e+009	 -2.1754880000000000e+001	
  4.7120000000000000e+009	 -2.1748049999999999e+001	
  4.7130000000000000e+009	 -2.1807620000000000e+001	
  4.7140000000000000e+009	 -2.1835940000000001e+001	
  4.7150000000000000e+009	 -2.1871089999999999e+001	
  4.7160000000000000e+009	 -2.1970700000000001e+001	
  4.7170000000000000e+009	 -2.1931640000000002e+001	
  4.7180000000000000e+009	 -2.2045900000000000e+001	
  4.7190000000000000e+009	 -2.2119140000000002e+001	
  4.7200000000000000e+009	 -2.2264650000000000e+001	
  4.7210000000000000e+009	 -2.2303709999999999e+001	
  4.7220000000000000e+009	 -2.2329100000000000e+001	
  4.7230000000000000e+009	 -2.2468750000000000e+001	
  4.7240000000000000e+009	 -2.2477540000000001e+001	
  4.7250000000000000e+009	 -2.2549810000000001e+001	
  4.7260000000000000e+009	 -2.2507809999999999e+001	
  4.7270000000000000e+009	 -2.2586910000000000e+001	
  4.7280000000000000e+009	 -2.2643550000000001e+001	
  4.7290000000000000e+009	 -2.2696290000000001e+001	
  4.7300000000000000e+009	 -2.2701170000000001e+001	
  4.7310000000000000e+009	 -2.2646480000000000e+001	
  4.7320000000000000e+009	 -2.2707030000000000e+001	
  4.7330000000000000e+009	 -2.2699220000000000e+001	
  4.7340000000000000e+009	 -2.2695309999999999e+001	
  4.7350000000000000e+009	 -2.2644530000000000e+001	
  4.7360000000000000e+009	 -2.2610350000000000e+001	
  4.7370000000000000e+009	 -2.2559570000000001e+001	
  4.7380000000000000e+009	 -2.2485350000000000e+001	
  4.7390000000000000e+009	 -2.2423829999999999e+001	
  4.7400000000000000e+009	 -2.2354489999999998e+001	
  4.7410000000000000e+009	 -2.2269530000000000e+001	
  4.7420000000000000e+009	 -2.2165040000000001e+001	
  4.7430000000000000e+009	 -2.2034179999999999e+001	
  4.7440000000000000e+009	 -2.1933589999999999e+001	
  4.7450000000000000e+009	 -2.1841799999999999e+001	
  4.7460000000000000e+009	 -2.1713870000000000e+001	
  4.7470000000000000e+009	 -2.1543949999999999e+001	
  4.7480000000000000e+009	 -2.1425780000000000e+001	
  4.7490000000000000e+009	 -2.1310540000000000e+001	
  4.7500000000000000e+009	 -2.1092770000000002e+001	
  4.7510000000000000e+009	 -2.0896480000000000e+001	
  4.7520000000000000e+009	 -2.0748049999999999e+001	
  4.7530000000000000e+009	 -2.0611329999999999e+001	
  4.7540000000000000e+009	 -2.0360350000000000e+001	
  4.7550000000000000e+009	 -2.0226559999999999e+001	
  4.7560000000000000e+009	 -2.0074220000000000e+001	
  4.7570000000000000e+009	 -1.9849609999999998e+001	
  4.7580000000000000e+009	 -1.9674800000000001e+001	
  4.7590000000000000e+009	 -1.9411130000000000e+001	
  4.7600000000000000e+009	 -1.9285150000000002e+001	
  4.7610000000000000e+009	 -1.9167970000000000e+001	
  4.7620000000000000e+009	 -1.8995120000000000e+001	
  4.7630000000000000e+009	 -1.8823239999999998e+001	
  4.7640000000000000e+009	 -1.8736329999999999e+001	
  4.7650000000000000e+009	 -1.8547850000000000e+001	
  4.7660000000000000e+009	 -1.8448239999999998e+001	
  4.7670000000000000e+009	 -1.8365230000000000e+001	
  4.7680000000000000e+009	 -1.8294920000000001e+001	
  4.7690000000000000e+009	 -1.8193359999999998e+001	
  4.7700000000000000e+009	 -1.8150390000000002e+001	
  4.7710000000000000e+009	 -1.8132809999999999e+001	
  4.7720000000000000e+009	 -1.8099609999999998e+001	
  4.7730000000000000e+009	 -1.8096679999999999e+001	
  4.7740000000000000e+009	 -1.8083010000000002e+001	
  4.7750000000000000e+009	 -1.8130859999999998e+001	
  4.7760000000000000e+009	 -1.8181640000000002e+001	
  4.7770000000000000e+009	 -1.8233400000000000e+001	
  4.7780000000000000e+009	 -1.8250979999999998e+001	
  4.7790000000000000e+009	 -1.8348630000000000e+001	
  4.7800000000000000e+009	 -1.8318359999999998e+001	
  4.7810000000000000e+009	 -1.8433589999999999e+001	
  4.7820000000000000e+009	 -1.8482420000000001e+001	
  4.7830000000000000e+009	 -1.8499020000000002e+001	
  4.7840000000000000e+009	 -1.8653320000000001e+001	
  4.7850000000000000e+009	 -1.8658200000000001e+001	
  4.7860000000000000e+009	 -1.8723630000000000e+001	
  4.7870000000000000e+009	 -1.8742190000000001e+001	
  4.7880000000000000e+009	 -1.8815429999999999e+001	
  4.7890000000000000e+009	 -1.8840820000000001e+001	
  4.7900000000000000e+009	 -1.8849609999999998e+001	
  4.7910000000000000e+009	 -1.8880859999999998e+001	
  4.7920000000000000e+009	 -1.8822260000000000e+001	
  4.7930000000000000e+009	 -1.8790040000000001e+001	
  4.7940000000000000e+009	 -1.8747070000000001e+001	
  4.7950000000000000e+009	 -1.8746089999999999e+001	
  4.7960000000000000e+009	 -1.8655270000000002e+001	
  4.7970000000000000e+009	 -1.8620120000000000e+001	
  4.7980000000000000e+009	 -1.8495120000000000e+001	
  4.7990000000000000e+009	 -1.8351559999999999e+001	
  4.8000000000000000e+009	 -1.8219729999999998e+001	
  4.8010000000000000e+009	 -1.8052730000000000e+001	
  4.8020000000000000e+009	 -1.7897459999999999e+001	
  4.8030000000000000e+009	 -1.7730470000000000e+001	
  4.8040000000000000e+009	 -1.7511720000000000e+001	
  4.8050000000000000e+009	 -1.7343750000000000e+001	
  4.8060000000000000e+009	 -1.7144530000000000e+001	
  4.8070000000000000e+009	 -1.6946290000000001e+001	
  4.8080000000000000e+009	 -1.6753900000000002e+001	
  4.8090000000000000e+009	 -1.6524410000000000e+001	
  4.8100000000000000e+009	 -1.6284179999999999e+001	
  4.8110000000000000e+009	 -1.6073239999999998e+001	
  4.8120000000000000e+009	 -1.5872070000000001e+001	
  4.8130000000000000e+009	 -1.5582520000000001e+001	
  4.8140000000000000e+009	 -1.5375000000000000e+001	
  4.8150000000000000e+009	 -1.5205080000000001e+001	
  4.8160000000000000e+009	 -1.4962400000000001e+001	
  4.8170000000000000e+009	 -1.4760249999999999e+001	
  4.8180000000000000e+009	 -1.4616700000000000e+001	
  4.8190000000000000e+009	 -1.4385249999999999e+001	
  4.8200000000000000e+009	 -1.4289059999999999e+001	
  4.8210000000000000e+009	 -1.4189940000000000e+001	
  4.8220000000000000e+009	 -1.4043950000000001e+001	
  4.8230000000000000e+009	 -1.3854490000000000e+001	
  4.8240000000000000e+009	 -1.3799799999999999e+001	
  4.8250000000000000e+009	 -1.3733890000000001e+001	
  4.8260000000000000e+009	 -1.3599119999999999e+001	
  4.8270000000000000e+009	 -1.3511229999999999e+001	
  4.8280000000000000e+009	 -1.3431150000000001e+001	
  4.8290000000000000e+009	 -1.3384280000000000e+001	
  4.8300000000000000e+009	 -1.3280760000000001e+001	
  4.8310000000000000e+009	 -1.3190429999999999e+001	
  4.8320000000000000e+009	 -1.3102050000000000e+001	
  4.8330000000000000e+009	 -1.3047850000000000e+001	
  4.8340000000000000e+009	 -1.2970210000000000e+001	
  4.8350000000000000e+009	 -1.2875980000000000e+001	
  4.8360000000000000e+009	 -1.2766109999999999e+001	
  4.8370000000000000e+009	 -1.2706049999999999e+001	
  4.8380000000000000e+009	 -1.2595700000000001e+001	
  4.8390000000000000e+009	 -1.2406739999999999e+001	
  4.8400000000000000e+009	 -1.2304690000000001e+001	
  4.8410000000000000e+009	 -1.2169430000000000e+001	
  4.8420000000000000e+009	 -1.2031739999999999e+001	
  4.8430000000000000e+009	 -1.1877929999999999e+001	
  4.8440000000000000e+009	 -1.1708010000000000e+001	
  4.8450000000000000e+009	 -1.1594730000000000e+001	
  4.8460000000000000e+009	 -1.1425290000000000e+001	
  4.8470000000000000e+009	 -1.1270510000000000e+001	
  4.8480000000000000e+009	 -1.1150880000000001e+001	
  4.8490000000000000e+009	 -1.0989260000000000e+001	
  4.8500000000000000e+009	 -1.0773930000000000e+001	
  4.8510000000000000e+009	 -1.0665530000000000e+001	
  4.8520000000000000e+009	 -1.0447270000000000e+001	
  4.8530000000000000e+009	 -1.0352050000000000e+001	
  4.8540000000000000e+009	 -1.0111330000000001e+001	
  4.8550000000000000e+009	 -9.9536130000000007e+000	
  4.8560000000000000e+009	 -9.8212890000000002e+000	
  4.8570000000000000e+009	 -9.6972660000000008e+000	
  4.8580000000000000e+009	 -9.5800780000000003e+000	
  4.8590000000000000e+009	 -9.4218750000000000e+000	
  4.8600000000000000e+009	 -9.3291020000000007e+000	
  4.8610000000000000e+009	 -9.1948240000000006e+000	
  4.8620000000000000e+009	 -9.0839839999999992e+000	
  4.8630000000000000e+009	 -8.9760740000000006e+000	
  4.8640000000000000e+009	 -8.8603520000000007e+000	
  4.8650000000000000e+009	 -8.7797850000000004e+000	
  4.8660000000000000e+009	 -8.6562500000000000e+000	
  4.8670000000000000e+009	 -8.5913090000000008e+000	
  4.8680000000000000e+009	 -8.4658200000000008e+000	
  4.8690000000000000e+009	 -8.3081049999999994e+000	
  4.8700000000000000e+009	 -8.2353520000000007e+000	
  4.8710000000000000e+009	 -8.1098630000000007e+000	
  4.8720000000000000e+009	 -7.9860840000000000e+000	
  4.8730000000000000e+009	 -7.8764649999999996e+000	
  4.8740000000000000e+009	 -7.7963870000000002e+000	
  4.8750000000000000e+009	 -7.6591800000000001e+000	
  4.8760000000000000e+009	 -7.5505370000000003e+000	
  4.8770000000000000e+009	 -7.3984379999999996e+000	
  4.8780000000000000e+009	 -7.2941890000000003e+000	
  4.8790000000000000e+009	 -7.2451169999999996e+000	
  4.8800000000000000e+009	 -7.0510250000000001e+000	
  4.8810000000000000e+009	 -6.9973140000000003e+000	
  4.8820000000000000e+009	 -6.9123539999999997e+000	
  4.8830000000000000e+009	 -6.8479000000000001e+000	
  4.8840000000000000e+009	 -6.7846679999999999e+000	
  4.8850000000000000e+009	 -6.7893070000000000e+000	
  4.8860000000000000e+009	 -6.7524410000000001e+000	
  4.8870000000000000e+009	 -6.7592770000000000e+000	
  4.8880000000000000e+009	 -6.7971190000000004e+000	
  4.8890000000000000e+009	 -6.7932129999999997e+000	
  4.8900000000000000e+009	 -6.8391109999999999e+000	
  4.8910000000000000e+009	 -6.8674320000000000e+000	
  4.8920000000000000e+009	 -6.8935550000000001e+000	
  4.8930000000000000e+009	 -6.9995120000000002e+000	
  4.8940000000000000e+009	 -7.0385739999999997e+000	
  4.8950000000000000e+009	 -7.0739749999999999e+000	
  4.8960000000000000e+009	 -7.1125489999999996e+000	
  4.8970000000000000e+009	 -7.2224120000000003e+000	
  4.8980000000000000e+009	 -7.3393550000000003e+000	
  4.8990000000000000e+009	 -7.3281250000000000e+000	
  4.9000000000000000e+009	 -7.4174800000000003e+000	
  4.9010000000000000e+009	 -7.4487300000000003e+000	
  4.9020000000000000e+009	 -7.5161129999999998e+000	
  4.9030000000000000e+009	 -7.5449219999999997e+000	
  4.9040000000000000e+009	 -7.6291500000000001e+000	
  4.9050000000000000e+009	 -7.6525879999999997e+000	
  4.9060000000000000e+009	 -7.7062989999999996e+000	
  4.9070000000000000e+009	 -7.7597659999999999e+000	
  4.9080000000000000e+009	 -7.8142090000000000e+000	
  4.9090000000000000e+009	 -7.8801269999999999e+000	
  4.9100000000000000e+009	 -7.9362789999999999e+000	
  4.9110000000000000e+009	 -8.0385740000000006e+000	
  4.9120000000000000e+009	 -8.1250000000000000e+000	
  4.9130000000000000e+009	 -8.2236329999999995e+000	
  4.9140000000000000e+009	 -8.3295899999999996e+000	
  4.9150000000000000e+009	 -8.4438479999999991e+000	
  4.9160000000000000e+009	 -8.5908200000000008e+000	
  4.9170000000000000e+009	 -8.7856450000000006e+000	
  4.9180000000000000e+009	 -8.9340820000000001e+000	
  4.9190000000000000e+009	 -9.0444340000000008e+000	
  4.9200000000000000e+009	 -9.2504880000000007e+000	
  4.9210000000000000e+009	 -9.4501950000000008e+000	
  4.9220000000000000e+009	 -9.6455079999999995e+000	
  4.9230000000000000e+009	 -9.8706049999999994e+000	
  4.9240000000000000e+009	 -1.0092770000000000e+001	
  4.9250000000000000e+009	 -1.0290530000000000e+001	
  4.9260000000000000e+009	 -1.0506840000000000e+001	
  4.9270000000000000e+009	 -1.0754390000000001e+001	
  4.9280000000000000e+009	 -1.1047359999999999e+001	
  4.9290000000000000e+009	 -1.1250980000000000e+001	
  4.9300000000000000e+009	 -1.1492680000000000e+001	
  4.9310000000000000e+009	 -1.1728520000000000e+001	
  4.9320000000000000e+009	 -1.2016109999999999e+001	
  4.9330000000000000e+009	 -1.2212400000000001e+001	
  4.9340000000000000e+009	 -1.2449710000000000e+001	
  4.9350000000000000e+009	 -1.2715820000000001e+001	
  4.9360000000000000e+009	 -1.2926270000000001e+001	
  4.9370000000000000e+009	 -1.3123049999999999e+001	
  4.9380000000000000e+009	 -1.3351559999999999e+001	
  4.9390000000000000e+009	 -1.3562500000000000e+001	
  4.9400000000000000e+009	 -1.3758300000000000e+001	
  4.9410000000000000e+009	 -1.3963380000000001e+001	
  4.9420000000000000e+009	 -1.4120120000000000e+001	
  4.9430000000000000e+009	 -1.4310549999999999e+001	
  4.9440000000000000e+009	 -1.4437989999999999e+001	
  4.9450000000000000e+009	 -1.4567869999999999e+001	
  4.9460000000000000e+009	 -1.4743160000000000e+001	
  4.9470000000000000e+009	 -1.4865230000000000e+001	
  4.9480000000000000e+009	 -1.4944820000000000e+001	
  4.9490000000000000e+009	 -1.5007809999999999e+001	
  4.9500000000000000e+009	 -1.5114260000000000e+001	
  4.9510000000000000e+009	 -1.5222170000000000e+001	
  4.9520000000000000e+009	 -1.5242190000000001e+001	
  4.9530000000000000e+009	 -1.5334470000000000e+001	
  4.9540000000000000e+009	 -1.5355960000000000e+001	
  4.9550000000000000e+009	 -1.5378420000000000e+001	
  4.9560000000000000e+009	 -1.5402830000000000e+001	
  4.9570000000000000e+009	 -1.5425290000000000e+001	
  4.9580000000000000e+009	 -1.5401370000000000e+001	
  4.9590000000000000e+009	 -1.5324220000000000e+001	
  4.9600000000000000e+009	 -1.5287110000000000e+001	
  4.9610000000000000e+009	 -1.5327640000000001e+001	
  4.9620000000000000e+009	 -1.5203609999999999e+001	
  4.9630000000000000e+009	 -1.5243650000000001e+001	
  4.9640000000000000e+009	 -1.5161619999999999e+001	
  4.9650000000000000e+009	 -1.5172359999999999e+001	
  4.9660000000000000e+009	 -1.5059080000000000e+001	
  4.9670000000000000e+009	 -1.5044919999999999e+001	
  4.9680000000000000e+009	 -1.4996090000000001e+001	
  4.9690000000000000e+009	 -1.4947270000000000e+001	
  4.9700000000000000e+009	 -1.4930180000000000e+001	
  4.9710000000000000e+009	 -1.4896970000000000e+001	
  4.9720000000000000e+009	 -1.4910640000000001e+001	
  4.9730000000000000e+009	 -1.4910159999999999e+001	
  4.9740000000000000e+009	 -1.4935549999999999e+001	
  4.9750000000000000e+009	 -1.4996090000000001e+001	
  4.9760000000000000e+009	 -1.5028810000000000e+001	
  4.9770000000000000e+009	 -1.5079590000000000e+001	
  4.9780000000000000e+009	 -1.5187989999999999e+001	
  4.9790000000000000e+009	 -1.5338380000000001e+001	
  4.9800000000000000e+009	 -1.5436520000000000e+001	
  4.9810000000000000e+009	 -1.5552730000000000e+001	
  4.9820000000000000e+009	 -1.5729979999999999e+001	
  4.9830000000000000e+009	 -1.5919430000000000e+001	
  4.9840000000000000e+009	 -1.6063479999999998e+001	
  4.9850000000000000e+009	 -1.6269530000000000e+001	
  4.9860000000000000e+009	 -1.6448239999999998e+001	
  4.9870000000000000e+009	 -1.6609369999999998e+001	
  4.9880000000000000e+009	 -1.6836910000000000e+001	
  4.9890000000000000e+009	 -1.7057620000000000e+001	
  4.9900000000000000e+009	 -1.7236329999999999e+001	
  4.9910000000000000e+009	 -1.7442380000000000e+001	
  4.9920000000000000e+009	 -1.7591799999999999e+001	
  4.9930000000000000e+009	 -1.7834959999999999e+001	
  4.9940000000000000e+009	 -1.7977540000000001e+001	
  4.9950000000000000e+009	 -1.8172850000000000e+001	
  4.9960000000000000e+009	 -1.8295900000000000e+001	
  4.9970000000000000e+009	 -1.8483400000000000e+001	
  4.9980000000000000e+009	 -1.8631830000000001e+001	
  4.9990000000000000e+009	 -1.8747070000000001e+001	
  5.0000000000000000e+009	 -1.8878910000000001e+001	
  5.0010000000000000e+009	 -1.8981439999999999e+001	
  5.0020000000000000e+009	 -1.9095700000000001e+001	
  5.0030000000000000e+009	 -1.9159179999999999e+001	
  5.0040000000000000e+009	 -1.9227540000000001e+001	
  5.0050000000000000e+009	 -1.9337890000000002e+001	
  5.0060000000000000e+009	 -1.9369140000000002e+001	
  5.0070000000000000e+009	 -1.9408200000000001e+001	
  5.0080000000000000e+009	 -1.9470700000000001e+001	
  5.0090000000000000e+009	 -1.9478510000000000e+001	
  5.0100000000000000e+009	 -1.9535160000000001e+001	
  5.0110000000000000e+009	 -1.9489260000000002e+001	
  5.0120000000000000e+009	 -1.9518550000000001e+001	
  5.0130000000000000e+009	 -1.9494140000000002e+001	
  5.0140000000000000e+009	 -1.9481439999999999e+001	
  5.0150000000000000e+009	 -1.9536130000000000e+001	
  5.0160000000000000e+009	 -1.9555660000000000e+001	
  5.0170000000000000e+009	 -1.9543939999999999e+001	
  5.0180000000000000e+009	 -1.9443359999999998e+001	
  5.0190000000000000e+009	 -1.9528320000000001e+001	
  5.0200000000000000e+009	 -1.9495120000000000e+001	
  5.0210000000000000e+009	 -1.9516600000000000e+001	
  5.0220000000000000e+009	 -1.9514650000000000e+001	
  5.0230000000000000e+009	 -1.9534179999999999e+001	
  5.0240000000000000e+009	 -1.9495120000000000e+001	
  5.0250000000000000e+009	 -1.9488280000000000e+001	
  5.0260000000000000e+009	 -1.9535160000000001e+001	
  5.0270000000000000e+009	 -1.9499020000000002e+001	
  5.0280000000000000e+009	 -1.9551760000000002e+001	
  5.0290000000000000e+009	 -1.9567380000000000e+001	
  5.0300000000000000e+009	 -1.9578119999999998e+001	
  5.0310000000000000e+009	 -1.9623049999999999e+001	
  5.0320000000000000e+009	 -1.9608400000000000e+001	
  5.0330000000000000e+009	 -1.9627929999999999e+001	
  5.0340000000000000e+009	 -1.9670900000000000e+001	
  5.0350000000000000e+009	 -1.9658200000000001e+001	
  5.0360000000000000e+009	 -1.9655270000000002e+001	
  5.0370000000000000e+009	 -1.9715820000000001e+001	
  5.0380000000000000e+009	 -1.9718750000000000e+001	
  5.0390000000000000e+009	 -1.9708010000000002e+001	
  5.0400000000000000e+009	 -1.9724609999999998e+001	
  5.0410000000000000e+009	 -1.9726559999999999e+001	
  5.0420000000000000e+009	 -1.9713870000000000e+001	
  5.0430000000000000e+009	 -1.9702150000000000e+001	
  5.0440000000000000e+009	 -1.9708980000000000e+001	
  5.0450000000000000e+009	 -1.9771480000000000e+001	
  5.0460000000000000e+009	 -1.9719719999999999e+001	
  5.0470000000000000e+009	 -1.9837890000000002e+001	
  5.0480000000000000e+009	 -1.9742190000000001e+001	
  5.0490000000000000e+009	 -1.9835940000000001e+001	
  5.0500000000000000e+009	 -1.9746089999999999e+001	
  5.0510000000000000e+009	 -1.9838870000000000e+001	
  5.0520000000000000e+009	 -1.9833010000000002e+001	
  5.0530000000000000e+009	 -1.9854489999999998e+001	
  5.0540000000000000e+009	 -1.9942380000000000e+001	
  5.0550000000000000e+009	 -1.9986329999999999e+001	
  5.0560000000000000e+009	 -2.0015630000000002e+001	
  5.0570000000000000e+009	 -2.0055660000000000e+001	
  5.0580000000000000e+009	 -2.0146480000000000e+001	
  5.0590000000000000e+009	 -2.0246089999999999e+001	
  5.0600000000000000e+009	 -2.0325189999999999e+001	
  5.0610000000000000e+009	 -2.0434570000000001e+001	
  5.0620000000000000e+009	 -2.0558589999999999e+001	
  5.0630000000000000e+009	 -2.0673829999999999e+001	
  5.0640000000000000e+009	 -2.0798829999999999e+001	
  5.0650000000000000e+009	 -2.0897459999999999e+001	
  5.0660000000000000e+009	 -2.1059570000000001e+001	
  5.0670000000000000e+009	 -2.1181640000000002e+001	
  5.0680000000000000e+009	 -2.1328130000000002e+001	
  5.0690000000000000e+009	 -2.1474609999999998e+001	
  5.0700000000000000e+009	 -2.1624020000000002e+001	
  5.0710000000000000e+009	 -2.1730470000000000e+001	
  5.0720000000000000e+009	 -2.1869140000000002e+001	
  5.0730000000000000e+009	 -2.1986329999999999e+001	
  5.0740000000000000e+009	 -2.2161130000000000e+001	
  5.0750000000000000e+009	 -2.2198239999999998e+001	
  5.0760000000000000e+009	 -2.2320309999999999e+001	
  5.0770000000000000e+009	 -2.2361329999999999e+001	
  5.0780000000000000e+009	 -2.2500000000000000e+001	
  5.0790000000000000e+009	 -2.2602540000000001e+001	
  5.0800000000000000e+009	 -2.2663080000000001e+001	
  5.0810000000000000e+009	 -2.2734380000000002e+001	
  5.0820000000000000e+009	 -2.2786130000000000e+001	
  5.0830000000000000e+009	 -2.2804680000000001e+001	
  5.0840000000000000e+009	 -2.2819330000000001e+001	
  5.0850000000000000e+009	 -2.2825189999999999e+001	
  5.0860000000000000e+009	 -2.2886720000000000e+001	
  5.0870000000000000e+009	 -2.2894530000000000e+001	
  5.0880000000000000e+009	 -2.2920900000000000e+001	
  5.0890000000000000e+009	 -2.2934570000000001e+001	
  5.0900000000000000e+009	 -2.2957030000000000e+001	
  5.0910000000000000e+009	 -2.2917970000000000e+001	
  5.0920000000000000e+009	 -2.2880859999999998e+001	
  5.0930000000000000e+009	 -2.2861329999999999e+001	
  5.0940000000000000e+009	 -2.2770499999999998e+001	
  5.0950000000000000e+009	 -2.2742190000000001e+001	
  5.0960000000000000e+009	 -2.2652339999999999e+001	
  5.0970000000000000e+009	 -2.2545900000000000e+001	
  5.0980000000000000e+009	 -2.2457030000000000e+001	
  5.0990000000000000e+009	 -2.2376950000000001e+001	
  5.1000000000000000e+009	 -2.2281250000000000e+001	
  5.1010000000000000e+009	 -2.2189450000000001e+001	
  5.1020000000000000e+009	 -2.2078119999999998e+001	
  5.1030000000000000e+009	 -2.1940429999999999e+001	
  5.1040000000000000e+009	 -2.1863280000000000e+001	
  5.1050000000000000e+009	 -2.1763670000000001e+001	
  5.1060000000000000e+009	 -2.1635739999999998e+001	
  5.1070000000000000e+009	 -2.1509770000000000e+001	
  5.1080000000000000e+009	 -2.1424800000000001e+001	
  5.1090000000000000e+009	 -2.1414059999999999e+001	
  5.1100000000000000e+009	 -2.1239260000000002e+001	
  5.1110000000000000e+009	 -2.1215820000000001e+001	
  5.1120000000000000e+009	 -2.1118160000000000e+001	
  5.1130000000000000e+009	 -2.1110350000000000e+001	
  5.1140000000000000e+009	 -2.1094729999999998e+001	
  5.1150000000000000e+009	 -2.1095700000000001e+001	
  5.1160000000000000e+009	 -2.1136720000000000e+001	
  5.1170000000000000e+009	 -2.1152339999999999e+001	
  5.1180000000000000e+009	 -2.1235350000000000e+001	
  5.1190000000000000e+009	 -2.1260739999999998e+001	
  5.1200000000000000e+009	 -2.1326170000000001e+001	
  5.1210000000000000e+009	 -2.1423829999999999e+001	
  5.1220000000000000e+009	 -2.1576170000000001e+001	
  5.1230000000000000e+009	 -2.1667970000000000e+001	
  5.1240000000000000e+009	 -2.1779290000000000e+001	
  5.1250000000000000e+009	 -2.1915040000000001e+001	
  5.1260000000000000e+009	 -2.2083010000000002e+001	
  5.1270000000000000e+009	 -2.2224609999999998e+001	
  5.1280000000000000e+009	 -2.2377929999999999e+001	
  5.1290000000000000e+009	 -2.2559570000000001e+001	
  5.1300000000000000e+009	 -2.2750000000000000e+001	
  5.1310000000000000e+009	 -2.2903320000000001e+001	
  5.1320000000000000e+009	 -2.3047850000000000e+001	
  5.1330000000000000e+009	 -2.3257809999999999e+001	
  5.1340000000000000e+009	 -2.3426760000000002e+001	
  5.1350000000000000e+009	 -2.3537109999999998e+001	
  5.1360000000000000e+009	 -2.3710940000000001e+001	
  5.1370000000000000e+009	 -2.3868169999999999e+001	
  5.1380000000000000e+009	 -2.3990240000000000e+001	
  5.1390000000000000e+009	 -2.4142579999999999e+001	
  5.1400000000000000e+009	 -2.4253900000000002e+001	
  5.1410000000000000e+009	 -2.4329100000000000e+001	
  5.1420000000000000e+009	 -2.4426760000000002e+001	
  5.1430000000000000e+009	 -2.4517569999999999e+001	
  5.1440000000000000e+009	 -2.4606439999999999e+001	
  5.1450000000000000e+009	 -2.4651370000000000e+001	
  5.1460000000000000e+009	 -2.4585930000000001e+001	
  5.1470000000000000e+009	 -2.4674800000000001e+001	
  5.1480000000000000e+009	 -2.4749020000000002e+001	
  5.1490000000000000e+009	 -2.4650390000000002e+001	
  5.1500000000000000e+009	 -2.4607420000000001e+001	
  5.1510000000000000e+009	 -2.4614260000000002e+001	
  5.1520000000000000e+009	 -2.4598630000000000e+001	
  5.1530000000000000e+009	 -2.4515619999999998e+001	
  5.1540000000000000e+009	 -2.4461910000000000e+001	
  5.1550000000000000e+009	 -2.4409179999999999e+001	
  5.1560000000000000e+009	 -2.4285150000000002e+001	
  5.1570000000000000e+009	 -2.4126950000000001e+001	
  5.1580000000000000e+009	 -2.4008790000000001e+001	
  5.1590000000000000e+009	 -2.3879880000000000e+001	
  5.1600000000000000e+009	 -2.3735350000000000e+001	
  5.1610000000000000e+009	 -2.3586910000000000e+001	
  5.1620000000000000e+009	 -2.3428709999999999e+001	
  5.1630000000000000e+009	 -2.3307610000000000e+001	
  5.1640000000000000e+009	 -2.3125000000000000e+001	
  5.1650000000000000e+009	 -2.2968750000000000e+001	
  5.1660000000000000e+009	 -2.2797850000000000e+001	
  5.1670000000000000e+009	 -2.2692380000000000e+001	
  5.1680000000000000e+009	 -2.2585940000000001e+001	
  5.1690000000000000e+009	 -2.2379880000000000e+001	
  5.1700000000000000e+009	 -2.2240230000000000e+001	
  5.1710000000000000e+009	 -2.2161130000000000e+001	
  5.1720000000000000e+009	 -2.2073239999999998e+001	
  5.1730000000000000e+009	 -2.1971679999999999e+001	
  5.1740000000000000e+009	 -2.1867180000000001e+001	
  5.1750000000000000e+009	 -2.1847650000000002e+001	
  5.1760000000000000e+009	 -2.1791989999999998e+001	
  5.1770000000000000e+009	 -2.1728520000000000e+001	
  5.1780000000000000e+009	 -2.1786130000000000e+001	
  5.1790000000000000e+009	 -2.1691400000000002e+001	
  5.1800000000000000e+009	 -2.1676749999999998e+001	
  5.1810000000000000e+009	 -2.1820309999999999e+001	
  5.1820000000000000e+009	 -2.1800780000000000e+001	
  5.1830000000000000e+009	 -2.1993169999999999e+001	
  5.1840000000000000e+009	 -2.2165040000000001e+001	
  5.1850000000000000e+009	 -2.2452150000000000e+001	
  5.1860000000000000e+009	 -2.2804680000000001e+001	
  5.1870000000000000e+009	 -2.3074220000000000e+001	
  5.1880000000000000e+009	 -2.3324220000000000e+001	
  5.1890000000000000e+009	 -2.3574220000000000e+001	
  5.1900000000000000e+009	 -2.3811520000000002e+001	
  5.1910000000000000e+009	 -2.4006830000000001e+001	
  5.1920000000000000e+009	 -2.4162109999999998e+001	
  5.1930000000000000e+009	 -2.4294920000000001e+001	
  5.1940000000000000e+009	 -2.4478510000000000e+001	
  5.1950000000000000e+009	 -2.4580079999999999e+001	
  5.1960000000000000e+009	 -2.4746089999999999e+001	
  5.1970000000000000e+009	 -2.4807620000000000e+001	
  5.1980000000000000e+009	 -2.4908200000000001e+001	
  5.1990000000000000e+009	 -2.4997070000000001e+001	
  5.2000000000000000e+009	 -2.5113280000000000e+001	
  5.2010000000000000e+009	 -2.5215820000000001e+001	
  5.2020000000000000e+009	 -2.5291989999999998e+001	
  5.2030000000000000e+009	 -2.5301760000000002e+001	
  5.2040000000000000e+009	 -2.5410160000000001e+001	
  5.2050000000000000e+009	 -2.5444340000000000e+001	
  5.2060000000000000e+009	 -2.5454100000000000e+001	
  5.2070000000000000e+009	 -2.5509760000000000e+001	
  5.2080000000000000e+009	 -2.5624020000000002e+001	
  5.2090000000000000e+009	 -2.5580079999999999e+001	
  5.2100000000000000e+009	 -2.5654299999999999e+001	
  5.2110000000000000e+009	 -2.5697260000000000e+001	
  5.2120000000000000e+009	 -2.5656250000000000e+001	
  5.2130000000000000e+009	 -2.5699210000000001e+001	
  5.2140000000000000e+009	 -2.5715820000000001e+001	
  5.2150000000000000e+009	 -2.5675780000000000e+001	
  5.2160000000000000e+009	 -2.5698239999999998e+001	
  5.2170000000000000e+009	 -2.5633790000000001e+001	
  5.2180000000000000e+009	 -2.5631830000000001e+001	
  5.2190000000000000e+009	 -2.5653320000000001e+001	
  5.2200000000000000e+009	 -2.5603510000000000e+001	
  5.2210000000000000e+009	 -2.5562500000000000e+001	
  5.2220000000000000e+009	 -2.5474609999999998e+001	
  5.2230000000000000e+009	 -2.5503900000000002e+001	
  5.2240000000000000e+009	 -2.5416010000000000e+001	
  5.2250000000000000e+009	 -2.5347650000000002e+001	
  5.2260000000000000e+009	 -2.5248049999999999e+001	
  5.2270000000000000e+009	 -2.5177730000000000e+001	
  5.2280000000000000e+009	 -2.5088860000000000e+001	
  5.2290000000000000e+009	 -2.5002929999999999e+001	
  5.2300000000000000e+009	 -2.4897459999999999e+001	
  5.2310000000000000e+009	 -2.4807620000000000e+001	
  5.2320000000000000e+009	 -2.4677730000000000e+001	
  5.2330000000000000e+009	 -2.4569330000000001e+001	
  5.2340000000000000e+009	 -2.4419920000000001e+001	
  5.2350000000000000e+009	 -2.4294920000000001e+001	
  5.2360000000000000e+009	 -2.4178709999999999e+001	
  5.2370000000000000e+009	 -2.4063469999999999e+001	
  5.2380000000000000e+009	 -2.3935549999999999e+001	
  5.2390000000000000e+009	 -2.3857420000000001e+001	
  5.2400000000000000e+009	 -2.3765630000000002e+001	
  5.2410000000000000e+009	 -2.3642579999999999e+001	
  5.2420000000000000e+009	 -2.3532219999999999e+001	
  5.2430000000000000e+009	 -2.3520510000000002e+001	
  5.2440000000000000e+009	 -2.3391600000000000e+001	
  5.2450000000000000e+009	 -2.3276370000000000e+001	
  5.2460000000000000e+009	 -2.3311520000000002e+001	
  5.2470000000000000e+009	 -2.3185540000000000e+001	
  5.2480000000000000e+009	 -2.3173829999999999e+001	
  5.2490000000000000e+009	 -2.3113280000000000e+001	
  5.2500000000000000e+009	 -2.3176760000000002e+001	
  5.2510000000000000e+009	 -2.3242190000000001e+001	
  5.2520000000000000e+009	 -2.3188479999999998e+001	
  5.2530000000000000e+009	 -2.3211910000000000e+001	
  5.2540000000000000e+009	 -2.3298829999999999e+001	
  5.2550000000000000e+009	 -2.3390619999999998e+001	
  5.2560000000000000e+009	 -2.3452150000000000e+001	
  5.2570000000000000e+009	 -2.3542970000000000e+001	
  5.2580000000000000e+009	 -2.3637699999999999e+001	
  5.2590000000000000e+009	 -2.3738280000000000e+001	
  5.2600000000000000e+009	 -2.3830079999999999e+001	
  5.2610000000000000e+009	 -2.3941410000000001e+001	
  5.2620000000000000e+009	 -2.4056640000000002e+001	
  5.2630000000000000e+009	 -2.4111329999999999e+001	
  5.2640000000000000e+009	 -2.4206050000000001e+001	
  5.2650000000000000e+009	 -2.4358400000000000e+001	
  5.2660000000000000e+009	 -2.4407219999999999e+001	
  5.2670000000000000e+009	 -2.4561520000000002e+001	
  5.2680000000000000e+009	 -2.4675780000000000e+001	
  5.2690000000000000e+009	 -2.4728510000000000e+001	
  5.2700000000000000e+009	 -2.4765630000000002e+001	
  5.2710000000000000e+009	 -2.4867190000000001e+001	
  5.2720000000000000e+009	 -2.4902339999999999e+001	
  5.2730000000000000e+009	 -2.4910150000000002e+001	
  5.2740000000000000e+009	 -2.4921880000000002e+001	
  5.2750000000000000e+009	 -2.5023440000000001e+001	
  5.2760000000000000e+009	 -2.5064450000000001e+001	
  5.2770000000000000e+009	 -2.5022459999999999e+001	
  5.2780000000000000e+009	 -2.4950189999999999e+001	
  5.2790000000000000e+009	 -2.5057620000000000e+001	
  5.2800000000000000e+009	 -2.4985350000000000e+001	
  5.2810000000000000e+009	 -2.4948239999999998e+001	
  5.2820000000000000e+009	 -2.4959959999999999e+001	
  5.2830000000000000e+009	 -2.4914059999999999e+001	
  5.2840000000000000e+009	 -2.4848630000000000e+001	
  5.2850000000000000e+009	 -2.4875000000000000e+001	
  5.2860000000000000e+009	 -2.4799800000000001e+001	
  5.2870000000000000e+009	 -2.4761710000000001e+001	
  5.2880000000000000e+009	 -2.4709959999999999e+001	
  5.2890000000000000e+009	 -2.4626950000000001e+001	
  5.2900000000000000e+009	 -2.4602540000000001e+001	
  5.2910000000000000e+009	 -2.4548829999999999e+001	
  5.2920000000000000e+009	 -2.4507809999999999e+001	
  5.2930000000000000e+009	 -2.4469719999999999e+001	
  5.2940000000000000e+009	 -2.4382809999999999e+001	
  5.2950000000000000e+009	 -2.4344729999999998e+001	
  5.2960000000000000e+009	 -2.4324220000000000e+001	
  5.2970000000000000e+009	 -2.4230470000000000e+001	
  5.2980000000000000e+009	 -2.4194340000000000e+001	
  5.2990000000000000e+009	 -2.4172850000000000e+001	
  5.3000000000000000e+009	 -2.4116209999999999e+001	
