  3.5000000000000000e+009	 -1.9951170000000001e+001	
  3.5024000000000000e+009	 -2.0250969999999999e+001	
  3.5048000000000000e+009	 -2.0559570000000001e+001	
  3.5072000000000000e+009	 -2.0842770000000002e+001	
  3.5096000000000000e+009	 -2.1074220000000000e+001	
  3.5120000000000000e+009	 -2.1326170000000001e+001	
  3.5144000000000000e+009	 -2.1529299999999999e+001	
  3.5168000000000000e+009	 -2.1733400000000000e+001	
  3.5192000000000000e+009	 -2.1917970000000000e+001	
  3.5216000000000000e+009	 -2.2063469999999999e+001	
  3.5240000000000000e+009	 -2.2233400000000000e+001	
  3.5264000000000000e+009	 -2.2425780000000000e+001	
  3.5288000000000000e+009	 -2.2560540000000000e+001	
  3.5312000000000000e+009	 -2.2758790000000001e+001	
  3.5336000000000000e+009	 -2.2971679999999999e+001	
  3.5360000000000000e+009	 -2.3232420000000001e+001	
  3.5384000000000000e+009	 -2.3547850000000000e+001	
  3.5408000000000000e+009	 -2.3892579999999999e+001	
  3.5432000000000000e+009	 -2.4278320000000001e+001	
  3.5456000000000000e+009	 -2.4652339999999999e+001	
  3.5480000000000000e+009	 -2.5125979999999998e+001	
  3.5504000000000000e+009	 -2.5520510000000002e+001	
  3.5528000000000000e+009	 -2.5975580000000001e+001	
  3.5552000000000000e+009	 -2.6421869999999998e+001	
  3.5576000000000000e+009	 -2.6989249999999998e+001	
  3.5600000000000000e+009	 -2.7370110000000000e+001	
  3.5624000000000000e+009	 -2.6722660000000001e+001	
  3.5648000000000000e+009	 -2.6248040000000000e+001	
  3.5672000000000000e+009	 -2.5998040000000000e+001	
  3.5696000000000000e+009	 -2.6292970000000000e+001	
  3.5720000000000000e+009	 -2.6468750000000000e+001	
  3.5744000000000000e+009	 -2.6470700000000001e+001	
  3.5768000000000000e+009	 -2.6425780000000000e+001	
  3.5792000000000000e+009	 -2.6296869999999998e+001	
  3.5816000000000000e+009	 -2.6089839999999999e+001	
  3.5840000000000000e+009	 -2.5906250000000000e+001	
  3.5864000000000000e+009	 -2.5739249999999998e+001	
  3.5888000000000000e+009	 -2.5529290000000000e+001	
  3.5912000000000000e+009	 -2.5319330000000001e+001	
  3.5936000000000000e+009	 -2.5279290000000000e+001	
  3.5960000000000000e+009	 -2.5213870000000000e+001	
  3.5984000000000000e+009	 -2.5246089999999999e+001	
  3.6008000000000000e+009	 -2.5343750000000000e+001	
  3.6032000000000000e+009	 -2.5457030000000000e+001	
  3.6056000000000000e+009	 -2.5631830000000001e+001	
  3.6080000000000000e+009	 -2.5791989999999998e+001	
  3.6104000000000000e+009	 -2.6041989999999998e+001	
  3.6128000000000000e+009	 -2.6160150000000002e+001	
  3.6152000000000000e+009	 -2.6395510000000002e+001	
  3.6176000000000000e+009	 -2.6456050000000001e+001	
  3.6200000000000000e+009	 -2.6544920000000001e+001	
  3.6224000000000000e+009	 -2.6582030000000000e+001	
  3.6248000000000000e+009	 -2.6666989999999998e+001	
  3.6272000000000000e+009	 -2.6654299999999999e+001	
  3.6296000000000000e+009	 -2.6629880000000000e+001	
  3.6320000000000000e+009	 -2.6550780000000000e+001	
  3.6344000000000000e+009	 -2.6459959999999999e+001	
  3.6368000000000000e+009	 -2.6331050000000001e+001	
  3.6392000000000000e+009	 -2.6204100000000000e+001	
  3.6416000000000000e+009	 -2.6078119999999998e+001	
  3.6440000000000000e+009	 -2.5866209999999999e+001	
  3.6464000000000000e+009	 -2.5744140000000002e+001	
  3.6488000000000000e+009	 -2.5553709999999999e+001	
  3.6512000000000000e+009	 -2.5304680000000001e+001	
  3.6536000000000000e+009	 -2.4995120000000000e+001	
  3.6560000000000000e+009	 -2.4774410000000000e+001	
  3.6584000000000000e+009	 -2.4411130000000000e+001	
  3.6608000000000000e+009	 -2.4182620000000000e+001	
  3.6632000000000000e+009	 -2.3951170000000001e+001	
  3.6656000000000000e+009	 -2.3707030000000000e+001	
  3.6680000000000000e+009	 -2.3538080000000001e+001	
  3.6704000000000000e+009	 -2.3382809999999999e+001	
  3.6728000000000000e+009	 -2.3286130000000000e+001	
  3.6752000000000000e+009	 -2.3331060000000001e+001	
  3.6776000000000000e+009	 -2.3342770000000002e+001	
  3.6800000000000000e+009	 -2.3368160000000000e+001	
  3.6824000000000000e+009	 -2.3437500000000000e+001	
  3.6848000000000000e+009	 -2.3442380000000000e+001	
  3.6872000000000000e+009	 -2.3571290000000001e+001	
  3.6896000000000000e+009	 -2.3585930000000001e+001	
  3.6920000000000000e+009	 -2.3604489999999998e+001	
  3.6944000000000000e+009	 -2.3558589999999999e+001	
  3.6968000000000000e+009	 -2.3483400000000000e+001	
  3.6992000000000000e+009	 -2.3362300000000001e+001	
  3.7016000000000000e+009	 -2.3204100000000000e+001	
  3.7040000000000000e+009	 -2.3040040000000001e+001	
  3.7064000000000000e+009	 -2.2805660000000000e+001	
  3.7088000000000000e+009	 -2.2415040000000001e+001	
  3.7112000000000000e+009	 -2.2147459999999999e+001	
  3.7136000000000000e+009	 -2.1720700000000001e+001	
  3.7160000000000000e+009	 -2.1362300000000001e+001	
  3.7184000000000000e+009	 -2.0964839999999999e+001	
  3.7208000000000000e+009	 -2.0625979999999998e+001	
  3.7232000000000000e+009	 -2.0224609999999998e+001	
  3.7256000000000000e+009	 -1.9871089999999999e+001	
  3.7280000000000000e+009	 -1.9494140000000002e+001	
  3.7304000000000000e+009	 -1.9041010000000000e+001	
  3.7328000000000000e+009	 -1.8594729999999998e+001	
  3.7352000000000000e+009	 -1.8215820000000001e+001	
  3.7376000000000000e+009	 -1.7788090000000000e+001	
  3.7400000000000000e+009	 -1.7449220000000000e+001	
  3.7424000000000000e+009	 -1.7265630000000002e+001	
  3.7448000000000000e+009	 -1.7043939999999999e+001	
  3.7472000000000000e+009	 -1.6904299999999999e+001	
  3.7496000000000000e+009	 -1.6956050000000001e+001	
  3.7520000000000000e+009	 -1.6901370000000000e+001	
  3.7544000000000000e+009	 -1.6880859999999998e+001	
  3.7568000000000000e+009	 -1.6806640000000002e+001	
  3.7592000000000000e+009	 -1.6696290000000001e+001	
  3.7616000000000000e+009	 -1.6559570000000001e+001	
  3.7640000000000000e+009	 -1.6368160000000000e+001	
  3.7664000000000000e+009	 -1.6054690000000001e+001	
  3.7688000000000000e+009	 -1.5622070000000001e+001	
  3.7712000000000000e+009	 -1.5189940000000000e+001	
  3.7736000000000000e+009	 -1.4589359999999999e+001	
  3.7760000000000000e+009	 -1.3871580000000000e+001	
  3.7784000000000000e+009	 -1.3204590000000000e+001	
  3.7808000000000000e+009	 -1.2437500000000000e+001	
  3.7832000000000000e+009	 -1.1644040000000000e+001	
  3.7856000000000000e+009	 -1.0861330000000001e+001	
  3.7880000000000000e+009	 -1.0131349999999999e+001	
  3.7904000000000000e+009	 -9.5278320000000001e+000	
  3.7928000000000000e+009	 -8.9931640000000002e+000	
  3.7952000000000000e+009	 -8.5410160000000008e+000	
  3.7976000000000000e+009	 -8.2026369999999993e+000	
  3.8000000000000000e+009	 -7.8854980000000001e+000	
  3.8024000000000000e+009	 -7.7268070000000000e+000	
  3.8048000000000000e+009	 -7.6115719999999998e+000	
  3.8072000000000000e+009	 -7.5178219999999998e+000	
  3.8096000000000000e+009	 -7.5732419999999996e+000	
  3.8120000000000000e+009	 -7.6540530000000002e+000	
  3.8144000000000000e+009	 -7.8327640000000001e+000	
  3.8168000000000000e+009	 -8.0756840000000008e+000	
  3.8192000000000000e+009	 -8.4589839999999992e+000	
  3.8216000000000000e+009	 -8.8359380000000005e+000	
  3.8240000000000000e+009	 -9.2905270000000009e+000	
  3.8264000000000000e+009	 -9.7592770000000009e+000	
  3.8288000000000000e+009	 -1.0244140000000000e+001	
  3.8312000000000000e+009	 -1.0734380000000000e+001	
  3.8336000000000000e+009	 -1.1250489999999999e+001	
  3.8360000000000000e+009	 -1.1709960000000001e+001	
  3.8384000000000000e+009	 -1.2171390000000001e+001	
  3.8408000000000000e+009	 -1.2585450000000000e+001	
  3.8432000000000000e+009	 -1.2989750000000001e+001	
  3.8456000000000000e+009	 -1.3265630000000000e+001	
  3.8480000000000000e+009	 -1.3536130000000000e+001	
  3.8504000000000000e+009	 -1.3751460000000000e+001	
  3.8528000000000000e+009	 -1.3958010000000000e+001	
  3.8552000000000000e+009	 -1.4140630000000000e+001	
  3.8576000000000000e+009	 -1.4180660000000000e+001	
  3.8600000000000000e+009	 -1.4223140000000001e+001	
  3.8624000000000000e+009	 -1.4242680000000000e+001	
  3.8648000000000000e+009	 -1.4253420000000000e+001	
  3.8672000000000000e+009	 -1.4336430000000000e+001	
  3.8696000000000000e+009	 -1.4382320000000000e+001	
  3.8720000000000000e+009	 -1.4468260000000001e+001	
  3.8744000000000000e+009	 -1.4672850000000000e+001	
  3.8768000000000000e+009	 -1.4907230000000000e+001	
  3.8792000000000000e+009	 -1.5165039999999999e+001	
  3.8816000000000000e+009	 -1.5425780000000000e+001	
  3.8840000000000000e+009	 -1.5750980000000000e+001	
  3.8864000000000000e+009	 -1.6093750000000000e+001	
  3.8888000000000000e+009	 -1.6440429999999999e+001	
  3.8912000000000000e+009	 -1.6789059999999999e+001	
  3.8936000000000000e+009	 -1.7098630000000000e+001	
  3.8960000000000000e+009	 -1.7372070000000001e+001	
  3.8984000000000000e+009	 -1.7615230000000000e+001	
  3.9008000000000000e+009	 -1.7800780000000000e+001	
  3.9032000000000000e+009	 -1.7965820000000001e+001	
  3.9056000000000000e+009	 -1.8062500000000000e+001	
  3.9080000000000000e+009	 -1.8130859999999998e+001	
  3.9104000000000000e+009	 -1.8162109999999998e+001	
  3.9128000000000000e+009	 -1.8197260000000000e+001	
  3.9152000000000000e+009	 -1.8172850000000000e+001	
  3.9176000000000000e+009	 -1.8236329999999999e+001	
  3.9200000000000000e+009	 -1.8184570000000001e+001	
  3.9224000000000000e+009	 -1.8172850000000000e+001	
  3.9248000000000000e+009	 -1.8125000000000000e+001	
  3.9272000000000000e+009	 -1.8055660000000000e+001	
  3.9296000000000000e+009	 -1.7944340000000000e+001	
  3.9320000000000000e+009	 -1.7832030000000000e+001	
  3.9344000000000000e+009	 -1.7638670000000001e+001	
  3.9368000000000000e+009	 -1.7534179999999999e+001	
  3.9392000000000000e+009	 -1.7399410000000000e+001	
  3.9416000000000000e+009	 -1.7220700000000001e+001	
  3.9440000000000000e+009	 -1.7154299999999999e+001	
  3.9464000000000000e+009	 -1.7090820000000001e+001	
  3.9488000000000000e+009	 -1.7090820000000001e+001	
  3.9512000000000000e+009	 -1.7176760000000002e+001	
  3.9536000000000000e+009	 -1.7323239999999998e+001	
  3.9560000000000000e+009	 -1.7517579999999999e+001	
  3.9584000000000000e+009	 -1.7769530000000000e+001	
  3.9608000000000000e+009	 -1.8035150000000002e+001	
  3.9632000000000000e+009	 -1.8301760000000002e+001	
  3.9656000000000000e+009	 -1.8633790000000001e+001	
  3.9680000000000000e+009	 -1.8750979999999998e+001	
  3.9704000000000000e+009	 -1.8917970000000000e+001	
  3.9728000000000000e+009	 -1.9078119999999998e+001	
  3.9752000000000000e+009	 -1.9094719999999999e+001	
  3.9776000000000000e+009	 -1.9099609999999998e+001	
  3.9800000000000000e+009	 -1.8928709999999999e+001	
  3.9824000000000000e+009	 -1.8851559999999999e+001	
  3.9848000000000000e+009	 -1.8574220000000000e+001	
  3.9872000000000000e+009	 -1.8313469999999999e+001	
  3.9896000000000000e+009	 -1.7983400000000000e+001	
  3.9920000000000000e+009	 -1.7634760000000000e+001	
  3.9944000000000000e+009	 -1.7299800000000001e+001	
  3.9968000000000000e+009	 -1.6952150000000000e+001	
  3.9992000000000000e+009	 -1.6631830000000001e+001	
  4.0016000000000000e+009	 -1.6386720000000000e+001	
  4.0040000000000000e+009	 -1.6064450000000001e+001	
  4.0064000000000000e+009	 -1.6009760000000000e+001	
  4.0088000000000000e+009	 -1.5868650000000001e+001	
  4.0112000000000000e+009	 -1.5855960000000000e+001	
  4.0136000000000000e+009	 -1.5802730000000000e+001	
  4.0160000000000000e+009	 -1.5914550000000000e+001	
  4.0184000000000000e+009	 -1.5996090000000001e+001	
  4.0208000000000000e+009	 -1.6128900000000002e+001	
  4.0232000000000000e+009	 -1.6215820000000001e+001	
  4.0256000000000000e+009	 -1.6287109999999998e+001	
  4.0280000000000000e+009	 -1.6384760000000000e+001	
  4.0304000000000000e+009	 -1.6445309999999999e+001	
  4.0328000000000000e+009	 -1.6406250000000000e+001	
  4.0352000000000000e+009	 -1.6405270000000002e+001	
  4.0376000000000000e+009	 -1.6251950000000001e+001	
  4.0400000000000000e+009	 -1.6112300000000001e+001	
  4.0424000000000000e+009	 -1.5914059999999999e+001	
  4.0448000000000000e+009	 -1.5664059999999999e+001	
  4.0472000000000000e+009	 -1.5399410000000000e+001	
  4.0496000000000000e+009	 -1.5091799999999999e+001	
  4.0520000000000000e+009	 -1.4723630000000000e+001	
  4.0544000000000000e+009	 -1.4356930000000000e+001	
  4.0568000000000000e+009	 -1.4005369999999999e+001	
  4.0592000000000000e+009	 -1.3648440000000001e+001	
  4.0616000000000000e+009	 -1.3329590000000000e+001	
  4.0640000000000000e+009	 -1.2959960000000001e+001	
  4.0664000000000000e+009	 -1.2711430000000000e+001	
  4.0688000000000000e+009	 -1.2528320000000001e+001	
  4.0712000000000000e+009	 -1.2283200000000001e+001	
  4.0736000000000000e+009	 -1.2110840000000000e+001	
  4.0760000000000000e+009	 -1.1923340000000000e+001	
  4.0784000000000000e+009	 -1.1763180000000000e+001	
  4.0808000000000000e+009	 -1.1628909999999999e+001	
  4.0832000000000000e+009	 -1.1457520000000001e+001	
  4.0856000000000000e+009	 -1.1297359999999999e+001	
  4.0880000000000000e+009	 -1.1127440000000000e+001	
  4.0904000000000000e+009	 -1.1022460000000001e+001	
  4.0928000000000000e+009	 -1.0847659999999999e+001	
  4.0952000000000000e+009	 -1.0688480000000000e+001	
  4.0976000000000000e+009	 -1.0515630000000000e+001	
  4.1000000000000000e+009	 -1.0444820000000000e+001	
  4.1024000000000000e+009	 -1.0390630000000000e+001	
  4.1048000000000000e+009	 -1.0331540000000000e+001	
  4.1072000000000000e+009	 -1.0312010000000001e+001	
  4.1096000000000000e+009	 -1.0356450000000001e+001	
  4.1120000000000000e+009	 -1.0400880000000001e+001	
  4.1144000000000000e+009	 -1.0462890000000000e+001	
  4.1168000000000000e+009	 -1.0627440000000000e+001	
  4.1192000000000000e+009	 -1.0748540000000000e+001	
  4.1216000000000000e+009	 -1.0997560000000000e+001	
  4.1240000000000000e+009	 -1.1099610000000000e+001	
  4.1264000000000000e+009	 -1.1314940000000000e+001	
  4.1288000000000000e+009	 -1.1521970000000000e+001	
  4.1312000000000000e+009	 -1.1664059999999999e+001	
  4.1336000000000000e+009	 -1.1833500000000001e+001	
  4.1360000000000000e+009	 -1.1954590000000000e+001	
  4.1384000000000000e+009	 -1.2041990000000000e+001	
  4.1408000000000000e+009	 -1.2068849999999999e+001	
  4.1432000000000000e+009	 -1.2165039999999999e+001	
  4.1456000000000000e+009	 -1.2248540000000000e+001	
  4.1480000000000000e+009	 -1.2323240000000000e+001	
  4.1504000000000000e+009	 -1.2431150000000001e+001	
  4.1528000000000000e+009	 -1.2550290000000000e+001	
  4.1552000000000000e+009	 -1.2772460000000001e+001	
  4.1576000000000000e+009	 -1.3074710000000000e+001	
  4.1600000000000000e+009	 -1.3418950000000001e+001	
  4.1624000000000000e+009	 -1.3843260000000001e+001	
  4.1648000000000000e+009	 -1.4360350000000000e+001	
  4.1672000000000000e+009	 -1.4861820000000000e+001	
  4.1696000000000000e+009	 -1.5341310000000000e+001	
  4.1720000000000000e+009	 -1.5874510000000001e+001	
  4.1744000000000000e+009	 -1.6343750000000000e+001	
  4.1768000000000000e+009	 -1.6800780000000000e+001	
  4.1792000000000000e+009	 -1.7176760000000002e+001	
  4.1816000000000000e+009	 -1.7549800000000001e+001	
  4.1840000000000000e+009	 -1.7792970000000000e+001	
  4.1864000000000000e+009	 -1.8099609999999998e+001	
  4.1888000000000000e+009	 -1.8298829999999999e+001	
  4.1912000000000000e+009	 -1.8423829999999999e+001	
  4.1936000000000000e+009	 -1.8537109999999998e+001	
  4.1960000000000000e+009	 -1.8605470000000000e+001	
  4.1984000000000000e+009	 -1.8625969999999999e+001	
  4.2008000000000000e+009	 -1.8636720000000000e+001	
  4.2032000000000000e+009	 -1.8497070000000001e+001	
  4.2056000000000000e+009	 -1.8453119999999998e+001	
  4.2080000000000000e+009	 -1.8240230000000000e+001	
  4.2104000000000000e+009	 -1.8156250000000000e+001	
  4.2128000000000000e+009	 -1.7886720000000000e+001	
  4.2152000000000000e+009	 -1.7715820000000001e+001	
  4.2176000000000000e+009	 -1.7746089999999999e+001	
  4.2200000000000000e+009	 -1.7774410000000000e+001	
  4.2224000000000000e+009	 -1.7973630000000000e+001	
  4.2248000000000000e+009	 -1.8233400000000000e+001	
  4.2272000000000000e+009	 -1.8499020000000002e+001	
  4.2296000000000000e+009	 -1.8739260000000002e+001	
  4.2320000000000000e+009	 -1.8897459999999999e+001	
  4.2344000000000000e+009	 -1.9036130000000000e+001	
  4.2368000000000000e+009	 -1.9259770000000000e+001	
  4.2392000000000000e+009	 -1.9544920000000001e+001	
  4.2416000000000000e+009	 -1.9908200000000001e+001	
  4.2440000000000000e+009	 -2.0140619999999998e+001	
  4.2464000000000000e+009	 -2.0439450000000001e+001	
  4.2488000000000000e+009	 -2.0641600000000000e+001	
  4.2512000000000000e+009	 -2.0780270000000002e+001	
  4.2536000000000000e+009	 -2.0896480000000000e+001	
  4.2560000000000000e+009	 -2.0991209999999999e+001	
  4.2584000000000000e+009	 -2.1049800000000001e+001	
  4.2608000000000000e+009	 -2.1016600000000000e+001	
  4.2632000000000000e+009	 -2.1096679999999999e+001	
  4.2656000000000000e+009	 -2.1198239999999998e+001	
  4.2680000000000000e+009	 -2.1178709999999999e+001	
  4.2704000000000000e+009	 -2.1315429999999999e+001	
  4.2728000000000000e+009	 -2.1495120000000000e+001	
  4.2752000000000000e+009	 -2.1573239999999998e+001	
  4.2776000000000000e+009	 -2.1714839999999999e+001	
  4.2800000000000000e+009	 -2.1856449999999999e+001	
  4.2824000000000000e+009	 -2.1947260000000000e+001	
  4.2848000000000000e+009	 -2.2010739999999998e+001	
  4.2872000000000000e+009	 -2.2073239999999998e+001	
  4.2896000000000000e+009	 -2.2080079999999999e+001	
  4.2920000000000000e+009	 -2.2061520000000002e+001	
  4.2944000000000000e+009	 -2.2041020000000000e+001	
  4.2968000000000000e+009	 -2.2034179999999999e+001	
  4.2992000000000000e+009	 -2.2017579999999999e+001	
  4.3016000000000000e+009	 -2.2108400000000000e+001	
  4.3040000000000000e+009	 -2.2185540000000000e+001	
  4.3064000000000000e+009	 -2.2425780000000000e+001	
  4.3088000000000000e+009	 -2.2660160000000001e+001	
  4.3112000000000000e+009	 -2.2961910000000000e+001	
  4.3136000000000000e+009	 -2.3336910000000000e+001	
  4.3160000000000000e+009	 -2.3713870000000000e+001	
  4.3184000000000000e+009	 -2.4081050000000001e+001	
  4.3208000000000000e+009	 -2.4460940000000001e+001	
  4.3232000000000000e+009	 -2.4767579999999999e+001	
  4.3256000000000000e+009	 -2.4923829999999999e+001	
  4.3280000000000000e+009	 -2.5115230000000000e+001	
  4.3304000000000000e+009	 -2.5182610000000000e+001	
  4.3328000000000000e+009	 -2.5159179999999999e+001	
  4.3352000000000000e+009	 -2.5035150000000002e+001	
  4.3376000000000000e+009	 -2.4796869999999998e+001	
  4.3400000000000000e+009	 -2.4632809999999999e+001	
  4.3424000000000000e+009	 -2.4336910000000000e+001	
  4.3448000000000000e+009	 -2.3959959999999999e+001	
  4.3472000000000000e+009	 -2.3633790000000001e+001	
  4.3496000000000000e+009	 -2.3399419999999999e+001	
  4.3520000000000000e+009	 -2.3168949999999999e+001	
  4.3544000000000000e+009	 -2.3038090000000000e+001	
  4.3568000000000000e+009	 -2.3021480000000000e+001	
  4.3592000000000000e+009	 -2.3055660000000000e+001	
  4.3616000000000000e+009	 -2.3219719999999999e+001	
  4.3640000000000000e+009	 -2.3492190000000001e+001	
  4.3664000000000000e+009	 -2.3710940000000001e+001	
  4.3688000000000000e+009	 -2.4065429999999999e+001	
  4.3712000000000000e+009	 -2.4367180000000001e+001	
  4.3736000000000000e+009	 -2.4670900000000000e+001	
  4.3760000000000000e+009	 -2.5001950000000001e+001	
  4.3784000000000000e+009	 -2.5273440000000001e+001	
  4.3808000000000000e+009	 -2.5578119999999998e+001	
  4.3832000000000000e+009	 -2.5807610000000000e+001	
  4.3856000000000000e+009	 -2.5946290000000001e+001	
  4.3880000000000000e+009	 -2.6067380000000000e+001	
  4.3904000000000000e+009	 -2.6165040000000001e+001	
  4.3928000000000000e+009	 -2.6177730000000000e+001	
  4.3952000000000000e+009	 -2.6127929999999999e+001	
  4.3976000000000000e+009	 -2.6100580000000001e+001	
  4.4000000000000000e+009	 -2.5940429999999999e+001	
  4.4024000000000000e+009	 -2.5741209999999999e+001	
  4.4048000000000000e+009	 -2.5451170000000001e+001	
  4.4072000000000000e+009	 -2.5256830000000001e+001	
  4.4096000000000000e+009	 -2.4967770000000002e+001	
  4.4120000000000000e+009	 -2.4670900000000000e+001	
  4.4144000000000000e+009	 -2.4448239999999998e+001	
  4.4168000000000000e+009	 -2.4224609999999998e+001	
  4.4192000000000000e+009	 -2.4097650000000002e+001	
  4.4216000000000000e+009	 -2.4072270000000000e+001	
  4.4240000000000000e+009	 -2.4091799999999999e+001	
  4.4264000000000000e+009	 -2.4241209999999999e+001	
  4.4288000000000000e+009	 -2.4496089999999999e+001	
  4.4312000000000000e+009	 -2.4710940000000001e+001	
  4.4336000000000000e+009	 -2.4942380000000000e+001	
  4.4360000000000000e+009	 -2.5290040000000001e+001	
  4.4384000000000000e+009	 -2.5525390000000002e+001	
  4.4408000000000000e+009	 -2.5726559999999999e+001	
  4.4432000000000000e+009	 -2.5906250000000000e+001	
  4.4456000000000000e+009	 -2.6000000000000000e+001	
  4.4480000000000000e+009	 -2.6060540000000000e+001	
  4.4504000000000000e+009	 -2.6074220000000000e+001	
  4.4528000000000000e+009	 -2.6034179999999999e+001	
  4.4552000000000000e+009	 -2.5941410000000001e+001	
  4.4576000000000000e+009	 -2.5806640000000002e+001	
  4.4600000000000000e+009	 -2.5710940000000001e+001	
  4.4624000000000000e+009	 -2.5634770000000000e+001	
  4.4648000000000000e+009	 -2.5601559999999999e+001	
  4.4672000000000000e+009	 -2.5546880000000002e+001	
  4.4696000000000000e+009	 -2.5599609999999998e+001	
  4.4720000000000000e+009	 -2.5628910000000001e+001	
  4.4744000000000000e+009	 -2.5535150000000002e+001	
  4.4768000000000000e+009	 -2.5525390000000002e+001	
  4.4792000000000000e+009	 -2.5497070000000001e+001	
  4.4816000000000000e+009	 -2.5463870000000000e+001	
  4.4840000000000000e+009	 -2.5359369999999998e+001	
  4.4864000000000000e+009	 -2.5198239999999998e+001	
  4.4888000000000000e+009	 -2.5005859999999998e+001	
  4.4912000000000000e+009	 -2.4752929999999999e+001	
  4.4936000000000000e+009	 -2.4593750000000000e+001	
  4.4960000000000000e+009	 -2.4302730000000000e+001	
  4.4984000000000000e+009	 -2.4156250000000000e+001	
  4.5008000000000000e+009	 -2.3940429999999999e+001	
  4.5032000000000000e+009	 -2.3856439999999999e+001	
  4.5056000000000000e+009	 -2.3892579999999999e+001	
  4.5080000000000000e+009	 -2.4017579999999999e+001	
  4.5104000000000000e+009	 -2.4204100000000000e+001	
  4.5128000000000000e+009	 -2.4431640000000002e+001	
  4.5152000000000000e+009	 -2.4617190000000001e+001	
  4.5176000000000000e+009	 -2.4925780000000000e+001	
  4.5200000000000000e+009	 -2.5082030000000000e+001	
  4.5224000000000000e+009	 -2.5167970000000000e+001	
  4.5248000000000000e+009	 -2.5182610000000000e+001	
  4.5272000000000000e+009	 -2.5112300000000001e+001	
  4.5296000000000000e+009	 -2.4917960000000001e+001	
  4.5320000000000000e+009	 -2.4648440000000001e+001	
  4.5344000000000000e+009	 -2.4854489999999998e+001	
  4.5368000000000000e+009	 -2.6503910000000001e+001	
  4.5392000000000000e+009	 -2.8819330000000001e+001	
  4.5416000000000000e+009	 -2.9235350000000000e+001	
  4.5440000000000000e+009	 -2.8458980000000000e+001	
  4.5464000000000000e+009	 -2.7503910000000001e+001	
  4.5488000000000000e+009	 -2.6674800000000001e+001	
  4.5512000000000000e+009	 -2.6016600000000000e+001	
  4.5536000000000000e+009	 -2.5434570000000001e+001	
  4.5560000000000000e+009	 -2.4972650000000002e+001	
  4.5584000000000000e+009	 -2.4671869999999998e+001	
  4.5608000000000000e+009	 -2.4497070000000001e+001	
  4.5632000000000000e+009	 -2.4339839999999999e+001	
  4.5656000000000000e+009	 -2.4382809999999999e+001	
  4.5680000000000000e+009	 -2.4397459999999999e+001	
  4.5704000000000000e+009	 -2.4500979999999998e+001	
  4.5728000000000000e+009	 -2.4669920000000001e+001	
  4.5752000000000000e+009	 -2.4896480000000000e+001	
  4.5776000000000000e+009	 -2.5121089999999999e+001	
  4.5800000000000000e+009	 -2.5311520000000002e+001	
  4.5824000000000000e+009	 -2.5474609999999998e+001	
  4.5848000000000000e+009	 -2.5502929999999999e+001	
  4.5872000000000000e+009	 -2.5520510000000002e+001	
  4.5896000000000000e+009	 -2.5532229999999998e+001	
  4.5920000000000000e+009	 -2.5628910000000001e+001	
  4.5944000000000000e+009	 -2.5551760000000002e+001	
  4.5968000000000000e+009	 -2.5380859999999998e+001	
  4.5992000000000000e+009	 -2.5315429999999999e+001	
  4.6016000000000000e+009	 -2.5048829999999999e+001	
  4.6040000000000000e+009	 -2.4757809999999999e+001	
  4.6064000000000000e+009	 -2.4424800000000001e+001	
  4.6088000000000000e+009	 -2.4072270000000000e+001	
  4.6112000000000000e+009	 -2.3726559999999999e+001	
  4.6136000000000000e+009	 -2.3393550000000001e+001	
  4.6160000000000000e+009	 -2.3096679999999999e+001	
  4.6184000000000000e+009	 -2.2845700000000001e+001	
  4.6208000000000000e+009	 -2.2683589999999999e+001	
  4.6232000000000000e+009	 -2.2694330000000001e+001	
  4.6256000000000000e+009	 -2.2691410000000001e+001	
  4.6280000000000000e+009	 -2.2681640000000002e+001	
  4.6304000000000000e+009	 -2.2793949999999999e+001	
  4.6328000000000000e+009	 -2.2888670000000001e+001	
  4.6352000000000000e+009	 -2.2966790000000000e+001	
  4.6376000000000000e+009	 -2.3069330000000001e+001	
  4.6400000000000000e+009	 -2.3130859999999998e+001	
  4.6424000000000000e+009	 -2.3125979999999998e+001	
  4.6448000000000000e+009	 -2.3121089999999999e+001	
  4.6472000000000000e+009	 -2.3115230000000000e+001	
  4.6496000000000000e+009	 -2.3023440000000001e+001	
  4.6520000000000000e+009	 -2.2979489999999998e+001	
  4.6544000000000000e+009	 -2.2872070000000001e+001	
  4.6568000000000000e+009	 -2.2706060000000001e+001	
  4.6592000000000000e+009	 -2.2720700000000001e+001	
  4.6616000000000000e+009	 -2.2691410000000001e+001	
  4.6640000000000000e+009	 -2.2610350000000000e+001	
  4.6664000000000000e+009	 -2.2635739999999998e+001	
  4.6688000000000000e+009	 -2.2642579999999999e+001	
  4.6712000000000000e+009	 -2.2686520000000002e+001	
  4.6736000000000000e+009	 -2.2697260000000000e+001	
  4.6760000000000000e+009	 -2.2667970000000000e+001	
  4.6784000000000000e+009	 -2.2640619999999998e+001	
  4.6808000000000000e+009	 -2.2524410000000000e+001	
  4.6832000000000000e+009	 -2.2263670000000001e+001	
  4.6856000000000000e+009	 -2.2172850000000000e+001	
  4.6880000000000000e+009	 -2.1843750000000000e+001	
  4.6904000000000000e+009	 -2.1555660000000000e+001	
  4.6928000000000000e+009	 -2.1270510000000002e+001	
  4.6952000000000000e+009	 -2.0853510000000000e+001	
  4.6976000000000000e+009	 -2.0579100000000000e+001	
  4.7000000000000000e+009	 -2.0301760000000002e+001	
  4.7024000000000000e+009	 -2.0102540000000001e+001	
  4.7048000000000000e+009	 -1.9966799999999999e+001	
  4.7072000000000000e+009	 -1.9914059999999999e+001	
  4.7096000000000000e+009	 -1.9932620000000000e+001	
  4.7120000000000000e+009	 -1.9785160000000001e+001	
  4.7144000000000000e+009	 -1.9967770000000002e+001	
  4.7168000000000000e+009	 -2.0119140000000002e+001	
  4.7192000000000000e+009	 -2.0311520000000002e+001	
  4.7216000000000000e+009	 -2.0452150000000000e+001	
  4.7240000000000000e+009	 -2.0627929999999999e+001	
  4.7264000000000000e+009	 -2.0700189999999999e+001	
  4.7288000000000000e+009	 -2.0808589999999999e+001	
  4.7312000000000000e+009	 -2.0829100000000000e+001	
  4.7336000000000000e+009	 -2.0832030000000000e+001	
  4.7360000000000000e+009	 -2.0670900000000000e+001	
  4.7384000000000000e+009	 -2.0551760000000002e+001	
  4.7408000000000000e+009	 -2.0316410000000001e+001	
  4.7432000000000000e+009	 -2.0074220000000000e+001	
  4.7456000000000000e+009	 -1.9733400000000000e+001	
  4.7480000000000000e+009	 -1.9346679999999999e+001	
  4.7504000000000000e+009	 -1.8902339999999999e+001	
  4.7528000000000000e+009	 -1.8567380000000000e+001	
  4.7552000000000000e+009	 -1.8190429999999999e+001	
  4.7576000000000000e+009	 -1.7724609999999998e+001	
  4.7600000000000000e+009	 -1.7379880000000000e+001	
  4.7624000000000000e+009	 -1.7000000000000000e+001	
  4.7648000000000000e+009	 -1.6775390000000002e+001	
  4.7672000000000000e+009	 -1.6570309999999999e+001	
  4.7696000000000000e+009	 -1.6493160000000000e+001	
  4.7720000000000000e+009	 -1.6500979999999998e+001	
  4.7744000000000000e+009	 -1.6597650000000002e+001	
  4.7768000000000000e+009	 -1.6734369999999998e+001	
  4.7792000000000000e+009	 -1.6870120000000000e+001	
  4.7816000000000000e+009	 -1.7077150000000000e+001	
  4.7840000000000000e+009	 -1.7271480000000000e+001	
  4.7864000000000000e+009	 -1.7319340000000000e+001	
  4.7888000000000000e+009	 -1.7388670000000001e+001	
  4.7912000000000000e+009	 -1.7427730000000000e+001	
  4.7936000000000000e+009	 -1.7294920000000001e+001	
  4.7960000000000000e+009	 -1.7029290000000000e+001	
  4.7984000000000000e+009	 -1.6812500000000000e+001	
  4.8008000000000000e+009	 -1.6474609999999998e+001	
  4.8032000000000000e+009	 -1.6054690000000001e+001	
  4.8056000000000000e+009	 -1.5640140000000001e+001	
  4.8080000000000000e+009	 -1.5115230000000000e+001	
  4.8104000000000000e+009	 -1.4589359999999999e+001	
  4.8128000000000000e+009	 -1.4183590000000001e+001	
  4.8152000000000000e+009	 -1.3856450000000001e+001	
  4.8176000000000000e+009	 -1.3428220000000000e+001	
  4.8200000000000000e+009	 -1.3139160000000000e+001	
  4.8224000000000000e+009	 -1.2953130000000000e+001	
  4.8248000000000000e+009	 -1.2805180000000000e+001	
  4.8272000000000000e+009	 -1.2618160000000000e+001	
  4.8296000000000000e+009	 -1.2447749999999999e+001	
  4.8320000000000000e+009	 -1.2290530000000000e+001	
  4.8344000000000000e+009	 -1.2122070000000001e+001	
  4.8368000000000000e+009	 -1.1946289999999999e+001	
  4.8392000000000000e+009	 -1.1621090000000001e+001	
  4.8416000000000000e+009	 -1.1367680000000000e+001	
  4.8440000000000000e+009	 -1.1073729999999999e+001	
  4.8464000000000000e+009	 -1.0765140000000001e+001	
  4.8488000000000000e+009	 -1.0520020000000001e+001	
  4.8512000000000000e+009	 -1.0191890000000001e+001	
  4.8536000000000000e+009	 -9.8740229999999993e+000	
  4.8560000000000000e+009	 -9.6616210000000002e+000	
  4.8584000000000000e+009	 -9.4301759999999994e+000	
  4.8608000000000000e+009	 -9.2187500000000000e+000	
  4.8632000000000000e+009	 -9.0219729999999991e+000	
  4.8656000000000000e+009	 -8.8613280000000003e+000	
  4.8680000000000000e+009	 -8.6699219999999997e+000	
  4.8704000000000000e+009	 -8.4252929999999999e+000	
  4.8728000000000000e+009	 -8.2221679999999999e+000	
  4.8752000000000000e+009	 -7.9692379999999998e+000	
  4.8776000000000000e+009	 -7.7897949999999998e+000	
  4.8800000000000000e+009	 -7.6755370000000003e+000	
  4.8824000000000000e+009	 -7.5864260000000003e+000	
  4.8848000000000000e+009	 -7.5327149999999996e+000	
  4.8872000000000000e+009	 -7.5529789999999997e+000	
  4.8896000000000000e+009	 -7.6008300000000002e+000	
  4.8920000000000000e+009	 -7.6921390000000001e+000	
  4.8944000000000000e+009	 -7.7568359999999998e+000	
  4.8968000000000000e+009	 -7.8640140000000001e+000	
  4.8992000000000000e+009	 -7.9497070000000001e+000	
  4.9016000000000000e+009	 -8.0048829999999995e+000	
  4.9040000000000000e+009	 -8.1591799999999992e+000	
  4.9064000000000000e+009	 -8.2553710000000002e+000	
  4.9088000000000000e+009	 -8.3735350000000004e+000	
  4.9112000000000000e+009	 -8.5634770000000007e+000	
  4.9136000000000000e+009	 -8.8212890000000002e+000	
  4.9160000000000000e+009	 -9.1318359999999998e+000	
  4.9184000000000000e+009	 -9.5107420000000005e+000	
  4.9208000000000000e+009	 -9.8872070000000001e+000	
  4.9232000000000000e+009	 -1.0454590000000000e+001	
  4.9256000000000000e+009	 -1.1021970000000000e+001	
  4.9280000000000000e+009	 -1.1558109999999999e+001	
  4.9304000000000000e+009	 -1.2189450000000001e+001	
  4.9328000000000000e+009	 -1.2736820000000000e+001	
  4.9352000000000000e+009	 -1.3329100000000000e+001	
  4.9376000000000000e+009	 -1.3825200000000001e+001	
  4.9400000000000000e+009	 -1.4320309999999999e+001	
  4.9424000000000000e+009	 -1.4752929999999999e+001	
  4.9448000000000000e+009	 -1.5125489999999999e+001	
  4.9472000000000000e+009	 -1.5427250000000001e+001	
  4.9496000000000000e+009	 -1.5742190000000001e+001	
  4.9520000000000000e+009	 -1.5900390000000000e+001	
  4.9544000000000000e+009	 -1.5993650000000001e+001	
  4.9568000000000000e+009	 -1.6074220000000000e+001	
  4.9592000000000000e+009	 -1.6083010000000002e+001	
  4.9616000000000000e+009	 -1.6130859999999998e+001	
  4.9640000000000000e+009	 -1.6001950000000001e+001	
  4.9664000000000000e+009	 -1.5962890000000000e+001	
  4.9688000000000000e+009	 -1.5927250000000001e+001	
  4.9712000000000000e+009	 -1.5907710000000000e+001	
  4.9736000000000000e+009	 -1.5977050000000000e+001	
  4.9760000000000000e+009	 -1.6084959999999999e+001	
  4.9784000000000000e+009	 -1.6289059999999999e+001	
  4.9808000000000000e+009	 -1.6628900000000002e+001	
  4.9832000000000000e+009	 -1.6938479999999998e+001	
  4.9856000000000000e+009	 -1.7450189999999999e+001	
  4.9880000000000000e+009	 -1.7800780000000000e+001	
  4.9904000000000000e+009	 -1.8299800000000001e+001	
  4.9928000000000000e+009	 -1.8725590000000000e+001	
  4.9952000000000000e+009	 -1.9126950000000001e+001	
  4.9976000000000000e+009	 -1.9501950000000001e+001	
  5.0000000000000000e+009	 -1.9792970000000000e+001	
  5.0024000000000000e+009	 -2.0024410000000000e+001	
  5.0048000000000000e+009	 -2.0256830000000001e+001	
  5.0072000000000000e+009	 -2.0364260000000002e+001	
  5.0096000000000000e+009	 -2.0479489999999998e+001	
  5.0120000000000000e+009	 -2.0491209999999999e+001	
  5.0144000000000000e+009	 -2.0531250000000000e+001	
  5.0168000000000000e+009	 -2.0518560000000001e+001	
  5.0192000000000000e+009	 -2.0441400000000002e+001	
  5.0216000000000000e+009	 -2.0461910000000000e+001	
  5.0240000000000000e+009	 -2.0521480000000000e+001	
  5.0264000000000000e+009	 -2.0463870000000000e+001	
  5.0288000000000000e+009	 -2.0467770000000002e+001	
  5.0312000000000000e+009	 -2.0499020000000002e+001	
  5.0336000000000000e+009	 -2.0495110000000000e+001	
  5.0360000000000000e+009	 -2.0519530000000000e+001	
  5.0384000000000000e+009	 -2.0546880000000002e+001	
  5.0408000000000000e+009	 -2.0559570000000001e+001	
  5.0432000000000000e+009	 -2.0621089999999999e+001	
  5.0456000000000000e+009	 -2.0518560000000001e+001	
  5.0480000000000000e+009	 -2.0494140000000002e+001	
  5.0504000000000000e+009	 -2.0622070000000001e+001	
  5.0528000000000000e+009	 -2.0667970000000000e+001	
  5.0552000000000000e+009	 -2.0767579999999999e+001	
  5.0576000000000000e+009	 -2.0876950000000001e+001	
  5.0600000000000000e+009	 -2.1058589999999999e+001	
  5.0624000000000000e+009	 -2.1273440000000001e+001	
  5.0648000000000000e+009	 -2.1490240000000000e+001	
  5.0672000000000000e+009	 -2.1808589999999999e+001	
  5.0696000000000000e+009	 -2.2104489999999998e+001	
  5.0720000000000000e+009	 -2.2414059999999999e+001	
  5.0744000000000000e+009	 -2.2695309999999999e+001	
  5.0768000000000000e+009	 -2.2937500000000000e+001	
  5.0792000000000000e+009	 -2.3135739999999998e+001	
  5.0816000000000000e+009	 -2.3394530000000000e+001	
  5.0840000000000000e+009	 -2.3577150000000000e+001	
  5.0864000000000000e+009	 -2.3620110000000000e+001	
  5.0888000000000000e+009	 -2.3738280000000000e+001	
  5.0912000000000000e+009	 -2.3653320000000001e+001	
  5.0936000000000000e+009	 -2.3526370000000000e+001	
  5.0960000000000000e+009	 -2.3305660000000000e+001	
  5.0984000000000000e+009	 -2.3012699999999999e+001	
  5.1008000000000000e+009	 -2.2736329999999999e+001	
  5.1032000000000000e+009	 -2.2447270000000000e+001	
  5.1056000000000000e+009	 -2.2166989999999998e+001	
  5.1080000000000000e+009	 -2.1940429999999999e+001	
  5.1104000000000000e+009	 -2.1700199999999999e+001	
  5.1128000000000000e+009	 -2.1531250000000000e+001	
  5.1152000000000000e+009	 -2.1458980000000000e+001	
  5.1176000000000000e+009	 -2.1492190000000001e+001	
  5.1200000000000000e+009	 -2.1553709999999999e+001	
  5.1224000000000000e+009	 -2.1798829999999999e+001	
  5.1248000000000000e+009	 -2.2042970000000000e+001	
  5.1272000000000000e+009	 -2.2396480000000000e+001	
  5.1296000000000000e+009	 -2.2733400000000000e+001	
  5.1320000000000000e+009	 -2.3104489999999998e+001	
  5.1344000000000000e+009	 -2.3427730000000000e+001	
  5.1368000000000000e+009	 -2.3798829999999999e+001	
  5.1392000000000000e+009	 -2.4121089999999999e+001	
  5.1416000000000000e+009	 -2.4301760000000002e+001	
  5.1440000000000000e+009	 -2.4483390000000000e+001	
  5.1464000000000000e+009	 -2.4469719999999999e+001	
  5.1488000000000000e+009	 -2.4478510000000000e+001	
  5.1512000000000000e+009	 -2.4391600000000000e+001	
  5.1536000000000000e+009	 -2.4168939999999999e+001	
  5.1560000000000000e+009	 -2.3865230000000000e+001	
  5.1584000000000000e+009	 -2.3500979999999998e+001	
  5.1608000000000000e+009	 -2.3098630000000000e+001	
  5.1632000000000000e+009	 -2.2646480000000000e+001	
  5.1656000000000000e+009	 -2.2295900000000000e+001	
  5.1680000000000000e+009	 -2.2111329999999999e+001	
  5.1704000000000000e+009	 -2.2365230000000000e+001	
  5.1728000000000000e+009	 -2.3087890000000002e+001	
  5.1752000000000000e+009	 -2.3870120000000000e+001	
  5.1776000000000000e+009	 -2.4231439999999999e+001	
  5.1800000000000000e+009	 -2.4260739999999998e+001	
  5.1824000000000000e+009	 -2.4363280000000000e+001	
  5.1848000000000000e+009	 -2.4354489999999998e+001	
  5.1872000000000000e+009	 -2.4400390000000002e+001	
  5.1896000000000000e+009	 -2.4529290000000000e+001	
  5.1920000000000000e+009	 -2.4684570000000001e+001	
  5.1944000000000000e+009	 -2.4849609999999998e+001	
  5.1968000000000000e+009	 -2.5052730000000000e+001	
  5.1992000000000000e+009	 -2.5179690000000001e+001	
  5.2016000000000000e+009	 -2.5285150000000002e+001	
  5.2040000000000000e+009	 -2.5410160000000001e+001	
  5.2064000000000000e+009	 -2.5544920000000001e+001	
  5.2088000000000000e+009	 -2.5559570000000001e+001	
  5.2112000000000000e+009	 -2.5541989999999998e+001	
  5.2136000000000000e+009	 -2.5590820000000001e+001	
  5.2160000000000000e+009	 -2.5592770000000002e+001	
  5.2184000000000000e+009	 -2.5479489999999998e+001	
  5.2208000000000000e+009	 -2.5458980000000000e+001	
  5.2232000000000000e+009	 -2.5340820000000001e+001	
  5.2256000000000000e+009	 -2.5171869999999998e+001	
  5.2280000000000000e+009	 -2.4989260000000002e+001	
  5.2304000000000000e+009	 -2.4776360000000000e+001	
  5.2328000000000000e+009	 -2.4469719999999999e+001	
  5.2352000000000000e+009	 -2.4209959999999999e+001	
  5.2376000000000000e+009	 -2.3966790000000000e+001	
  5.2400000000000000e+009	 -2.3666010000000000e+001	
  5.2424000000000000e+009	 -2.3412109999999998e+001	
  5.2448000000000000e+009	 -2.3211910000000000e+001	
  5.2472000000000000e+009	 -2.3083980000000000e+001	
  5.2496000000000000e+009	 -2.3000969999999999e+001	
  5.2520000000000000e+009	 -2.3017579999999999e+001	
  5.2544000000000000e+009	 -2.3141600000000000e+001	
  5.2568000000000000e+009	 -2.3308589999999999e+001	
  5.2592000000000000e+009	 -2.3532219999999999e+001	
  5.2616000000000000e+009	 -2.3798829999999999e+001	
  5.2640000000000000e+009	 -2.4059570000000001e+001	
  5.2664000000000000e+009	 -2.4315429999999999e+001	
  5.2688000000000000e+009	 -2.4516600000000000e+001	
  5.2712000000000000e+009	 -2.4634760000000000e+001	
  5.2736000000000000e+009	 -2.4802730000000000e+001	
  5.2760000000000000e+009	 -2.4859369999999998e+001	
  5.2784000000000000e+009	 -2.4963870000000000e+001	
  5.2808000000000000e+009	 -2.4840820000000001e+001	
  5.2832000000000000e+009	 -2.4770510000000002e+001	
  5.2856000000000000e+009	 -2.4677730000000000e+001	
  5.2880000000000000e+009	 -2.4540040000000001e+001	
  5.2904000000000000e+009	 -2.4428709999999999e+001	
  5.2928000000000000e+009	 -2.4303709999999999e+001	
  5.2952000000000000e+009	 -2.4158200000000001e+001	
  5.2976000000000000e+009	 -2.4028320000000001e+001	
  5.3000000000000000e+009	 -2.3857420000000001e+001	
  5.3024000000000000e+009	 -2.3728510000000000e+001	
  5.3048000000000000e+009	 -2.3593750000000000e+001	
  5.3072000000000000e+009	 -2.3378910000000001e+001	
  5.3096000000000000e+009	 -2.3195309999999999e+001	
  5.3120000000000000e+009	 -2.2934570000000001e+001	
  5.3144000000000000e+009	 -2.2724609999999998e+001	
  5.3168000000000000e+009	 -2.2545900000000000e+001	
  5.3192000000000000e+009	 -2.2332030000000000e+001	
  5.3216000000000000e+009	 -2.2203130000000002e+001	
  5.3240000000000000e+009	 -2.2107420000000001e+001	
  5.3264000000000000e+009	 -2.2074220000000000e+001	
  5.3288000000000000e+009	 -2.2186520000000002e+001	
  5.3312000000000000e+009	 -2.2336910000000000e+001	
  5.3336000000000000e+009	 -2.2641600000000000e+001	
  5.3360000000000000e+009	 -2.2905270000000002e+001	
  5.3384000000000000e+009	 -2.3265619999999998e+001	
  5.3408000000000000e+009	 -2.3564450000000001e+001	
  5.3432000000000000e+009	 -2.3868169999999999e+001	
  5.3456000000000000e+009	 -2.4147459999999999e+001	
  5.3480000000000000e+009	 -2.4379880000000000e+001	
  5.3504000000000000e+009	 -2.4490230000000000e+001	
  5.3528000000000000e+009	 -2.4536130000000000e+001	
  5.3552000000000000e+009	 -2.4415040000000001e+001	
  5.3576000000000000e+009	 -2.4246089999999999e+001	
  5.3600000000000000e+009	 -2.3993160000000000e+001	
  5.3624000000000000e+009	 -2.3653320000000001e+001	
  5.3648000000000000e+009	 -2.3219719999999999e+001	
  5.3672000000000000e+009	 -2.2838860000000000e+001	
  5.3696000000000000e+009	 -2.2281250000000000e+001	
  5.3720000000000000e+009	 -2.1805660000000000e+001	
  5.3744000000000000e+009	 -2.1455079999999999e+001	
  5.3768000000000000e+009	 -2.1059570000000001e+001	
  5.3792000000000000e+009	 -2.0665040000000001e+001	
  5.3816000000000000e+009	 -2.0547850000000000e+001	
  5.3840000000000000e+009	 -2.0527339999999999e+001	
  5.3864000000000000e+009	 -2.0575189999999999e+001	
  5.3888000000000000e+009	 -2.0685540000000000e+001	
  5.3912000000000000e+009	 -2.0834959999999999e+001	
  5.3936000000000000e+009	 -2.1061520000000002e+001	
  5.3960000000000000e+009	 -2.1237300000000001e+001	
  5.3984000000000000e+009	 -2.1405270000000002e+001	
  5.4008000000000000e+009	 -2.1566410000000001e+001	
  5.4032000000000000e+009	 -2.1645510000000002e+001	
  5.4056000000000000e+009	 -2.1851559999999999e+001	
  5.4080000000000000e+009	 -2.1825189999999999e+001	
  5.4104000000000000e+009	 -2.1784179999999999e+001	
  5.4128000000000000e+009	 -2.1780270000000002e+001	
  5.4152000000000000e+009	 -2.1748049999999999e+001	
  5.4176000000000000e+009	 -2.1631840000000000e+001	
  5.4200000000000000e+009	 -2.1494140000000002e+001	
