  3.5000000000000000e+009	 -1.7752929999999999e+001	
  3.5027000000000000e+009	 -1.8430660000000000e+001	
  3.5054000000000000e+009	 -1.9066410000000001e+001	
  3.5081000000000000e+009	 -1.9661130000000000e+001	
  3.5108000000000000e+009	 -2.0214839999999999e+001	
  3.5135000000000000e+009	 -2.0716799999999999e+001	
  3.5162000000000000e+009	 -2.1096679999999999e+001	
  3.5189000000000000e+009	 -2.1460940000000001e+001	
  3.5216000000000000e+009	 -2.1696290000000001e+001	
  3.5243000000000000e+009	 -2.1990230000000000e+001	
  3.5270000000000000e+009	 -2.2218750000000000e+001	
  3.5297000000000000e+009	 -2.2503910000000001e+001	
  3.5324000000000000e+009	 -2.2812500000000000e+001	
  3.5351000000000000e+009	 -2.3145510000000002e+001	
  3.5378000000000000e+009	 -2.3498040000000000e+001	
  3.5405000000000000e+009	 -2.3893550000000001e+001	
  3.5432000000000000e+009	 -2.4291989999999998e+001	
  3.5459000000000000e+009	 -2.4760739999999998e+001	
  3.5486000000000000e+009	 -2.5233400000000000e+001	
  3.5513000000000000e+009	 -2.5741209999999999e+001	
  3.5540000000000000e+009	 -2.6288080000000001e+001	
  3.5567000000000000e+009	 -2.6675780000000000e+001	
  3.5594000000000000e+009	 -2.7063469999999999e+001	
  3.5621000000000000e+009	 -2.7259760000000000e+001	
  3.5648000000000000e+009	 -2.6804690000000001e+001	
  3.5675000000000000e+009	 -2.6611329999999999e+001	
  3.5702000000000000e+009	 -2.6718750000000000e+001	
  3.5729000000000000e+009	 -2.6793939999999999e+001	
  3.5756000000000000e+009	 -2.6708010000000002e+001	
  3.5783000000000000e+009	 -2.6611329999999999e+001	
  3.5810000000000000e+009	 -2.6378900000000002e+001	
  3.5837000000000000e+009	 -2.6116209999999999e+001	
  3.5864000000000000e+009	 -2.5970700000000001e+001	
  3.5891000000000000e+009	 -2.5712890000000002e+001	
  3.5918000000000000e+009	 -2.5549800000000001e+001	
  3.5945000000000000e+009	 -2.5481439999999999e+001	
  3.5972000000000000e+009	 -2.5524410000000000e+001	
  3.5999000000000000e+009	 -2.5582999999999998e+001	
  3.6026000000000000e+009	 -2.5687500000000000e+001	
  3.6053000000000000e+009	 -2.5890619999999998e+001	
  3.6080000000000000e+009	 -2.6075189999999999e+001	
  3.6107000000000000e+009	 -2.6250969999999999e+001	
  3.6134000000000000e+009	 -2.6479489999999998e+001	
  3.6161000000000000e+009	 -2.6617180000000001e+001	
  3.6188000000000000e+009	 -2.6758790000000001e+001	
  3.6215000000000000e+009	 -2.6760739999999998e+001	
  3.6242000000000000e+009	 -2.6824220000000000e+001	
  3.6269000000000000e+009	 -2.6783200000000001e+001	
  3.6296000000000000e+009	 -2.6771480000000000e+001	
  3.6323000000000000e+009	 -2.6696290000000001e+001	
  3.6350000000000000e+009	 -2.6590820000000001e+001	
  3.6377000000000000e+009	 -2.6443359999999998e+001	
  3.6404000000000000e+009	 -2.6273440000000001e+001	
  3.6431000000000000e+009	 -2.6114249999999998e+001	
  3.6458000000000000e+009	 -2.5884760000000000e+001	
  3.6485000000000000e+009	 -2.5698239999999998e+001	
  3.6512000000000000e+009	 -2.5404299999999999e+001	
  3.6539000000000000e+009	 -2.5103510000000000e+001	
  3.6566000000000000e+009	 -2.4741209999999999e+001	
  3.6593000000000000e+009	 -2.4419920000000001e+001	
  3.6620000000000000e+009	 -2.4108400000000000e+001	
  3.6647000000000000e+009	 -2.3893550000000001e+001	
  3.6674000000000000e+009	 -2.3662109999999998e+001	
  3.6701000000000000e+009	 -2.3522459999999999e+001	
  3.6728000000000000e+009	 -2.3372070000000001e+001	
  3.6755000000000000e+009	 -2.3412109999999998e+001	
  3.6782000000000000e+009	 -2.3318359999999998e+001	
  3.6809000000000000e+009	 -2.3365240000000000e+001	
  3.6836000000000000e+009	 -2.3543939999999999e+001	
  3.6863000000000000e+009	 -2.3569340000000000e+001	
  3.6890000000000000e+009	 -2.3608400000000000e+001	
  3.6917000000000000e+009	 -2.3587890000000002e+001	
  3.6944000000000000e+009	 -2.3544920000000001e+001	
  3.6971000000000000e+009	 -2.3419920000000001e+001	
  3.6998000000000000e+009	 -2.3250979999999998e+001	
  3.7025000000000000e+009	 -2.3001950000000001e+001	
  3.7052000000000000e+009	 -2.2875000000000000e+001	
  3.7079000000000000e+009	 -2.2552730000000000e+001	
  3.7106000000000000e+009	 -2.2044920000000001e+001	
  3.7133000000000000e+009	 -2.1630859999999998e+001	
  3.7160000000000000e+009	 -2.1228510000000000e+001	
  3.7187000000000000e+009	 -2.0727540000000001e+001	
  3.7214000000000000e+009	 -2.0290040000000001e+001	
  3.7241000000000000e+009	 -1.9895510000000002e+001	
  3.7268000000000000e+009	 -1.9484369999999998e+001	
  3.7295000000000000e+009	 -1.9049800000000001e+001	
  3.7322000000000000e+009	 -1.8539059999999999e+001	
  3.7349000000000000e+009	 -1.7993160000000000e+001	
  3.7376000000000000e+009	 -1.7604489999999998e+001	
  3.7403000000000000e+009	 -1.7238280000000000e+001	
  3.7430000000000000e+009	 -1.6992190000000001e+001	
  3.7457000000000000e+009	 -1.6822260000000000e+001	
  3.7484000000000000e+009	 -1.6718750000000000e+001	
  3.7511000000000000e+009	 -1.6672850000000000e+001	
  3.7538000000000000e+009	 -1.6618160000000000e+001	
  3.7565000000000000e+009	 -1.6566410000000001e+001	
  3.7592000000000000e+009	 -1.6437500000000000e+001	
  3.7619000000000000e+009	 -1.6341799999999999e+001	
  3.7646000000000000e+009	 -1.6125000000000000e+001	
  3.7673000000000000e+009	 -1.5798340000000000e+001	
  3.7700000000000000e+009	 -1.5392580000000001e+001	
  3.7727000000000000e+009	 -1.4873540000000000e+001	
  3.7754000000000000e+009	 -1.4338870000000000e+001	
  3.7781000000000000e+009	 -1.3791499999999999e+001	
  3.7808000000000000e+009	 -1.3104979999999999e+001	
  3.7835000000000000e+009	 -1.2473140000000001e+001	
  3.7862000000000000e+009	 -1.1935549999999999e+001	
  3.7889000000000000e+009	 -1.1515630000000000e+001	
  3.7916000000000000e+009	 -1.1130860000000000e+001	
  3.7943000000000000e+009	 -1.0841310000000000e+001	
  3.7970000000000000e+009	 -1.0678220000000000e+001	
  3.7997000000000000e+009	 -1.0527830000000000e+001	
  3.8024000000000000e+009	 -1.0532710000000000e+001	
  3.8051000000000000e+009	 -1.0661619999999999e+001	
  3.8078000000000000e+009	 -1.0786619999999999e+001	
  3.8105000000000000e+009	 -1.0994630000000001e+001	
  3.8132000000000000e+009	 -1.1221679999999999e+001	
  3.8159000000000000e+009	 -1.1531250000000000e+001	
  3.8186000000000000e+009	 -1.1822749999999999e+001	
  3.8213000000000000e+009	 -1.2125489999999999e+001	
  3.8240000000000000e+009	 -1.2509770000000000e+001	
  3.8267000000000000e+009	 -1.2875000000000000e+001	
  3.8294000000000000e+009	 -1.3163570000000000e+001	
  3.8321000000000000e+009	 -1.3505860000000000e+001	
  3.8348000000000000e+009	 -1.3759280000000000e+001	
  3.8375000000000000e+009	 -1.4029790000000000e+001	
  3.8402000000000000e+009	 -1.4268070000000000e+001	
  3.8429000000000000e+009	 -1.4446780000000000e+001	
  3.8456000000000000e+009	 -1.4672850000000000e+001	
  3.8483000000000000e+009	 -1.4819340000000000e+001	
  3.8510000000000000e+009	 -1.4860840000000000e+001	
  3.8537000000000000e+009	 -1.4946289999999999e+001	
  3.8564000000000000e+009	 -1.4893549999999999e+001	
  3.8591000000000000e+009	 -1.4890140000000001e+001	
  3.8618000000000000e+009	 -1.4854490000000000e+001	
  3.8645000000000000e+009	 -1.4822270000000000e+001	
  3.8672000000000000e+009	 -1.4829590000000000e+001	
  3.8699000000000000e+009	 -1.4879390000000001e+001	
  3.8726000000000000e+009	 -1.4952640000000001e+001	
  3.8753000000000000e+009	 -1.5153320000000001e+001	
  3.8780000000000000e+009	 -1.5378909999999999e+001	
  3.8807000000000000e+009	 -1.5638180000000000e+001	
  3.8834000000000000e+009	 -1.5978030000000000e+001	
  3.8861000000000000e+009	 -1.6282219999999999e+001	
  3.8888000000000000e+009	 -1.6659179999999999e+001	
  3.8915000000000000e+009	 -1.7007809999999999e+001	
  3.8942000000000000e+009	 -1.7365230000000000e+001	
  3.8969000000000000e+009	 -1.7582030000000000e+001	
  3.8996000000000000e+009	 -1.7831050000000001e+001	
  3.9023000000000000e+009	 -1.8023440000000001e+001	
  3.9050000000000000e+009	 -1.8150390000000002e+001	
  3.9077000000000000e+009	 -1.8255859999999998e+001	
  3.9104000000000000e+009	 -1.8229489999999998e+001	
  3.9131000000000000e+009	 -1.8315429999999999e+001	
  3.9158000000000000e+009	 -1.8411130000000000e+001	
  3.9185000000000000e+009	 -1.8322270000000000e+001	
  3.9212000000000000e+009	 -1.8314450000000001e+001	
  3.9239000000000000e+009	 -1.8279290000000000e+001	
  3.9266000000000000e+009	 -1.8211910000000000e+001	
  3.9293000000000000e+009	 -1.8120120000000000e+001	
  3.9320000000000000e+009	 -1.8042970000000000e+001	
  3.9347000000000000e+009	 -1.7891600000000000e+001	
  3.9374000000000000e+009	 -1.7721679999999999e+001	
  3.9401000000000000e+009	 -1.7610350000000000e+001	
  3.9428000000000000e+009	 -1.7453119999999998e+001	
  3.9455000000000000e+009	 -1.7389650000000000e+001	
  3.9482000000000000e+009	 -1.7413080000000001e+001	
  3.9509000000000000e+009	 -1.7509770000000000e+001	
  3.9536000000000000e+009	 -1.7644530000000000e+001	
  3.9563000000000000e+009	 -1.7899410000000000e+001	
  3.9590000000000000e+009	 -1.8122070000000001e+001	
  3.9617000000000000e+009	 -1.8447270000000000e+001	
  3.9644000000000000e+009	 -1.8775390000000002e+001	
  3.9671000000000000e+009	 -1.9026370000000000e+001	
  3.9698000000000000e+009	 -1.9181640000000002e+001	
  3.9725000000000000e+009	 -1.9361329999999999e+001	
  3.9752000000000000e+009	 -1.9384770000000000e+001	
  3.9779000000000000e+009	 -1.9401370000000000e+001	
  3.9806000000000000e+009	 -1.9313479999999998e+001	
  3.9833000000000000e+009	 -1.9052730000000000e+001	
  3.9860000000000000e+009	 -1.8803709999999999e+001	
  3.9887000000000000e+009	 -1.8486329999999999e+001	
  3.9914000000000000e+009	 -1.8122070000000001e+001	
  3.9941000000000000e+009	 -1.7759760000000000e+001	
  3.9968000000000000e+009	 -1.7401370000000000e+001	
  3.9995000000000000e+009	 -1.7068359999999998e+001	
  4.0022000000000000e+009	 -1.6742190000000001e+001	
  4.0049000000000000e+009	 -1.6507809999999999e+001	
  4.0076000000000000e+009	 -1.6392579999999999e+001	
  4.0103000000000000e+009	 -1.6259770000000000e+001	
  4.0130000000000000e+009	 -1.6288080000000001e+001	
  4.0157000000000000e+009	 -1.6339839999999999e+001	
  4.0184000000000000e+009	 -1.6441400000000002e+001	
  4.0211000000000000e+009	 -1.6560540000000000e+001	
  4.0238000000000000e+009	 -1.6695309999999999e+001	
  4.0265000000000000e+009	 -1.6730470000000000e+001	
  4.0292000000000000e+009	 -1.6838870000000000e+001	
  4.0319000000000000e+009	 -1.6870120000000000e+001	
  4.0346000000000000e+009	 -1.6814450000000001e+001	
  4.0373000000000000e+009	 -1.6712890000000002e+001	
  4.0400000000000000e+009	 -1.6506830000000001e+001	
  4.0427000000000000e+009	 -1.6321290000000001e+001	
  4.0454000000000000e+009	 -1.5989260000000000e+001	
  4.0481000000000000e+009	 -1.5659670000000000e+001	
  4.0508000000000000e+009	 -1.5291990000000000e+001	
  4.0535000000000000e+009	 -1.4880860000000000e+001	
  4.0562000000000000e+009	 -1.4507320000000000e+001	
  4.0589000000000000e+009	 -1.4080570000000000e+001	
  4.0616000000000000e+009	 -1.3736330000000001e+001	
  4.0643000000000000e+009	 -1.3396480000000000e+001	
  4.0670000000000000e+009	 -1.3166990000000000e+001	
  4.0697000000000000e+009	 -1.2864260000000000e+001	
  4.0724000000000000e+009	 -1.2615230000000000e+001	
  4.0751000000000000e+009	 -1.2416990000000000e+001	
  4.0778000000000000e+009	 -1.2256840000000000e+001	
  4.0805000000000000e+009	 -1.2108890000000001e+001	
  4.0832000000000000e+009	 -1.1922850000000000e+001	
  4.0859000000000000e+009	 -1.1791990000000000e+001	
  4.0886000000000000e+009	 -1.1634280000000000e+001	
  4.0913000000000000e+009	 -1.1490720000000000e+001	
  4.0940000000000000e+009	 -1.1444340000000000e+001	
  4.0967000000000000e+009	 -1.1391109999999999e+001	
  4.0994000000000000e+009	 -1.1366210000000001e+001	
  4.1021000000000000e+009	 -1.1405270000000000e+001	
  4.1048000000000000e+009	 -1.1529790000000000e+001	
  4.1075000000000000e+009	 -1.1667479999999999e+001	
  4.1102000000000000e+009	 -1.1927250000000001e+001	
  4.1129000000000000e+009	 -1.2174320000000000e+001	
  4.1156000000000000e+009	 -1.2595700000000001e+001	
  4.1183000000000000e+009	 -1.2958010000000000e+001	
  4.1210000000000000e+009	 -1.3299799999999999e+001	
  4.1237000000000000e+009	 -1.3666020000000000e+001	
  4.1264000000000000e+009	 -1.4124510000000001e+001	
  4.1291000000000000e+009	 -1.4437989999999999e+001	
  4.1318000000000000e+009	 -1.4706540000000000e+001	
  4.1345000000000000e+009	 -1.4887700000000001e+001	
  4.1372000000000000e+009	 -1.4971190000000000e+001	
  4.1399000000000000e+009	 -1.4954590000000000e+001	
  4.1426000000000000e+009	 -1.4910159999999999e+001	
  4.1453000000000000e+009	 -1.4809570000000001e+001	
  4.1480000000000000e+009	 -1.4585450000000000e+001	
  4.1507000000000000e+009	 -1.4326169999999999e+001	
  4.1534000000000000e+009	 -1.4117190000000001e+001	
  4.1561000000000000e+009	 -1.3904790000000000e+001	
  4.1588000000000000e+009	 -1.3583500000000001e+001	
  4.1615000000000000e+009	 -1.3427730000000000e+001	
  4.1642000000000000e+009	 -1.3239750000000001e+001	
  4.1669000000000000e+009	 -1.3179200000000000e+001	
  4.1696000000000000e+009	 -1.3240230000000000e+001	
  4.1723000000000000e+009	 -1.3330570000000000e+001	
  4.1750000000000000e+009	 -1.3584470000000000e+001	
  4.1777000000000000e+009	 -1.3912599999999999e+001	
  4.1804000000000000e+009	 -1.4363280000000000e+001	
  4.1831000000000000e+009	 -1.4688960000000000e+001	
  4.1858000000000000e+009	 -1.5052730000000000e+001	
  4.1885000000000000e+009	 -1.5403810000000000e+001	
  4.1912000000000000e+009	 -1.5743160000000000e+001	
  4.1939000000000000e+009	 -1.5977539999999999e+001	
  4.1966000000000000e+009	 -1.6193359999999998e+001	
  4.1993000000000000e+009	 -1.6294920000000001e+001	
  4.2020000000000000e+009	 -1.6440429999999999e+001	
  4.2047000000000000e+009	 -1.6568359999999998e+001	
  4.2074000000000000e+009	 -1.6617190000000001e+001	
  4.2101000000000000e+009	 -1.6760739999999998e+001	
  4.2128000000000000e+009	 -1.6899410000000000e+001	
  4.2155000000000000e+009	 -1.7035160000000001e+001	
  4.2182000000000000e+009	 -1.7230470000000000e+001	
  4.2209000000000000e+009	 -1.7451170000000001e+001	
  4.2236000000000000e+009	 -1.7784179999999999e+001	
  4.2263000000000000e+009	 -1.8139650000000000e+001	
  4.2290000000000000e+009	 -1.8623049999999999e+001	
  4.2317000000000000e+009	 -1.9050780000000000e+001	
  4.2344000000000000e+009	 -1.9519530000000000e+001	
  4.2371000000000000e+009	 -1.9902339999999999e+001	
  4.2398000000000000e+009	 -2.0236329999999999e+001	
  4.2425000000000000e+009	 -2.0602540000000001e+001	
  4.2452000000000000e+009	 -2.0902339999999999e+001	
  4.2479000000000000e+009	 -2.1128910000000001e+001	
  4.2506000000000000e+009	 -2.1207030000000000e+001	
  4.2533000000000000e+009	 -2.1316400000000002e+001	
  4.2560000000000000e+009	 -2.1348630000000000e+001	
  4.2587000000000000e+009	 -2.1324220000000000e+001	
  4.2614000000000000e+009	 -2.1357420000000001e+001	
  4.2641000000000000e+009	 -2.1433589999999999e+001	
  4.2668000000000000e+009	 -2.1395510000000002e+001	
  4.2695000000000000e+009	 -2.1524419999999999e+001	
  4.2722000000000000e+009	 -2.1650390000000002e+001	
  4.2749000000000000e+009	 -2.1746089999999999e+001	
  4.2776000000000000e+009	 -2.1864260000000002e+001	
  4.2803000000000000e+009	 -2.2027339999999999e+001	
  4.2830000000000000e+009	 -2.2146480000000000e+001	
  4.2857000000000000e+009	 -2.2209959999999999e+001	
  4.2884000000000000e+009	 -2.2210940000000001e+001	
  4.2911000000000000e+009	 -2.2234369999999998e+001	
  4.2938000000000000e+009	 -2.2202150000000000e+001	
  4.2965000000000000e+009	 -2.2223630000000000e+001	
  4.2992000000000000e+009	 -2.2217770000000002e+001	
  4.3019000000000000e+009	 -2.2279299999999999e+001	
  4.3046000000000000e+009	 -2.2439450000000001e+001	
  4.3073000000000000e+009	 -2.2609369999999998e+001	
  4.3100000000000000e+009	 -2.2961910000000000e+001	
  4.3127000000000000e+009	 -2.3326170000000001e+001	
  4.3154000000000000e+009	 -2.3718750000000000e+001	
  4.3181000000000000e+009	 -2.4117180000000001e+001	
  4.3208000000000000e+009	 -2.4470700000000001e+001	
  4.3235000000000000e+009	 -2.4855470000000000e+001	
  4.3262000000000000e+009	 -2.5024410000000000e+001	
  4.3289000000000000e+009	 -2.5211910000000000e+001	
  4.3316000000000000e+009	 -2.5221679999999999e+001	
  4.3343000000000000e+009	 -2.5148430000000001e+001	
  4.3370000000000000e+009	 -2.4964839999999999e+001	
  4.3397000000000000e+009	 -2.4733400000000000e+001	
  4.3424000000000000e+009	 -2.4450189999999999e+001	
  4.3451000000000000e+009	 -2.4122070000000001e+001	
  4.3478000000000000e+009	 -2.3810540000000000e+001	
  4.3505000000000000e+009	 -2.3575199999999999e+001	
  4.3532000000000000e+009	 -2.3375000000000000e+001	
  4.3559000000000000e+009	 -2.3275390000000002e+001	
  4.3586000000000000e+009	 -2.3324220000000000e+001	
  4.3613000000000000e+009	 -2.3491209999999999e+001	
  4.3640000000000000e+009	 -2.3742180000000001e+001	
  4.3667000000000000e+009	 -2.4065429999999999e+001	
  4.3694000000000000e+009	 -2.4375969999999999e+001	
  4.3721000000000000e+009	 -2.4776360000000000e+001	
  4.3748000000000000e+009	 -2.5082030000000000e+001	
  4.3775000000000000e+009	 -2.5390630000000002e+001	
  4.3802000000000000e+009	 -2.5748040000000000e+001	
  4.3829000000000000e+009	 -2.5934570000000001e+001	
  4.3856000000000000e+009	 -2.6145510000000002e+001	
  4.3883000000000000e+009	 -2.6317380000000000e+001	
  4.3910000000000000e+009	 -2.6370120000000000e+001	
  4.3937000000000000e+009	 -2.6356439999999999e+001	
  4.3964000000000000e+009	 -2.6265619999999998e+001	
  4.3991000000000000e+009	 -2.6198239999999998e+001	
  4.4018000000000000e+009	 -2.5966799999999999e+001	
  4.4045000000000000e+009	 -2.5795900000000000e+001	
  4.4072000000000000e+009	 -2.5444340000000000e+001	
  4.4099000000000000e+009	 -2.5141600000000000e+001	
  4.4126000000000000e+009	 -2.4878900000000002e+001	
  4.4153000000000000e+009	 -2.4639640000000000e+001	
  4.4180000000000000e+009	 -2.4436520000000002e+001	
  4.4207000000000000e+009	 -2.4352540000000001e+001	
  4.4234000000000000e+009	 -2.4399410000000000e+001	
  4.4261000000000000e+009	 -2.4546869999999998e+001	
  4.4288000000000000e+009	 -2.4747070000000001e+001	
  4.4315000000000000e+009	 -2.5045900000000000e+001	
  4.4342000000000000e+009	 -2.5269530000000000e+001	
  4.4369000000000000e+009	 -2.5519530000000000e+001	
  4.4396000000000000e+009	 -2.5805660000000000e+001	
  4.4423000000000000e+009	 -2.5963860000000000e+001	
  4.4450000000000000e+009	 -2.6102540000000001e+001	
  4.4477000000000000e+009	 -2.6151370000000000e+001	
  4.4504000000000000e+009	 -2.6167960000000001e+001	
  4.4531000000000000e+009	 -2.6083010000000002e+001	
  4.4558000000000000e+009	 -2.6016600000000000e+001	
  4.4585000000000000e+009	 -2.5896480000000000e+001	
  4.4612000000000000e+009	 -2.5782219999999999e+001	
  4.4639000000000000e+009	 -2.5674800000000001e+001	
  4.4666000000000000e+009	 -2.5690429999999999e+001	
  4.4693000000000000e+009	 -2.5584959999999999e+001	
  4.4720000000000000e+009	 -2.5577140000000000e+001	
  4.4747000000000000e+009	 -2.5557610000000000e+001	
  4.4774000000000000e+009	 -2.5499020000000002e+001	
  4.4801000000000000e+009	 -2.5490230000000000e+001	
  4.4828000000000000e+009	 -2.5351559999999999e+001	
  4.4855000000000000e+009	 -2.5279290000000000e+001	
  4.4882000000000000e+009	 -2.5037109999999998e+001	
  4.4909000000000000e+009	 -2.4801749999999998e+001	
  4.4936000000000000e+009	 -2.4489249999999998e+001	
  4.4963000000000000e+009	 -2.4320309999999999e+001	
  4.4990000000000000e+009	 -2.4064450000000001e+001	
  4.5017000000000000e+009	 -2.3889650000000000e+001	
  4.5044000000000000e+009	 -2.3841799999999999e+001	
  4.5071000000000000e+009	 -2.3829100000000000e+001	
  4.5098000000000000e+009	 -2.4019530000000000e+001	
  4.5125000000000000e+009	 -2.4217770000000002e+001	
  4.5152000000000000e+009	 -2.4480470000000000e+001	
  4.5179000000000000e+009	 -2.4619140000000002e+001	
  4.5206000000000000e+009	 -2.4726559999999999e+001	
  4.5233000000000000e+009	 -2.4772459999999999e+001	
  4.5260000000000000e+009	 -2.4636720000000000e+001	
  4.5287000000000000e+009	 -2.4334959999999999e+001	
  4.5314000000000000e+009	 -2.4875969999999999e+001	
  4.5341000000000000e+009	 -2.7735350000000000e+001	
  4.5368000000000000e+009	 -2.9692380000000000e+001	
  4.5395000000000000e+009	 -2.9080079999999999e+001	
  4.5422000000000000e+009	 -2.8069330000000001e+001	
  4.5449000000000000e+009	 -2.7201170000000001e+001	
  4.5476000000000000e+009	 -2.6473630000000000e+001	
  4.5503000000000000e+009	 -2.5828119999999998e+001	
  4.5530000000000000e+009	 -2.5290040000000001e+001	
  4.5557000000000000e+009	 -2.4841790000000000e+001	
  4.5584000000000000e+009	 -2.4626950000000001e+001	
  4.5611000000000000e+009	 -2.4359369999999998e+001	
  4.5638000000000000e+009	 -2.4399410000000000e+001	
  4.5665000000000000e+009	 -2.4407219999999999e+001	
  4.5692000000000000e+009	 -2.4555660000000000e+001	
  4.5719000000000000e+009	 -2.4683589999999999e+001	
  4.5746000000000000e+009	 -2.4915040000000001e+001	
  4.5773000000000000e+009	 -2.5131840000000000e+001	
  4.5800000000000000e+009	 -2.5407219999999999e+001	
  4.5827000000000000e+009	 -2.5602540000000001e+001	
  4.5854000000000000e+009	 -2.5753900000000002e+001	
  4.5881000000000000e+009	 -2.5911130000000000e+001	
  4.5908000000000000e+009	 -2.5929680000000001e+001	
  4.5935000000000000e+009	 -2.5850580000000001e+001	
  4.5962000000000000e+009	 -2.5798829999999999e+001	
  4.5989000000000000e+009	 -2.5546880000000002e+001	
  4.6016000000000000e+009	 -2.5287109999999998e+001	
  4.6043000000000000e+009	 -2.5026360000000000e+001	
  4.6070000000000000e+009	 -2.4661130000000000e+001	
  4.6097000000000000e+009	 -2.4246089999999999e+001	
  4.6124000000000000e+009	 -2.3869140000000002e+001	
  4.6151000000000000e+009	 -2.3589839999999999e+001	
  4.6178000000000000e+009	 -2.3328119999999998e+001	
  4.6205000000000000e+009	 -2.3097650000000002e+001	
  4.6232000000000000e+009	 -2.3006830000000001e+001	
  4.6259000000000000e+009	 -2.3097650000000002e+001	
  4.6286000000000000e+009	 -2.3081050000000001e+001	
  4.6313000000000000e+009	 -2.3152339999999999e+001	
  4.6340000000000000e+009	 -2.3336910000000000e+001	
  4.6367000000000000e+009	 -2.3416989999999998e+001	
  4.6394000000000000e+009	 -2.3490230000000000e+001	
  4.6421000000000000e+009	 -2.3486329999999999e+001	
  4.6448000000000000e+009	 -2.3492190000000001e+001	
  4.6475000000000000e+009	 -2.3453130000000002e+001	
  4.6502000000000000e+009	 -2.3391600000000000e+001	
  4.6529000000000000e+009	 -2.3262699999999999e+001	
  4.6556000000000000e+009	 -2.3210940000000001e+001	
  4.6583000000000000e+009	 -2.3087890000000002e+001	
  4.6610000000000000e+009	 -2.3011720000000000e+001	
  4.6637000000000000e+009	 -2.2980470000000000e+001	
  4.6664000000000000e+009	 -2.2968750000000000e+001	
  4.6691000000000000e+009	 -2.3013670000000001e+001	
  4.6718000000000000e+009	 -2.3031250000000000e+001	
  4.6745000000000000e+009	 -2.3010739999999998e+001	
  4.6772000000000000e+009	 -2.2990230000000000e+001	
  4.6799000000000000e+009	 -2.2883790000000001e+001	
  4.6826000000000000e+009	 -2.2705079999999999e+001	
  4.6853000000000000e+009	 -2.2486329999999999e+001	
  4.6880000000000000e+009	 -2.2125969999999999e+001	
  4.6907000000000000e+009	 -2.1891600000000000e+001	
  4.6934000000000000e+009	 -2.1521480000000000e+001	
  4.6961000000000000e+009	 -2.1149410000000000e+001	
  4.6988000000000000e+009	 -2.0843750000000000e+001	
  4.7015000000000000e+009	 -2.0585940000000001e+001	
  4.7042000000000000e+009	 -2.0463870000000000e+001	
  4.7069000000000000e+009	 -2.0302730000000000e+001	
  4.7096000000000000e+009	 -2.0294920000000001e+001	
  4.7123000000000000e+009	 -2.0297850000000000e+001	
  4.7150000000000000e+009	 -2.0450199999999999e+001	
  4.7177000000000000e+009	 -2.0661130000000000e+001	
  4.7204000000000000e+009	 -2.0773430000000001e+001	
  4.7231000000000000e+009	 -2.0950189999999999e+001	
  4.7258000000000000e+009	 -2.1046869999999998e+001	
  4.7285000000000000e+009	 -2.1178709999999999e+001	
  4.7312000000000000e+009	 -2.1152339999999999e+001	
  4.7339000000000000e+009	 -2.1099609999999998e+001	
  4.7366000000000000e+009	 -2.0991209999999999e+001	
  4.7393000000000000e+009	 -2.0804690000000001e+001	
  4.7420000000000000e+009	 -2.0510739999999998e+001	
  4.7447000000000000e+009	 -2.0172850000000000e+001	
  4.7474000000000000e+009	 -1.9873049999999999e+001	
  4.7501000000000000e+009	 -1.9458010000000002e+001	
  4.7528000000000000e+009	 -1.8967770000000002e+001	
  4.7555000000000000e+009	 -1.8577150000000000e+001	
  4.7582000000000000e+009	 -1.8168949999999999e+001	
  4.7609000000000000e+009	 -1.7761720000000000e+001	
  4.7636000000000000e+009	 -1.7415040000000001e+001	
  4.7663000000000000e+009	 -1.7232420000000001e+001	
  4.7690000000000000e+009	 -1.7146480000000000e+001	
  4.7717000000000000e+009	 -1.7100580000000001e+001	
  4.7744000000000000e+009	 -1.7247070000000001e+001	
  4.7771000000000000e+009	 -1.7319340000000000e+001	
  4.7798000000000000e+009	 -1.7488280000000000e+001	
  4.7825000000000000e+009	 -1.7721679999999999e+001	
  4.7852000000000000e+009	 -1.7896480000000000e+001	
  4.7879000000000000e+009	 -1.7929690000000001e+001	
  4.7906000000000000e+009	 -1.7943359999999998e+001	
  4.7933000000000000e+009	 -1.7875000000000000e+001	
  4.7960000000000000e+009	 -1.7660160000000001e+001	
  4.7987000000000000e+009	 -1.7377929999999999e+001	
  4.8014000000000000e+009	 -1.7029290000000000e+001	
  4.8041000000000000e+009	 -1.6555660000000000e+001	
  4.8068000000000000e+009	 -1.6058589999999999e+001	
  4.8095000000000000e+009	 -1.5590820000000001e+001	
  4.8122000000000000e+009	 -1.5137700000000001e+001	
  4.8149000000000000e+009	 -1.4608400000000000e+001	
  4.8176000000000000e+009	 -1.4315429999999999e+001	
  4.8203000000000000e+009	 -1.3975590000000000e+001	
  4.8230000000000000e+009	 -1.3716310000000000e+001	
  4.8257000000000000e+009	 -1.3460940000000001e+001	
  4.8284000000000000e+009	 -1.3240720000000000e+001	
  4.8311000000000000e+009	 -1.3078609999999999e+001	
  4.8338000000000000e+009	 -1.2813480000000000e+001	
  4.8365000000000000e+009	 -1.2629880000000000e+001	
  4.8392000000000000e+009	 -1.2231930000000000e+001	
  4.8419000000000000e+009	 -1.1917970000000000e+001	
  4.8446000000000000e+009	 -1.1514650000000000e+001	
  4.8473000000000000e+009	 -1.1187500000000000e+001	
  4.8500000000000000e+009	 -1.0815429999999999e+001	
  4.8527000000000000e+009	 -1.0473140000000001e+001	
  4.8554000000000000e+009	 -1.0119140000000000e+001	
  4.8581000000000000e+009	 -9.7841799999999992e+000	
  4.8608000000000000e+009	 -9.4746089999999992e+000	
  4.8635000000000000e+009	 -9.2226560000000006e+000	
  4.8662000000000000e+009	 -8.9013670000000005e+000	
  4.8689000000000000e+009	 -8.6113280000000003e+000	
  4.8716000000000000e+009	 -8.3730469999999997e+000	
  4.8743000000000000e+009	 -8.1831049999999994e+000	
  4.8770000000000000e+009	 -7.9670410000000000e+000	
  4.8797000000000000e+009	 -7.8894039999999999e+000	
  4.8824000000000000e+009	 -7.8864749999999999e+000	
  4.8851000000000000e+009	 -7.9824219999999997e+000	
  4.8878000000000000e+009	 -8.1909179999999999e+000	
  4.8905000000000000e+009	 -8.4516600000000004e+000	
  4.8932000000000000e+009	 -8.6220700000000008e+000	
  4.8959000000000000e+009	 -8.8623049999999992e+000	
  4.8986000000000000e+009	 -9.0483399999999996e+000	
  4.9013000000000000e+009	 -9.2138670000000005e+000	
  4.9040000000000000e+009	 -9.3593750000000000e+000	
  4.9067000000000000e+009	 -9.5566410000000008e+000	
  4.9094000000000000e+009	 -9.7578130000000005e+000	
  4.9121000000000000e+009	 -9.9741210000000002e+000	
  4.9148000000000000e+009	 -1.0326660000000000e+001	
  4.9175000000000000e+009	 -1.0704590000000000e+001	
  4.9202000000000000e+009	 -1.1270510000000000e+001	
  4.9229000000000000e+009	 -1.1817380000000000e+001	
  4.9256000000000000e+009	 -1.2435060000000000e+001	
  4.9283000000000000e+009	 -1.3026859999999999e+001	
  4.9310000000000000e+009	 -1.3677250000000001e+001	
  4.9337000000000000e+009	 -1.4300780000000000e+001	
  4.9364000000000000e+009	 -1.4904299999999999e+001	
  4.9391000000000000e+009	 -1.5434080000000000e+001	
  4.9418000000000000e+009	 -1.5938960000000000e+001	
  4.9445000000000000e+009	 -1.6370120000000000e+001	
  4.9472000000000000e+009	 -1.6681640000000002e+001	
  4.9499000000000000e+009	 -1.6922850000000000e+001	
  4.9526000000000000e+009	 -1.7021480000000000e+001	
  4.9553000000000000e+009	 -1.7147459999999999e+001	
  4.9580000000000000e+009	 -1.7174800000000001e+001	
  4.9607000000000000e+009	 -1.7100580000000001e+001	
  4.9634000000000000e+009	 -1.7041989999999998e+001	
  4.9661000000000000e+009	 -1.6935549999999999e+001	
  4.9688000000000000e+009	 -1.6812500000000000e+001	
  4.9715000000000000e+009	 -1.6742190000000001e+001	
  4.9742000000000000e+009	 -1.6759770000000000e+001	
  4.9769000000000000e+009	 -1.6911130000000000e+001	
  4.9796000000000000e+009	 -1.7261720000000000e+001	
  4.9823000000000000e+009	 -1.7502929999999999e+001	
  4.9850000000000000e+009	 -1.7980470000000000e+001	
  4.9877000000000000e+009	 -1.8504880000000000e+001	
  4.9904000000000000e+009	 -1.8978510000000000e+001	
  4.9931000000000000e+009	 -1.9473630000000000e+001	
  4.9958000000000000e+009	 -1.9901370000000000e+001	
  4.9985000000000000e+009	 -2.0257809999999999e+001	
  5.0012000000000000e+009	 -2.0533200000000001e+001	
  5.0039000000000000e+009	 -2.0742190000000001e+001	
  5.0066000000000000e+009	 -2.0927730000000000e+001	
  5.0093000000000000e+009	 -2.0981449999999999e+001	
  5.0120000000000000e+009	 -2.0999020000000002e+001	
  5.0147000000000000e+009	 -2.0974609999999998e+001	
  5.0174000000000000e+009	 -2.0946290000000001e+001	
  5.0201000000000000e+009	 -2.0903320000000001e+001	
  5.0228000000000000e+009	 -2.0892579999999999e+001	
  5.0255000000000000e+009	 -2.0858400000000000e+001	
  5.0282000000000000e+009	 -2.0876950000000001e+001	
  5.0309000000000000e+009	 -2.0958010000000002e+001	
  5.0336000000000000e+009	 -2.0941410000000001e+001	
  5.0363000000000000e+009	 -2.0985350000000000e+001	
  5.0390000000000000e+009	 -2.0977540000000001e+001	
  5.0417000000000000e+009	 -2.1013670000000001e+001	
  5.0444000000000000e+009	 -2.1054690000000001e+001	
  5.0471000000000000e+009	 -2.1031250000000000e+001	
  5.0498000000000000e+009	 -2.1051749999999998e+001	
  5.0525000000000000e+009	 -2.1058589999999999e+001	
  5.0552000000000000e+009	 -2.1256830000000001e+001	
  5.0579000000000000e+009	 -2.1394530000000000e+001	
  5.0606000000000000e+009	 -2.1567380000000000e+001	
  5.0633000000000000e+009	 -2.1836919999999999e+001	
  5.0660000000000000e+009	 -2.2171869999999998e+001	
  5.0687000000000000e+009	 -2.2514650000000000e+001	
  5.0714000000000000e+009	 -2.2820309999999999e+001	
  5.0741000000000000e+009	 -2.3200189999999999e+001	
  5.0768000000000000e+009	 -2.3470700000000001e+001	
  5.0795000000000000e+009	 -2.3713870000000000e+001	
  5.0822000000000000e+009	 -2.3839839999999999e+001	
  5.0849000000000000e+009	 -2.3925780000000000e+001	
  5.0876000000000000e+009	 -2.3875979999999998e+001	
  5.0903000000000000e+009	 -2.3767579999999999e+001	
  5.0930000000000000e+009	 -2.3623049999999999e+001	
  5.0957000000000000e+009	 -2.3423829999999999e+001	
  5.0984000000000000e+009	 -2.3198239999999998e+001	
  5.1011000000000000e+009	 -2.2931640000000002e+001	
  5.1038000000000000e+009	 -2.2653320000000001e+001	
  5.1065000000000000e+009	 -2.2416010000000000e+001	
  5.1092000000000000e+009	 -2.2195309999999999e+001	
  5.1119000000000000e+009	 -2.2025390000000002e+001	
  5.1146000000000000e+009	 -2.1945309999999999e+001	
  5.1173000000000000e+009	 -2.1864260000000002e+001	
  5.1200000000000000e+009	 -2.2084959999999999e+001	
  5.1227000000000000e+009	 -2.2304690000000001e+001	
  5.1254000000000000e+009	 -2.2658200000000001e+001	
  5.1281000000000000e+009	 -2.3023440000000001e+001	
  5.1308000000000000e+009	 -2.3452150000000000e+001	
  5.1335000000000000e+009	 -2.3891600000000000e+001	
  5.1362000000000000e+009	 -2.4245110000000000e+001	
  5.1389000000000000e+009	 -2.4575199999999999e+001	
  5.1416000000000000e+009	 -2.4901370000000000e+001	
  5.1443000000000000e+009	 -2.5020499999999998e+001	
  5.1470000000000000e+009	 -2.5138670000000001e+001	
  5.1497000000000000e+009	 -2.5124020000000002e+001	
  5.1524000000000000e+009	 -2.5083010000000002e+001	
  5.1551000000000000e+009	 -2.4838870000000000e+001	
  5.1578000000000000e+009	 -2.4589839999999999e+001	
  5.1605000000000000e+009	 -2.4271480000000000e+001	
  5.1632000000000000e+009	 -2.3935549999999999e+001	
  5.1659000000000000e+009	 -2.3554690000000001e+001	
  5.1686000000000000e+009	 -2.3299800000000001e+001	
  5.1713000000000000e+009	 -2.2997070000000001e+001	
  5.1740000000000000e+009	 -2.2808589999999999e+001	
  5.1767000000000000e+009	 -2.2747070000000001e+001	
  5.1794000000000000e+009	 -2.2756830000000001e+001	
  5.1821000000000000e+009	 -2.2867190000000001e+001	
  5.1848000000000000e+009	 -2.3046880000000002e+001	
  5.1875000000000000e+009	 -2.3334959999999999e+001	
  5.1902000000000000e+009	 -2.3598630000000000e+001	
  5.1929000000000000e+009	 -2.3906250000000000e+001	
  5.1956000000000000e+009	 -2.4166989999999998e+001	
  5.1983000000000000e+009	 -2.4418949999999999e+001	
  5.2010000000000000e+009	 -2.4583980000000000e+001	
  5.2037000000000000e+009	 -2.4762689999999999e+001	
  5.2064000000000000e+009	 -2.4902339999999999e+001	
  5.2091000000000000e+009	 -2.4993160000000000e+001	
  5.2118000000000000e+009	 -2.5054680000000001e+001	
  5.2145000000000000e+009	 -2.5032219999999999e+001	
  5.2172000000000000e+009	 -2.5068359999999998e+001	
  5.2199000000000000e+009	 -2.5043949999999999e+001	
  5.2226000000000000e+009	 -2.4925780000000000e+001	
  5.2253000000000000e+009	 -2.4784179999999999e+001	
  5.2280000000000000e+009	 -2.4571290000000001e+001	
  5.2307000000000000e+009	 -2.4368160000000000e+001	
  5.2334000000000000e+009	 -2.4082999999999998e+001	
  5.2361000000000000e+009	 -2.3801760000000002e+001	
  5.2388000000000000e+009	 -2.3495120000000000e+001	
  5.2415000000000000e+009	 -2.3209959999999999e+001	
  5.2442000000000000e+009	 -2.3046880000000002e+001	
  5.2469000000000000e+009	 -2.2834959999999999e+001	
  5.2496000000000000e+009	 -2.2789059999999999e+001	
  5.2523000000000000e+009	 -2.2875979999999998e+001	
  5.2550000000000000e+009	 -2.3026370000000000e+001	
  5.2577000000000000e+009	 -2.3191400000000002e+001	
  5.2604000000000000e+009	 -2.3464839999999999e+001	
  5.2631000000000000e+009	 -2.3726559999999999e+001	
  5.2658000000000000e+009	 -2.4058589999999999e+001	
  5.2685000000000000e+009	 -2.4252929999999999e+001	
  5.2712000000000000e+009	 -2.4429680000000001e+001	
  5.2739000000000000e+009	 -2.4607420000000001e+001	
  5.2766000000000000e+009	 -2.4660150000000002e+001	
  5.2793000000000000e+009	 -2.4644530000000000e+001	
  5.2820000000000000e+009	 -2.4549800000000001e+001	
  5.2847000000000000e+009	 -2.4454100000000000e+001	
  5.2874000000000000e+009	 -2.4377929999999999e+001	
  5.2901000000000000e+009	 -2.4197260000000000e+001	
  5.2928000000000000e+009	 -2.4064450000000001e+001	
  5.2955000000000000e+009	 -2.3914059999999999e+001	
  5.2982000000000000e+009	 -2.3814450000000001e+001	
  5.3009000000000000e+009	 -2.3599609999999998e+001	
  5.3036000000000000e+009	 -2.3486329999999999e+001	
  5.3063000000000000e+009	 -2.3246089999999999e+001	
  5.3090000000000000e+009	 -2.3001950000000001e+001	
  5.3117000000000000e+009	 -2.2778320000000001e+001	
  5.3144000000000000e+009	 -2.2489260000000002e+001	
  5.3171000000000000e+009	 -2.2302730000000000e+001	
  5.3198000000000000e+009	 -2.2133790000000001e+001	
  5.3225000000000000e+009	 -2.1983400000000000e+001	
  5.3252000000000000e+009	 -2.1914059999999999e+001	
  5.3279000000000000e+009	 -2.1979489999999998e+001	
  5.3306000000000000e+009	 -2.2131830000000001e+001	
  5.3333000000000000e+009	 -2.2351559999999999e+001	
  5.3360000000000000e+009	 -2.2750000000000000e+001	
  5.3387000000000000e+009	 -2.3111329999999999e+001	
  5.3414000000000000e+009	 -2.3486329999999999e+001	
  5.3441000000000000e+009	 -2.3760739999999998e+001	
  5.3468000000000000e+009	 -2.4044920000000001e+001	
  5.3495000000000000e+009	 -2.4178709999999999e+001	
  5.3522000000000000e+009	 -2.4250969999999999e+001	
  5.3549000000000000e+009	 -2.4208980000000000e+001	
  5.3576000000000000e+009	 -2.4020499999999998e+001	
  5.3603000000000000e+009	 -2.3759770000000000e+001	
  5.3630000000000000e+009	 -2.3325199999999999e+001	
  5.3657000000000000e+009	 -2.2851559999999999e+001	
  5.3684000000000000e+009	 -2.2338870000000000e+001	
  5.3711000000000000e+009	 -2.1776370000000000e+001	
  5.3738000000000000e+009	 -2.1328130000000002e+001	
  5.3765000000000000e+009	 -2.0927730000000000e+001	
  5.3792000000000000e+009	 -2.0625979999999998e+001	
  5.3819000000000000e+009	 -2.0414059999999999e+001	
  5.3846000000000000e+009	 -2.0390630000000002e+001	
  5.3873000000000000e+009	 -2.0453119999999998e+001	
  5.3900000000000000e+009	 -2.0571290000000001e+001	
  5.3927000000000000e+009	 -2.0746089999999999e+001	
  5.3954000000000000e+009	 -2.0968750000000000e+001	
  5.3981000000000000e+009	 -2.1168939999999999e+001	
  5.4008000000000000e+009	 -2.1347660000000001e+001	
  5.4035000000000000e+009	 -2.1396480000000000e+001	
  5.4062000000000000e+009	 -2.1523440000000001e+001	
  5.4089000000000000e+009	 -2.1585940000000001e+001	
  5.4116000000000000e+009	 -2.1549800000000001e+001	
  5.4143000000000000e+009	 -2.1468750000000000e+001	
  5.4170000000000000e+009	 -2.1345700000000001e+001	
  5.4197000000000000e+009	 -2.1244140000000002e+001	
  5.4224000000000000e+009	 -2.1055669999999999e+001	
  5.4251000000000000e+009	 -2.0849609999999998e+001	
  5.4278000000000000e+009	 -2.0623040000000000e+001	
  5.4305000000000000e+009	 -2.0314450000000001e+001	
  5.4332000000000000e+009	 -2.0113280000000000e+001	
  5.4359000000000000e+009	 -1.9755859999999998e+001	
  5.4386000000000000e+009	 -1.9429690000000001e+001	
  5.4413000000000000e+009	 -1.9128900000000002e+001	
  5.4440000000000000e+009	 -1.8863280000000000e+001	
  5.4467000000000000e+009	 -1.8538080000000001e+001	
  5.4494000000000000e+009	 -1.8371089999999999e+001	
  5.4521000000000000e+009	 -1.8196290000000001e+001	
  5.4548000000000000e+009	 -1.8050780000000000e+001	
  5.4575000000000000e+009	 -1.7947260000000000e+001	
  5.4602000000000000e+009	 -1.7921869999999998e+001	
  5.4629000000000000e+009	 -1.7852540000000001e+001	
  5.4656000000000000e+009	 -1.7773440000000001e+001	
  5.4683000000000000e+009	 -1.7803709999999999e+001	
  5.4710000000000000e+009	 -1.7754880000000000e+001	
  5.4737000000000000e+009	 -1.7745120000000000e+001	
  5.4764000000000000e+009	 -1.7656250000000000e+001	
  5.4791000000000000e+009	 -1.7614260000000002e+001	
  5.4818000000000000e+009	 -1.7576170000000001e+001	
  5.4845000000000000e+009	 -1.7503910000000001e+001	
  5.4872000000000000e+009	 -1.7427730000000000e+001	
  5.4899000000000000e+009	 -1.7325189999999999e+001	
  5.4926000000000000e+009	 -1.7207030000000000e+001	
  5.4953000000000000e+009	 -1.7126950000000001e+001	
  5.4980000000000000e+009	 -1.6959959999999999e+001	
  5.5007000000000000e+009	 -1.6785150000000002e+001	
  5.5034000000000000e+009	 -1.6500000000000000e+001	
  5.5061000000000000e+009	 -1.6164059999999999e+001	
  5.5088000000000000e+009	 -1.5783200000000001e+001	
  5.5115000000000000e+009	 -1.5325200000000001e+001	
  5.5142000000000000e+009	 -1.4810549999999999e+001	
  5.5169000000000000e+009	 -1.4288570000000000e+001	
  5.5196000000000000e+009	 -1.3800290000000000e+001	
  5.5223000000000000e+009	 -1.3320309999999999e+001	
  5.5250000000000000e+009	 -1.2935060000000000e+001	
  5.5277000000000000e+009	 -1.2672359999999999e+001	
  5.5304000000000000e+009	 -1.2555180000000000e+001	
  5.5331000000000000e+009	 -1.2531739999999999e+001	
  5.5358000000000000e+009	 -1.2663090000000000e+001	
  5.5385000000000000e+009	 -1.2771000000000001e+001	
  5.5412000000000000e+009	 -1.2980470000000000e+001	
  5.5439000000000000e+009	 -1.3183590000000001e+001	
  5.5466000000000000e+009	 -1.3360350000000000e+001	
  5.5493000000000000e+009	 -1.3470700000000001e+001	
  5.5520000000000000e+009	 -1.3504390000000001e+001	
  5.5547000000000000e+009	 -1.3543950000000001e+001	
  5.5574000000000000e+009	 -1.3421390000000001e+001	
  5.5601000000000000e+009	 -1.3297850000000000e+001	
  5.5628000000000000e+009	 -1.3119140000000000e+001	
  5.5655000000000000e+009	 -1.2939450000000001e+001	
  5.5682000000000000e+009	 -1.2717770000000000e+001	
  5.5709000000000000e+009	 -1.2536619999999999e+001	
  5.5736000000000000e+009	 -1.2350099999999999e+001	
  5.5763000000000000e+009	 -1.2187010000000001e+001	
  5.5790000000000000e+009	 -1.2085940000000001e+001	
  5.5817000000000000e+009	 -1.2000980000000000e+001	
  5.5844000000000000e+009	 -1.2019040000000000e+001	
  5.5871000000000000e+009	 -1.2075680000000000e+001	
  5.5898000000000000e+009	 -1.2106930000000000e+001	
  5.5925000000000000e+009	 -1.2270510000000000e+001	
  5.5952000000000000e+009	 -1.2516600000000000e+001	
  5.5979000000000000e+009	 -1.2844730000000000e+001	
  5.6006000000000000e+009	 -1.3235350000000000e+001	
  5.6033000000000000e+009	 -1.3494630000000001e+001	
  5.6060000000000000e+009	 -1.3666020000000000e+001	
  5.6087000000000000e+009	 -1.3759280000000000e+001	
  5.6114000000000000e+009	 -1.4013180000000000e+001	
  5.6141000000000000e+009	 -1.4350590000000000e+001	
  5.6168000000000000e+009	 -1.4699220000000000e+001	
  5.6195000000000000e+009	 -1.5066409999999999e+001	
  5.6222000000000000e+009	 -1.5393070000000000e+001	
  5.6249000000000000e+009	 -1.5590820000000001e+001	
  5.6276000000000000e+009	 -1.5830570000000000e+001	
  5.6303000000000000e+009	 -1.6004880000000000e+001	
  5.6330000000000000e+009	 -1.6129880000000000e+001	
  5.6357000000000000e+009	 -1.6108400000000000e+001	
  5.6384000000000000e+009	 -1.6201170000000001e+001	
  5.6411000000000000e+009	 -1.6224609999999998e+001	
  5.6438000000000000e+009	 -1.6319330000000001e+001	
  5.6465000000000000e+009	 -1.6297850000000000e+001	
  5.6492000000000000e+009	 -1.6289059999999999e+001	
  5.6519000000000000e+009	 -1.6248040000000000e+001	
  5.6546000000000000e+009	 -1.6241209999999999e+001	
  5.6573000000000000e+009	 -1.6160150000000002e+001	
  5.6600000000000000e+009	 -1.6119140000000002e+001	
