  3.5000000000000000e+009	 -2.7767579999999999e+001	
  3.5026000000000000e+009	 -2.7927730000000000e+001	
  3.5052000000000000e+009	 -2.8041010000000000e+001	
  3.5078000000000000e+009	 -2.8173829999999999e+001	
  3.5104000000000000e+009	 -2.8198239999999998e+001	
  3.5130000000000000e+009	 -2.8230470000000000e+001	
  3.5156000000000000e+009	 -2.8119140000000002e+001	
  3.5182000000000000e+009	 -2.8103510000000000e+001	
  3.5208000000000000e+009	 -2.8062500000000000e+001	
  3.5234000000000000e+009	 -2.7961910000000000e+001	
  3.5260000000000000e+009	 -2.7943359999999998e+001	
  3.5286000000000000e+009	 -2.7927730000000000e+001	
  3.5312000000000000e+009	 -2.7928709999999999e+001	
  3.5338000000000000e+009	 -2.8024410000000000e+001	
  3.5364000000000000e+009	 -2.8129880000000000e+001	
  3.5390000000000000e+009	 -2.8282219999999999e+001	
  3.5416000000000000e+009	 -2.8515630000000002e+001	
  3.5442000000000000e+009	 -2.8791010000000000e+001	
  3.5468000000000000e+009	 -2.9063469999999999e+001	
  3.5494000000000000e+009	 -2.9319330000000001e+001	
  3.5520000000000000e+009	 -2.9494140000000002e+001	
  3.5546000000000000e+009	 -2.9642579999999999e+001	
  3.5572000000000000e+009	 -2.9597650000000002e+001	
  3.5598000000000000e+009	 -2.9696290000000001e+001	
  3.5624000000000000e+009	 -2.9712890000000002e+001	
  3.5650000000000000e+009	 -2.9782219999999999e+001	
  3.5676000000000000e+009	 -2.9841790000000000e+001	
  3.5702000000000000e+009	 -2.9823239999999998e+001	
  3.5728000000000000e+009	 -2.9721679999999999e+001	
  3.5754000000000000e+009	 -2.9537109999999998e+001	
  3.5780000000000000e+009	 -2.9279290000000000e+001	
  3.5806000000000000e+009	 -2.8970700000000001e+001	
  3.5832000000000000e+009	 -2.8714839999999999e+001	
  3.5858000000000000e+009	 -2.8412109999999998e+001	
  3.5884000000000000e+009	 -2.8167970000000000e+001	
  3.5910000000000000e+009	 -2.7891600000000000e+001	
  3.5936000000000000e+009	 -2.7678709999999999e+001	
  3.5962000000000000e+009	 -2.7606439999999999e+001	
  3.5988000000000000e+009	 -2.7583980000000000e+001	
  3.6014000000000000e+009	 -2.7600580000000001e+001	
  3.6040000000000000e+009	 -2.7711910000000000e+001	
  3.6066000000000000e+009	 -2.7828119999999998e+001	
  3.6092000000000000e+009	 -2.7929690000000001e+001	
  3.6118000000000000e+009	 -2.8093750000000000e+001	
  3.6144000000000000e+009	 -2.8231439999999999e+001	
  3.6170000000000000e+009	 -2.8209959999999999e+001	
  3.6196000000000000e+009	 -2.8358400000000000e+001	
  3.6222000000000000e+009	 -2.8334959999999999e+001	
  3.6248000000000000e+009	 -2.8298829999999999e+001	
  3.6274000000000000e+009	 -2.8233390000000000e+001	
  3.6300000000000000e+009	 -2.8122070000000001e+001	
  3.6326000000000000e+009	 -2.8014650000000000e+001	
  3.6352000000000000e+009	 -2.7866209999999999e+001	
  3.6378000000000000e+009	 -2.7654290000000000e+001	
  3.6404000000000000e+009	 -2.7490230000000000e+001	
  3.6430000000000000e+009	 -2.7255859999999998e+001	
  3.6456000000000000e+009	 -2.7029290000000000e+001	
  3.6482000000000000e+009	 -2.6722660000000001e+001	
  3.6508000000000000e+009	 -2.6413080000000001e+001	
  3.6534000000000000e+009	 -2.6106439999999999e+001	
  3.6560000000000000e+009	 -2.5813469999999999e+001	
  3.6586000000000000e+009	 -2.5488280000000000e+001	
  3.6612000000000000e+009	 -2.5159179999999999e+001	
  3.6638000000000000e+009	 -2.4833010000000002e+001	
  3.6664000000000000e+009	 -2.4608400000000000e+001	
  3.6690000000000000e+009	 -2.4398440000000001e+001	
  3.6716000000000000e+009	 -2.4210930000000001e+001	
  3.6742000000000000e+009	 -2.4082030000000000e+001	
  3.6768000000000000e+009	 -2.4102540000000001e+001	
  3.6794000000000000e+009	 -2.4166010000000000e+001	
  3.6820000000000000e+009	 -2.4124020000000002e+001	
  3.6846000000000000e+009	 -2.4188479999999998e+001	
  3.6872000000000000e+009	 -2.4234369999999998e+001	
  3.6898000000000000e+009	 -2.4195309999999999e+001	
  3.6924000000000000e+009	 -2.4158200000000001e+001	
  3.6950000000000000e+009	 -2.4038090000000000e+001	
  3.6976000000000000e+009	 -2.3867190000000001e+001	
  3.7002000000000000e+009	 -2.3686520000000002e+001	
  3.7028000000000000e+009	 -2.3489260000000002e+001	
  3.7054000000000000e+009	 -2.3170900000000000e+001	
  3.7080000000000000e+009	 -2.2837890000000002e+001	
  3.7106000000000000e+009	 -2.2395510000000002e+001	
  3.7132000000000000e+009	 -2.2002929999999999e+001	
  3.7158000000000000e+009	 -2.1516600000000000e+001	
  3.7184000000000000e+009	 -2.1015630000000002e+001	
  3.7210000000000000e+009	 -2.0600590000000000e+001	
  3.7236000000000000e+009	 -2.0184570000000001e+001	
  3.7262000000000000e+009	 -1.9738280000000000e+001	
  3.7288000000000000e+009	 -1.9295900000000000e+001	
  3.7314000000000000e+009	 -1.8821290000000001e+001	
  3.7340000000000000e+009	 -1.8304690000000001e+001	
  3.7366000000000000e+009	 -1.7837890000000002e+001	
  3.7392000000000000e+009	 -1.7526370000000000e+001	
  3.7418000000000000e+009	 -1.7156250000000000e+001	
  3.7444000000000000e+009	 -1.6972660000000001e+001	
  3.7470000000000000e+009	 -1.6905270000000002e+001	
  3.7496000000000000e+009	 -1.6795900000000000e+001	
  3.7522000000000000e+009	 -1.6777339999999999e+001	
  3.7548000000000000e+009	 -1.6701170000000001e+001	
  3.7574000000000000e+009	 -1.6618160000000000e+001	
  3.7600000000000000e+009	 -1.6477540000000001e+001	
  3.7626000000000000e+009	 -1.6322260000000000e+001	
  3.7652000000000000e+009	 -1.6060549999999999e+001	
  3.7678000000000000e+009	 -1.5667479999999999e+001	
  3.7704000000000000e+009	 -1.5284179999999999e+001	
  3.7730000000000000e+009	 -1.4729490000000000e+001	
  3.7756000000000000e+009	 -1.4097170000000000e+001	
  3.7782000000000000e+009	 -1.3434080000000000e+001	
  3.7808000000000000e+009	 -1.2746090000000001e+001	
  3.7834000000000000e+009	 -1.2060060000000000e+001	
  3.7860000000000000e+009	 -1.1437989999999999e+001	
  3.7886000000000000e+009	 -1.0830570000000000e+001	
  3.7912000000000000e+009	 -1.0292479999999999e+001	
  3.7938000000000000e+009	 -9.8315429999999999e+000	
  3.7964000000000000e+009	 -9.4833979999999993e+000	
  3.7990000000000000e+009	 -9.2749020000000009e+000	
  3.8016000000000000e+009	 -9.0356450000000006e+000	
  3.8042000000000000e+009	 -8.9765630000000005e+000	
  3.8068000000000000e+009	 -8.9482420000000005e+000	
  3.8094000000000000e+009	 -9.0161130000000007e+000	
  3.8120000000000000e+009	 -9.1220700000000008e+000	
  3.8146000000000000e+009	 -9.3793950000000006e+000	
  3.8172000000000000e+009	 -9.5996089999999992e+000	
  3.8198000000000000e+009	 -9.8955079999999995e+000	
  3.8224000000000000e+009	 -1.0306640000000000e+001	
  3.8250000000000000e+009	 -1.0704100000000000e+001	
  3.8276000000000000e+009	 -1.1127440000000000e+001	
  3.8302000000000000e+009	 -1.1619630000000001e+001	
  3.8328000000000000e+009	 -1.2041990000000000e+001	
  3.8354000000000000e+009	 -1.2472170000000000e+001	
  3.8380000000000000e+009	 -1.2893549999999999e+001	
  3.8406000000000000e+009	 -1.3208010000000000e+001	
  3.8432000000000000e+009	 -1.3595700000000001e+001	
  3.8458000000000000e+009	 -1.3860840000000000e+001	
  3.8484000000000000e+009	 -1.4103520000000000e+001	
  3.8510000000000000e+009	 -1.4311040000000000e+001	
  3.8536000000000000e+009	 -1.4396480000000000e+001	
  3.8562000000000000e+009	 -1.4432620000000000e+001	
  3.8588000000000000e+009	 -1.4499020000000000e+001	
  3.8614000000000000e+009	 -1.4498540000000000e+001	
  3.8640000000000000e+009	 -1.4517090000000000e+001	
  3.8666000000000000e+009	 -1.4531739999999999e+001	
  3.8692000000000000e+009	 -1.4579100000000000e+001	
  3.8718000000000000e+009	 -1.4750980000000000e+001	
  3.8744000000000000e+009	 -1.4869140000000000e+001	
  3.8770000000000000e+009	 -1.5098140000000001e+001	
  3.8796000000000000e+009	 -1.5323240000000000e+001	
  3.8822000000000000e+009	 -1.5675780000000000e+001	
  3.8848000000000000e+009	 -1.5963380000000001e+001	
  3.8874000000000000e+009	 -1.6374020000000002e+001	
  3.8900000000000000e+009	 -1.6667970000000000e+001	
  3.8926000000000000e+009	 -1.6981439999999999e+001	
  3.8952000000000000e+009	 -1.7258790000000001e+001	
  3.8978000000000000e+009	 -1.7443359999999998e+001	
  3.9004000000000000e+009	 -1.7656250000000000e+001	
  3.9030000000000000e+009	 -1.7794920000000001e+001	
  3.9056000000000000e+009	 -1.7913080000000001e+001	
  3.9082000000000000e+009	 -1.7869140000000002e+001	
  3.9108000000000000e+009	 -1.7932620000000000e+001	
  3.9134000000000000e+009	 -1.7857420000000001e+001	
  3.9160000000000000e+009	 -1.7918939999999999e+001	
  3.9186000000000000e+009	 -1.7853520000000000e+001	
  3.9212000000000000e+009	 -1.7791989999999998e+001	
  3.9238000000000000e+009	 -1.7714839999999999e+001	
  3.9264000000000000e+009	 -1.7594729999999998e+001	
  3.9290000000000000e+009	 -1.7481439999999999e+001	
  3.9316000000000000e+009	 -1.7322260000000000e+001	
  3.9342000000000000e+009	 -1.7137689999999999e+001	
  3.9368000000000000e+009	 -1.6971679999999999e+001	
  3.9394000000000000e+009	 -1.6810549999999999e+001	
  3.9420000000000000e+009	 -1.6640630000000002e+001	
  3.9446000000000000e+009	 -1.6532229999999998e+001	
  3.9472000000000000e+009	 -1.6478510000000000e+001	
  3.9498000000000000e+009	 -1.6469729999999998e+001	
  3.9524000000000000e+009	 -1.6548829999999999e+001	
  3.9550000000000000e+009	 -1.6710940000000001e+001	
  3.9576000000000000e+009	 -1.6916020000000000e+001	
  3.9602000000000000e+009	 -1.7130859999999998e+001	
  3.9628000000000000e+009	 -1.7401370000000000e+001	
  3.9654000000000000e+009	 -1.7674800000000001e+001	
  3.9680000000000000e+009	 -1.7844719999999999e+001	
  3.9706000000000000e+009	 -1.7955079999999999e+001	
  3.9732000000000000e+009	 -1.7993160000000000e+001	
  3.9758000000000000e+009	 -1.7960940000000001e+001	
  3.9784000000000000e+009	 -1.7770510000000002e+001	
  3.9810000000000000e+009	 -1.7628910000000001e+001	
  3.9836000000000000e+009	 -1.7304690000000001e+001	
  3.9862000000000000e+009	 -1.7028320000000001e+001	
  3.9888000000000000e+009	 -1.6653320000000001e+001	
  3.9914000000000000e+009	 -1.6232420000000001e+001	
  3.9940000000000000e+009	 -1.5836910000000000e+001	
  3.9966000000000000e+009	 -1.5428710000000001e+001	
  3.9992000000000000e+009	 -1.5057130000000001e+001	
  4.0018000000000000e+009	 -1.4699220000000000e+001	
  4.0044000000000000e+009	 -1.4457520000000001e+001	
  4.0070000000000000e+009	 -1.4274410000000000e+001	
  4.0096000000000000e+009	 -1.4165039999999999e+001	
  4.0122000000000000e+009	 -1.4002440000000000e+001	
  4.0148000000000000e+009	 -1.4035159999999999e+001	
  4.0174000000000000e+009	 -1.4035159999999999e+001	
  4.0200000000000000e+009	 -1.4095210000000000e+001	
  4.0226000000000000e+009	 -1.4103999999999999e+001	
  4.0252000000000000e+009	 -1.4162599999999999e+001	
  4.0278000000000000e+009	 -1.4103999999999999e+001	
  4.0304000000000000e+009	 -1.4037110000000000e+001	
  4.0330000000000000e+009	 -1.3948240000000000e+001	
  4.0356000000000000e+009	 -1.3754880000000000e+001	
  4.0382000000000000e+009	 -1.3511229999999999e+001	
  4.0408000000000000e+009	 -1.3248540000000000e+001	
  4.0434000000000000e+009	 -1.2939450000000001e+001	
  4.0460000000000000e+009	 -1.2590820000000001e+001	
  4.0486000000000000e+009	 -1.2168950000000001e+001	
  4.0512000000000000e+009	 -1.1816890000000001e+001	
  4.0538000000000000e+009	 -1.1419919999999999e+001	
  4.0564000000000000e+009	 -1.1077150000000000e+001	
  4.0590000000000000e+009	 -1.0753909999999999e+001	
  4.0616000000000000e+009	 -1.0498540000000000e+001	
  4.0642000000000000e+009	 -1.0289059999999999e+001	
  4.0668000000000000e+009	 -1.0097170000000000e+001	
  4.0694000000000000e+009	 -9.9448240000000006e+000	
  4.0720000000000000e+009	 -9.9116210000000002e+000	
  4.0746000000000000e+009	 -9.9018549999999994e+000	
  4.0772000000000000e+009	 -9.9165039999999998e+000	
  4.0798000000000000e+009	 -1.0005860000000000e+001	
  4.0824000000000000e+009	 -1.0021480000000000e+001	
  4.0850000000000000e+009	 -1.0200680000000000e+001	
  4.0876000000000000e+009	 -1.0354490000000000e+001	
  4.0902000000000000e+009	 -1.0540530000000000e+001	
  4.0928000000000000e+009	 -1.0839359999999999e+001	
  4.0954000000000000e+009	 -1.1058109999999999e+001	
  4.0980000000000000e+009	 -1.1295410000000000e+001	
  4.1006000000000000e+009	 -1.1603999999999999e+001	
  4.1032000000000000e+009	 -1.1934080000000000e+001	
  4.1058000000000000e+009	 -1.2259770000000000e+001	
  4.1084000000000000e+009	 -1.2643549999999999e+001	
  4.1110000000000000e+009	 -1.3166499999999999e+001	
  4.1136000000000000e+009	 -1.3564450000000001e+001	
  4.1162000000000000e+009	 -1.4004390000000001e+001	
  4.1188000000000000e+009	 -1.4529299999999999e+001	
  4.1214000000000000e+009	 -1.4963380000000001e+001	
  4.1240000000000000e+009	 -1.5418950000000001e+001	
  4.1266000000000000e+009	 -1.5771000000000001e+001	
  4.1292000000000000e+009	 -1.6075189999999999e+001	
  4.1318000000000000e+009	 -1.6304690000000001e+001	
  4.1344000000000000e+009	 -1.6458980000000000e+001	
  4.1370000000000000e+009	 -1.6573239999999998e+001	
  4.1396000000000000e+009	 -1.6556640000000002e+001	
  4.1422000000000000e+009	 -1.6633790000000001e+001	
  4.1448000000000000e+009	 -1.6537109999999998e+001	
  4.1474000000000000e+009	 -1.6563479999999998e+001	
  4.1500000000000000e+009	 -1.6666989999999998e+001	
  4.1526000000000000e+009	 -1.6826170000000001e+001	
  4.1552000000000000e+009	 -1.6968750000000000e+001	
  4.1578000000000000e+009	 -1.7308589999999999e+001	
  4.1604000000000000e+009	 -1.7708980000000000e+001	
  4.1630000000000000e+009	 -1.8142579999999999e+001	
  4.1656000000000000e+009	 -1.8673829999999999e+001	
  4.1682000000000000e+009	 -1.9144530000000000e+001	
  4.1708000000000000e+009	 -1.9550780000000000e+001	
  4.1734000000000000e+009	 -2.0040040000000001e+001	
  4.1760000000000000e+009	 -2.0475580000000001e+001	
  4.1786000000000000e+009	 -2.0845700000000001e+001	
  4.1812000000000000e+009	 -2.1142579999999999e+001	
  4.1838000000000000e+009	 -2.1356439999999999e+001	
  4.1864000000000000e+009	 -2.1557620000000000e+001	
  4.1890000000000000e+009	 -2.1708980000000000e+001	
  4.1916000000000000e+009	 -2.1827150000000000e+001	
  4.1942000000000000e+009	 -2.1904299999999999e+001	
  4.1968000000000000e+009	 -2.1980470000000000e+001	
  4.1994000000000000e+009	 -2.2018550000000001e+001	
  4.2020000000000000e+009	 -2.2015619999999998e+001	
  4.2046000000000000e+009	 -2.1795900000000000e+001	
  4.2072000000000000e+009	 -2.1490240000000000e+001	
  4.2098000000000000e+009	 -2.0989260000000002e+001	
  4.2124000000000000e+009	 -2.0539059999999999e+001	
  4.2150000000000000e+009	 -2.0195309999999999e+001	
  4.2176000000000000e+009	 -2.0039059999999999e+001	
  4.2202000000000000e+009	 -2.0022459999999999e+001	
  4.2228000000000000e+009	 -2.0114249999999998e+001	
  4.2254000000000000e+009	 -2.0321290000000001e+001	
  4.2280000000000000e+009	 -2.0551760000000002e+001	
  4.2306000000000000e+009	 -2.0874020000000002e+001	
  4.2332000000000000e+009	 -2.1340820000000001e+001	
  4.2358000000000000e+009	 -2.1750969999999999e+001	
  4.2384000000000000e+009	 -2.2208010000000002e+001	
  4.2410000000000000e+009	 -2.2609369999999998e+001	
  4.2436000000000000e+009	 -2.2856449999999999e+001	
  4.2462000000000000e+009	 -2.3068359999999998e+001	
  4.2488000000000000e+009	 -2.3241209999999999e+001	
  4.2514000000000000e+009	 -2.3347650000000002e+001	
  4.2540000000000000e+009	 -2.3348630000000000e+001	
  4.2566000000000000e+009	 -2.3368160000000000e+001	
  4.2592000000000000e+009	 -2.3342770000000002e+001	
  4.2618000000000000e+009	 -2.3383790000000001e+001	
  4.2644000000000000e+009	 -2.3395499999999998e+001	
  4.2670000000000000e+009	 -2.3360350000000000e+001	
  4.2696000000000000e+009	 -2.3444330000000001e+001	
  4.2722000000000000e+009	 -2.3541020000000000e+001	
  4.2748000000000000e+009	 -2.3646480000000000e+001	
  4.2774000000000000e+009	 -2.3785160000000001e+001	
  4.2800000000000000e+009	 -2.3875000000000000e+001	
  4.2826000000000000e+009	 -2.3926760000000002e+001	
  4.2852000000000000e+009	 -2.3990240000000000e+001	
  4.2878000000000000e+009	 -2.4002929999999999e+001	
  4.2904000000000000e+009	 -2.4002929999999999e+001	
  4.2930000000000000e+009	 -2.3920900000000000e+001	
  4.2956000000000000e+009	 -2.3906250000000000e+001	
  4.2982000000000000e+009	 -2.3933589999999999e+001	
  4.3008000000000000e+009	 -2.3931640000000002e+001	
  4.3034000000000000e+009	 -2.4006830000000001e+001	
  4.3060000000000000e+009	 -2.4162109999999998e+001	
  4.3086000000000000e+009	 -2.4475580000000001e+001	
  4.3112000000000000e+009	 -2.4759760000000000e+001	
  4.3138000000000000e+009	 -2.5128900000000002e+001	
  4.3164000000000000e+009	 -2.5505859999999998e+001	
  4.3190000000000000e+009	 -2.5854489999999998e+001	
  4.3216000000000000e+009	 -2.6202140000000000e+001	
  4.3242000000000000e+009	 -2.6464839999999999e+001	
  4.3268000000000000e+009	 -2.6652339999999999e+001	
  4.3294000000000000e+009	 -2.6736329999999999e+001	
  4.3320000000000000e+009	 -2.6704100000000000e+001	
  4.3346000000000000e+009	 -2.6601559999999999e+001	
  4.3372000000000000e+009	 -2.6387689999999999e+001	
  4.3398000000000000e+009	 -2.6194330000000001e+001	
  4.3424000000000000e+009	 -2.5894530000000000e+001	
  4.3450000000000000e+009	 -2.5509760000000000e+001	
  4.3476000000000000e+009	 -2.5187500000000000e+001	
  4.3502000000000000e+009	 -2.4935549999999999e+001	
  4.3528000000000000e+009	 -2.4723630000000000e+001	
  4.3554000000000000e+009	 -2.4665040000000001e+001	
  4.3580000000000000e+009	 -2.4634760000000000e+001	
  4.3606000000000000e+009	 -2.4735350000000000e+001	
  4.3632000000000000e+009	 -2.4919920000000001e+001	
  4.3658000000000000e+009	 -2.5171869999999998e+001	
  4.3684000000000000e+009	 -2.5587890000000002e+001	
  4.3710000000000000e+009	 -2.5890619999999998e+001	
  4.3736000000000000e+009	 -2.6296869999999998e+001	
  4.3762000000000000e+009	 -2.6562500000000000e+001	
  4.3788000000000000e+009	 -2.6873040000000000e+001	
  4.3814000000000000e+009	 -2.7125000000000000e+001	
  4.3840000000000000e+009	 -2.7306640000000002e+001	
  4.3866000000000000e+009	 -2.7444330000000001e+001	
  4.3892000000000000e+009	 -2.7577150000000000e+001	
  4.3918000000000000e+009	 -2.7656250000000000e+001	
  4.3944000000000000e+009	 -2.7610350000000000e+001	
  4.3970000000000000e+009	 -2.7483400000000000e+001	
  4.3996000000000000e+009	 -2.7303709999999999e+001	
  4.4022000000000000e+009	 -2.7151370000000000e+001	
  4.4048000000000000e+009	 -2.6833980000000000e+001	
  4.4074000000000000e+009	 -2.6593750000000000e+001	
  4.4100000000000000e+009	 -2.6262689999999999e+001	
  4.4126000000000000e+009	 -2.5981449999999999e+001	
  4.4152000000000000e+009	 -2.5764650000000000e+001	
  4.4178000000000000e+009	 -2.5578119999999998e+001	
  4.4204000000000000e+009	 -2.5494140000000002e+001	
  4.4230000000000000e+009	 -2.5510739999999998e+001	
  4.4256000000000000e+009	 -2.5590820000000001e+001	
  4.4282000000000000e+009	 -2.5814450000000001e+001	
  4.4308000000000000e+009	 -2.6053709999999999e+001	
  4.4334000000000000e+009	 -2.6258790000000001e+001	
  4.4360000000000000e+009	 -2.6573239999999998e+001	
  4.4386000000000000e+009	 -2.6811520000000002e+001	
  4.4412000000000000e+009	 -2.6937500000000000e+001	
  4.4438000000000000e+009	 -2.7160150000000002e+001	
  4.4464000000000000e+009	 -2.7221679999999999e+001	
  4.4490000000000000e+009	 -2.7234369999999998e+001	
  4.4516000000000000e+009	 -2.7211910000000000e+001	
  4.4542000000000000e+009	 -2.7086910000000000e+001	
  4.4568000000000000e+009	 -2.7052730000000000e+001	
  4.4594000000000000e+009	 -2.6941400000000002e+001	
  4.4620000000000000e+009	 -2.6888670000000001e+001	
  4.4646000000000000e+009	 -2.6750969999999999e+001	
  4.4672000000000000e+009	 -2.6684570000000001e+001	
  4.4698000000000000e+009	 -2.6632809999999999e+001	
  4.4724000000000000e+009	 -2.6633790000000001e+001	
  4.4750000000000000e+009	 -2.6581050000000001e+001	
  4.4776000000000000e+009	 -2.6605470000000000e+001	
  4.4802000000000000e+009	 -2.6531250000000000e+001	
  4.4828000000000000e+009	 -2.6448239999999998e+001	
  4.4854000000000000e+009	 -2.6277339999999999e+001	
  4.4880000000000000e+009	 -2.6043939999999999e+001	
  4.4906000000000000e+009	 -2.5879880000000000e+001	
  4.4932000000000000e+009	 -2.5634770000000000e+001	
  4.4958000000000000e+009	 -2.5328119999999998e+001	
  4.4984000000000000e+009	 -2.5160160000000001e+001	
  4.5010000000000000e+009	 -2.4987300000000001e+001	
  4.5036000000000000e+009	 -2.4938469999999999e+001	
  4.5062000000000000e+009	 -2.4960940000000001e+001	
  4.5088000000000000e+009	 -2.5052730000000000e+001	
  4.5114000000000000e+009	 -2.5236329999999999e+001	
  4.5140000000000000e+009	 -2.5461910000000000e+001	
  4.5166000000000000e+009	 -2.5713860000000000e+001	
  4.5192000000000000e+009	 -2.5902339999999999e+001	
  4.5218000000000000e+009	 -2.5991209999999999e+001	
  4.5244000000000000e+009	 -2.6024410000000000e+001	
  4.5270000000000000e+009	 -2.5866209999999999e+001	
  4.5296000000000000e+009	 -2.5547850000000000e+001	
  4.5322000000000000e+009	 -2.4884760000000000e+001	
  4.5348000000000000e+009	 -2.3941410000000001e+001	
  4.5374000000000000e+009	 -2.3254880000000000e+001	
  4.5400000000000000e+009	 -2.6284179999999999e+001	
  4.5426000000000000e+009	 -3.1983390000000000e+001	
  4.5452000000000000e+009	 -3.1734369999999998e+001	
  4.5478000000000000e+009	 -2.9965820000000001e+001	
  4.5504000000000000e+009	 -2.8641600000000000e+001	
  4.5530000000000000e+009	 -2.7685549999999999e+001	
  4.5556000000000000e+009	 -2.7011720000000000e+001	
  4.5582000000000000e+009	 -2.6500969999999999e+001	
  4.5608000000000000e+009	 -2.6162109999999998e+001	
  4.5634000000000000e+009	 -2.6040040000000001e+001	
  4.5660000000000000e+009	 -2.5992180000000001e+001	
  4.5686000000000000e+009	 -2.5973630000000000e+001	
  4.5712000000000000e+009	 -2.6099609999999998e+001	
  4.5738000000000000e+009	 -2.6263670000000001e+001	
  4.5764000000000000e+009	 -2.6435549999999999e+001	
  4.5790000000000000e+009	 -2.6683589999999999e+001	
  4.5816000000000000e+009	 -2.6837890000000002e+001	
  4.5842000000000000e+009	 -2.7036130000000000e+001	
  4.5868000000000000e+009	 -2.7118160000000000e+001	
  4.5894000000000000e+009	 -2.7090820000000001e+001	
  4.5920000000000000e+009	 -2.6894530000000000e+001	
  4.5946000000000000e+009	 -2.6842770000000002e+001	
  4.5972000000000000e+009	 -2.6708980000000000e+001	
  4.5998000000000000e+009	 -2.6519530000000000e+001	
  4.6024000000000000e+009	 -2.6181640000000002e+001	
  4.6050000000000000e+009	 -2.5914059999999999e+001	
  4.6076000000000000e+009	 -2.5521480000000000e+001	
  4.6102000000000000e+009	 -2.5128900000000002e+001	
  4.6128000000000000e+009	 -2.4732420000000001e+001	
  4.6154000000000000e+009	 -2.4393550000000001e+001	
  4.6180000000000000e+009	 -2.4178709999999999e+001	
  4.6206000000000000e+009	 -2.3930660000000000e+001	
  4.6232000000000000e+009	 -2.3791010000000000e+001	
  4.6258000000000000e+009	 -2.3748040000000000e+001	
  4.6284000000000000e+009	 -2.3763670000000001e+001	
  4.6310000000000000e+009	 -2.3950199999999999e+001	
  4.6336000000000000e+009	 -2.3990240000000000e+001	
  4.6362000000000000e+009	 -2.4107420000000001e+001	
  4.6388000000000000e+009	 -2.4138670000000001e+001	
  4.6414000000000000e+009	 -2.4177730000000000e+001	
  4.6440000000000000e+009	 -2.4148440000000001e+001	
  4.6466000000000000e+009	 -2.4122070000000001e+001	
  4.6492000000000000e+009	 -2.4050780000000000e+001	
  4.6518000000000000e+009	 -2.3945309999999999e+001	
  4.6544000000000000e+009	 -2.3823239999999998e+001	
  4.6570000000000000e+009	 -2.3727540000000001e+001	
  4.6596000000000000e+009	 -2.3627929999999999e+001	
  4.6622000000000000e+009	 -2.3628910000000001e+001	
  4.6648000000000000e+009	 -2.3561520000000002e+001	
  4.6674000000000000e+009	 -2.3557620000000000e+001	
  4.6700000000000000e+009	 -2.3573239999999998e+001	
  4.6726000000000000e+009	 -2.3568359999999998e+001	
  4.6752000000000000e+009	 -2.3589839999999999e+001	
  4.6778000000000000e+009	 -2.3502929999999999e+001	
  4.6804000000000000e+009	 -2.3408200000000001e+001	
  4.6830000000000000e+009	 -2.3195309999999999e+001	
  4.6856000000000000e+009	 -2.2949220000000000e+001	
  4.6882000000000000e+009	 -2.2675780000000000e+001	
  4.6908000000000000e+009	 -2.2340820000000001e+001	
  4.6934000000000000e+009	 -2.1976559999999999e+001	
  4.6960000000000000e+009	 -2.1653320000000001e+001	
  4.6986000000000000e+009	 -2.1249020000000002e+001	
  4.7012000000000000e+009	 -2.1024410000000000e+001	
  4.7038000000000000e+009	 -2.0823239999999998e+001	
  4.7064000000000000e+009	 -2.0709959999999999e+001	
  4.7090000000000000e+009	 -2.0666989999999998e+001	
  4.7116000000000000e+009	 -2.0575189999999999e+001	
  4.7142000000000000e+009	 -2.0690429999999999e+001	
  4.7168000000000000e+009	 -2.0879880000000000e+001	
  4.7194000000000000e+009	 -2.1081050000000001e+001	
  4.7220000000000000e+009	 -2.1247070000000001e+001	
  4.7246000000000000e+009	 -2.1340820000000001e+001	
  4.7272000000000000e+009	 -2.1375979999999998e+001	
  4.7298000000000000e+009	 -2.1425780000000000e+001	
  4.7324000000000000e+009	 -2.1426760000000002e+001	
  4.7350000000000000e+009	 -2.1330079999999999e+001	
  4.7376000000000000e+009	 -2.1165040000000001e+001	
  4.7402000000000000e+009	 -2.0959959999999999e+001	
  4.7428000000000000e+009	 -2.0668949999999999e+001	
  4.7454000000000000e+009	 -2.0300780000000000e+001	
  4.7480000000000000e+009	 -1.9851559999999999e+001	
  4.7506000000000000e+009	 -1.9498049999999999e+001	
  4.7532000000000000e+009	 -1.8998049999999999e+001	
  4.7558000000000000e+009	 -1.8501950000000001e+001	
  4.7584000000000000e+009	 -1.8104489999999998e+001	
  4.7610000000000000e+009	 -1.7700199999999999e+001	
  4.7636000000000000e+009	 -1.7303709999999999e+001	
  4.7662000000000000e+009	 -1.7106439999999999e+001	
  4.7688000000000000e+009	 -1.6939450000000001e+001	
  4.7714000000000000e+009	 -1.6893550000000001e+001	
  4.7740000000000000e+009	 -1.6935549999999999e+001	
  4.7766000000000000e+009	 -1.7043939999999999e+001	
  4.7792000000000000e+009	 -1.7231449999999999e+001	
  4.7818000000000000e+009	 -1.7406250000000000e+001	
  4.7844000000000000e+009	 -1.7538080000000001e+001	
  4.7870000000000000e+009	 -1.7707030000000000e+001	
  4.7896000000000000e+009	 -1.7651370000000000e+001	
  4.7922000000000000e+009	 -1.7597660000000001e+001	
  4.7948000000000000e+009	 -1.7423829999999999e+001	
  4.7974000000000000e+009	 -1.7127929999999999e+001	
  4.8000000000000000e+009	 -1.6747070000000001e+001	
  4.8026000000000000e+009	 -1.6272459999999999e+001	
  4.8052000000000000e+009	 -1.5815920000000000e+001	
  4.8078000000000000e+009	 -1.5205080000000001e+001	
  4.8104000000000000e+009	 -1.4690429999999999e+001	
  4.8130000000000000e+009	 -1.4166499999999999e+001	
  4.8156000000000000e+009	 -1.3720700000000001e+001	
  4.8182000000000000e+009	 -1.3311520000000000e+001	
  4.8208000000000000e+009	 -1.2973630000000000e+001	
  4.8234000000000000e+009	 -1.2766600000000000e+001	
  4.8260000000000000e+009	 -1.2517090000000000e+001	
  4.8286000000000000e+009	 -1.2355470000000000e+001	
  4.8312000000000000e+009	 -1.2166990000000000e+001	
  4.8338000000000000e+009	 -1.1977539999999999e+001	
  4.8364000000000000e+009	 -1.1689940000000000e+001	
  4.8390000000000000e+009	 -1.1371580000000000e+001	
  4.8416000000000000e+009	 -1.1043950000000001e+001	
  4.8442000000000000e+009	 -1.0749020000000000e+001	
  4.8468000000000000e+009	 -1.0339359999999999e+001	
  4.8494000000000000e+009	 -9.9912109999999998e+000	
  4.8520000000000000e+009	 -9.6459960000000002e+000	
  4.8546000000000000e+009	 -9.3041990000000006e+000	
  4.8572000000000000e+009	 -9.0683589999999992e+000	
  4.8598000000000000e+009	 -8.7856450000000006e+000	
  4.8624000000000000e+009	 -8.5639649999999996e+000	
  4.8650000000000000e+009	 -8.3032229999999991e+000	
  4.8676000000000000e+009	 -8.1420899999999996e+000	
  4.8702000000000000e+009	 -7.9382320000000002e+000	
  4.8728000000000000e+009	 -7.7817379999999998e+000	
  4.8754000000000000e+009	 -7.5019530000000003e+000	
  4.8780000000000000e+009	 -7.3083499999999999e+000	
  4.8806000000000000e+009	 -7.3410640000000003e+000	
  4.8832000000000000e+009	 -7.2709960000000002e+000	
  4.8858000000000000e+009	 -7.4287109999999998e+000	
  4.8884000000000000e+009	 -7.4848629999999998e+000	
  4.8910000000000000e+009	 -7.7258300000000002e+000	
  4.8936000000000000e+009	 -7.7980960000000001e+000	
  4.8962000000000000e+009	 -7.9394530000000003e+000	
  4.8988000000000000e+009	 -8.1655270000000009e+000	
  4.9014000000000000e+009	 -8.2548829999999995e+000	
  4.9040000000000000e+009	 -8.3510740000000006e+000	
  4.9066000000000000e+009	 -8.4433589999999992e+000	
  4.9092000000000000e+009	 -8.6645509999999994e+000	
  4.9118000000000000e+009	 -8.8662109999999998e+000	
  4.9144000000000000e+009	 -9.2192380000000007e+000	
  4.9170000000000000e+009	 -9.4833979999999993e+000	
  4.9196000000000000e+009	 -1.0077150000000000e+001	
  4.9222000000000000e+009	 -1.0513669999999999e+001	
  4.9248000000000000e+009	 -1.1163570000000000e+001	
  4.9274000000000000e+009	 -1.1744140000000000e+001	
  4.9300000000000000e+009	 -1.2419430000000000e+001	
  4.9326000000000000e+009	 -1.2939450000000001e+001	
  4.9352000000000000e+009	 -1.3563960000000000e+001	
  4.9378000000000000e+009	 -1.4107910000000000e+001	
  4.9404000000000000e+009	 -1.4587400000000001e+001	
  4.9430000000000000e+009	 -1.5037599999999999e+001	
  4.9456000000000000e+009	 -1.5376950000000001e+001	
  4.9482000000000000e+009	 -1.5658200000000001e+001	
  4.9508000000000000e+009	 -1.5906250000000000e+001	
  4.9534000000000000e+009	 -1.6064450000000001e+001	
  4.9560000000000000e+009	 -1.6083010000000002e+001	
  4.9586000000000000e+009	 -1.6129880000000000e+001	
  4.9612000000000000e+009	 -1.6119140000000002e+001	
  4.9638000000000000e+009	 -1.6093750000000000e+001	
  4.9664000000000000e+009	 -1.6031250000000000e+001	
  4.9690000000000000e+009	 -1.6018550000000001e+001	
  4.9716000000000000e+009	 -1.6036130000000000e+001	
  4.9742000000000000e+009	 -1.6159179999999999e+001	
  4.9768000000000000e+009	 -1.6357420000000001e+001	
  4.9794000000000000e+009	 -1.6735350000000000e+001	
  4.9820000000000000e+009	 -1.7040040000000001e+001	
  4.9846000000000000e+009	 -1.7457030000000000e+001	
  4.9872000000000000e+009	 -1.7932620000000000e+001	
  4.9898000000000000e+009	 -1.8484369999999998e+001	
  4.9924000000000000e+009	 -1.8900390000000002e+001	
  4.9950000000000000e+009	 -1.9360350000000000e+001	
  4.9976000000000000e+009	 -1.9724609999999998e+001	
  5.0002000000000000e+009	 -2.0033200000000001e+001	
  5.0028000000000000e+009	 -2.0271480000000000e+001	
  5.0054000000000000e+009	 -2.0475580000000001e+001	
  5.0080000000000000e+009	 -2.0603510000000000e+001	
  5.0106000000000000e+009	 -2.0690429999999999e+001	
  5.0132000000000000e+009	 -2.0684570000000001e+001	
  5.0158000000000000e+009	 -2.0787109999999998e+001	
  5.0184000000000000e+009	 -2.0777339999999999e+001	
  5.0210000000000000e+009	 -2.0779290000000000e+001	
  5.0236000000000000e+009	 -2.0802730000000000e+001	
  5.0262000000000000e+009	 -2.0852540000000001e+001	
  5.0288000000000000e+009	 -2.0863280000000000e+001	
  5.0314000000000000e+009	 -2.0933589999999999e+001	
  5.0340000000000000e+009	 -2.0951170000000001e+001	
  5.0366000000000000e+009	 -2.1025390000000002e+001	
  5.0392000000000000e+009	 -2.1014650000000000e+001	
  5.0418000000000000e+009	 -2.1089839999999999e+001	
  5.0444000000000000e+009	 -2.1134760000000000e+001	
  5.0470000000000000e+009	 -2.1165040000000001e+001	
  5.0496000000000000e+009	 -2.1185549999999999e+001	
  5.0522000000000000e+009	 -2.1279299999999999e+001	
  5.0548000000000000e+009	 -2.1399410000000000e+001	
  5.0574000000000000e+009	 -2.1558589999999999e+001	
  5.0600000000000000e+009	 -2.1699220000000000e+001	
  5.0626000000000000e+009	 -2.1944340000000000e+001	
  5.0652000000000000e+009	 -2.2260739999999998e+001	
  5.0678000000000000e+009	 -2.2534179999999999e+001	
  5.0704000000000000e+009	 -2.2815429999999999e+001	
  5.0730000000000000e+009	 -2.3245120000000000e+001	
  5.0756000000000000e+009	 -2.3460940000000001e+001	
  5.0782000000000000e+009	 -2.3678709999999999e+001	
  5.0808000000000000e+009	 -2.3890619999999998e+001	
  5.0834000000000000e+009	 -2.4101559999999999e+001	
  5.0860000000000000e+009	 -2.4045900000000000e+001	
  5.0886000000000000e+009	 -2.4075189999999999e+001	
  5.0912000000000000e+009	 -2.3984380000000002e+001	
  5.0938000000000000e+009	 -2.3861329999999999e+001	
  5.0964000000000000e+009	 -2.3660150000000002e+001	
  5.0990000000000000e+009	 -2.3377929999999999e+001	
  5.1016000000000000e+009	 -2.3098630000000000e+001	
  5.1042000000000000e+009	 -2.2823239999999998e+001	
  5.1068000000000000e+009	 -2.2555660000000000e+001	
  5.1094000000000000e+009	 -2.2366209999999999e+001	
  5.1120000000000000e+009	 -2.2140619999999998e+001	
  5.1146000000000000e+009	 -2.2065429999999999e+001	
  5.1172000000000000e+009	 -2.1977540000000001e+001	
  5.1198000000000000e+009	 -2.2034179999999999e+001	
  5.1224000000000000e+009	 -2.2334959999999999e+001	
  5.1250000000000000e+009	 -2.2620120000000000e+001	
  5.1276000000000000e+009	 -2.2969729999999998e+001	
  5.1302000000000000e+009	 -2.3353510000000000e+001	
  5.1328000000000000e+009	 -2.3741209999999999e+001	
  5.1354000000000000e+009	 -2.4130859999999998e+001	
  5.1380000000000000e+009	 -2.4521480000000000e+001	
  5.1406000000000000e+009	 -2.4753900000000002e+001	
  5.1432000000000000e+009	 -2.5016600000000000e+001	
  5.1458000000000000e+009	 -2.5159179999999999e+001	
  5.1484000000000000e+009	 -2.5209959999999999e+001	
  5.1510000000000000e+009	 -2.5131840000000000e+001	
  5.1536000000000000e+009	 -2.5083980000000000e+001	
  5.1562000000000000e+009	 -2.4859369999999998e+001	
  5.1588000000000000e+009	 -2.4563469999999999e+001	
  5.1614000000000000e+009	 -2.4249020000000002e+001	
  5.1640000000000000e+009	 -2.3892579999999999e+001	
  5.1666000000000000e+009	 -2.3569340000000000e+001	
  5.1692000000000000e+009	 -2.3208010000000002e+001	
  5.1718000000000000e+009	 -2.2966790000000000e+001	
  5.1744000000000000e+009	 -2.2754880000000000e+001	
  5.1770000000000000e+009	 -2.2642579999999999e+001	
  5.1796000000000000e+009	 -2.2659179999999999e+001	
  5.1822000000000000e+009	 -2.2712890000000002e+001	
  5.1848000000000000e+009	 -2.3015619999999998e+001	
  5.1874000000000000e+009	 -2.3250000000000000e+001	
  5.1900000000000000e+009	 -2.3541989999999998e+001	
  5.1926000000000000e+009	 -2.3833010000000002e+001	
  5.1952000000000000e+009	 -2.4125979999999998e+001	
  5.1978000000000000e+009	 -2.4357420000000001e+001	
  5.2004000000000000e+009	 -2.4566400000000002e+001	
  5.2030000000000000e+009	 -2.4815429999999999e+001	
  5.2056000000000000e+009	 -2.4915040000000001e+001	
  5.2082000000000000e+009	 -2.4954100000000000e+001	
  5.2108000000000000e+009	 -2.5094719999999999e+001	
  5.2134000000000000e+009	 -2.5124020000000002e+001	
  5.2160000000000000e+009	 -2.5118160000000000e+001	
  5.2186000000000000e+009	 -2.5049800000000001e+001	
  5.2212000000000000e+009	 -2.4971679999999999e+001	
  5.2238000000000000e+009	 -2.4847660000000001e+001	
  5.2264000000000000e+009	 -2.4696290000000001e+001	
  5.2290000000000000e+009	 -2.4481439999999999e+001	
  5.2316000000000000e+009	 -2.4250000000000000e+001	
  5.2342000000000000e+009	 -2.3972650000000002e+001	
  5.2368000000000000e+009	 -2.3720700000000001e+001	
  5.2394000000000000e+009	 -2.3344729999999998e+001	
  5.2420000000000000e+009	 -2.3166989999999998e+001	
  5.2446000000000000e+009	 -2.2945309999999999e+001	
  5.2472000000000000e+009	 -2.2835940000000001e+001	
  5.2498000000000000e+009	 -2.2699220000000000e+001	
  5.2524000000000000e+009	 -2.2771480000000000e+001	
  5.2550000000000000e+009	 -2.2827150000000000e+001	
  5.2576000000000000e+009	 -2.3039059999999999e+001	
  5.2602000000000000e+009	 -2.3291989999999998e+001	
  5.2628000000000000e+009	 -2.3509760000000000e+001	
  5.2654000000000000e+009	 -2.3720700000000001e+001	
  5.2680000000000000e+009	 -2.3960940000000001e+001	
  5.2706000000000000e+009	 -2.4111329999999999e+001	
  5.2732000000000000e+009	 -2.4249020000000002e+001	
  5.2758000000000000e+009	 -2.4274410000000000e+001	
  5.2784000000000000e+009	 -2.4221679999999999e+001	
  5.2810000000000000e+009	 -2.4230470000000000e+001	
  5.2836000000000000e+009	 -2.4140630000000002e+001	
  5.2862000000000000e+009	 -2.3997070000000001e+001	
  5.2888000000000000e+009	 -2.3903320000000001e+001	
  5.2914000000000000e+009	 -2.3687500000000000e+001	
  5.2940000000000000e+009	 -2.3528320000000001e+001	
  5.2966000000000000e+009	 -2.3376950000000001e+001	
  5.2992000000000000e+009	 -2.3219719999999999e+001	
  5.3018000000000000e+009	 -2.3009760000000000e+001	
  5.3044000000000000e+009	 -2.2784179999999999e+001	
  5.3070000000000000e+009	 -2.2608400000000000e+001	
  5.3096000000000000e+009	 -2.2323239999999998e+001	
  5.3122000000000000e+009	 -2.2169920000000001e+001	
  5.3148000000000000e+009	 -2.1885739999999998e+001	
  5.3174000000000000e+009	 -2.1612310000000001e+001	
  5.3200000000000000e+009	 -2.1436520000000002e+001	
  5.3226000000000000e+009	 -2.1277339999999999e+001	
  5.3252000000000000e+009	 -2.1191410000000001e+001	
  5.3278000000000000e+009	 -2.1220700000000001e+001	
  5.3304000000000000e+009	 -2.1341799999999999e+001	
  5.3330000000000000e+009	 -2.1601559999999999e+001	
  5.3356000000000000e+009	 -2.1845700000000001e+001	
  5.3382000000000000e+009	 -2.2206050000000001e+001	
  5.3408000000000000e+009	 -2.2459959999999999e+001	
  5.3434000000000000e+009	 -2.2805660000000000e+001	
  5.3460000000000000e+009	 -2.2953119999999998e+001	
  5.3486000000000000e+009	 -2.3151360000000000e+001	
  5.3512000000000000e+009	 -2.3207030000000000e+001	
  5.3538000000000000e+009	 -2.3166989999999998e+001	
  5.3564000000000000e+009	 -2.2993160000000000e+001	
  5.3590000000000000e+009	 -2.2745120000000000e+001	
  5.3616000000000000e+009	 -2.2358400000000000e+001	
  5.3642000000000000e+009	 -2.1943359999999998e+001	
  5.3668000000000000e+009	 -2.1447260000000000e+001	
  5.3694000000000000e+009	 -2.0910150000000002e+001	
  5.3720000000000000e+009	 -2.0448239999999998e+001	
  5.3746000000000000e+009	 -1.9979489999999998e+001	
  5.3772000000000000e+009	 -1.9604489999999998e+001	
  5.3798000000000000e+009	 -1.9317380000000000e+001	
  5.3824000000000000e+009	 -1.9171869999999998e+001	
  5.3850000000000000e+009	 -1.9106449999999999e+001	
  5.3876000000000000e+009	 -1.9176760000000002e+001	
  5.3902000000000000e+009	 -1.9261720000000000e+001	
  5.3928000000000000e+009	 -1.9405270000000002e+001	
  5.3954000000000000e+009	 -1.9596679999999999e+001	
  5.3980000000000000e+009	 -1.9722650000000002e+001	
  5.4006000000000000e+009	 -1.9887699999999999e+001	
  5.4032000000000000e+009	 -2.0049810000000001e+001	
  5.4058000000000000e+009	 -2.0037109999999998e+001	
  5.4084000000000000e+009	 -2.0081050000000001e+001	
  5.4110000000000000e+009	 -2.0037109999999998e+001	
  5.4136000000000000e+009	 -2.0004880000000000e+001	
  5.4162000000000000e+009	 -1.9916989999999998e+001	
  5.4188000000000000e+009	 -1.9772459999999999e+001	
  5.4214000000000000e+009	 -1.9658200000000001e+001	
  5.4240000000000000e+009	 -1.9440429999999999e+001	
  5.4266000000000000e+009	 -1.9245120000000000e+001	
  5.4292000000000000e+009	 -1.9063479999999998e+001	
  5.4318000000000000e+009	 -1.8824220000000000e+001	
  5.4344000000000000e+009	 -1.8554690000000001e+001	
  5.4370000000000000e+009	 -1.8253910000000001e+001	
  5.4396000000000000e+009	 -1.8030270000000002e+001	
  5.4422000000000000e+009	 -1.7774410000000000e+001	
  5.4448000000000000e+009	 -1.7638670000000001e+001	
  5.4474000000000000e+009	 -1.7425780000000000e+001	
  5.4500000000000000e+009	 -1.7288080000000001e+001	
  5.4526000000000000e+009	 -1.7160160000000001e+001	
  5.4552000000000000e+009	 -1.7125000000000000e+001	
  5.4578000000000000e+009	 -1.7072270000000000e+001	
  5.4604000000000000e+009	 -1.7124020000000002e+001	
  5.4630000000000000e+009	 -1.7142579999999999e+001	
  5.4656000000000000e+009	 -1.7132809999999999e+001	
  5.4682000000000000e+009	 -1.7261720000000000e+001	
  5.4708000000000000e+009	 -1.7304690000000001e+001	
  5.4734000000000000e+009	 -1.7363280000000000e+001	
  5.4760000000000000e+009	 -1.7412109999999998e+001	
  5.4786000000000000e+009	 -1.7504880000000000e+001	
  5.4812000000000000e+009	 -1.7567380000000000e+001	
  5.4838000000000000e+009	 -1.7658200000000001e+001	
  5.4864000000000000e+009	 -1.7740230000000000e+001	
  5.4890000000000000e+009	 -1.7900390000000002e+001	
  5.4916000000000000e+009	 -1.7954100000000000e+001	
  5.4942000000000000e+009	 -1.8053709999999999e+001	
  5.4968000000000000e+009	 -1.8133790000000001e+001	
  5.4994000000000000e+009	 -1.8202150000000000e+001	
  5.5020000000000000e+009	 -1.8171869999999998e+001	
  5.5046000000000000e+009	 -1.8165040000000001e+001	
  5.5072000000000000e+009	 -1.8111329999999999e+001	
  5.5098000000000000e+009	 -1.7989260000000002e+001	
  5.5124000000000000e+009	 -1.7857420000000001e+001	
  5.5150000000000000e+009	 -1.7679690000000001e+001	
  5.5176000000000000e+009	 -1.7485350000000000e+001	
  5.5202000000000000e+009	 -1.7260739999999998e+001	
  5.5228000000000000e+009	 -1.7105470000000000e+001	
  5.5254000000000000e+009	 -1.6961910000000000e+001	
  5.5280000000000000e+009	 -1.6873040000000000e+001	
  5.5306000000000000e+009	 -1.6881840000000000e+001	
  5.5332000000000000e+009	 -1.7043939999999999e+001	
  5.5358000000000000e+009	 -1.7304690000000001e+001	
  5.5384000000000000e+009	 -1.7608400000000000e+001	
  5.5410000000000000e+009	 -1.8049800000000001e+001	
  5.5436000000000000e+009	 -1.8510739999999998e+001	
  5.5462000000000000e+009	 -1.8967770000000002e+001	
  5.5488000000000000e+009	 -1.9422850000000000e+001	
  5.5514000000000000e+009	 -1.9879880000000000e+001	
  5.5540000000000000e+009	 -2.0250000000000000e+001	
  5.5566000000000000e+009	 -2.0429690000000001e+001	
  5.5592000000000000e+009	 -2.0592770000000002e+001	
  5.5618000000000000e+009	 -2.0702150000000000e+001	
  5.5644000000000000e+009	 -2.0734369999999998e+001	
  5.5670000000000000e+009	 -2.0713870000000000e+001	
  5.5696000000000000e+009	 -2.0545900000000000e+001	
  5.5722000000000000e+009	 -2.0406250000000000e+001	
  5.5748000000000000e+009	 -2.0187500000000000e+001	
  5.5774000000000000e+009	 -1.9937500000000000e+001	
  5.5800000000000000e+009	 -1.9815429999999999e+001	
