  3.5000000000000000e+009	 -2.3166010000000000e+001	
  3.5021000000000000e+009	 -2.2374020000000002e+001	
  3.5042000000000000e+009	 -2.1568359999999998e+001	
  3.5063000000000000e+009	 -2.0644530000000000e+001	
  3.5084000000000000e+009	 -1.9674800000000001e+001	
  3.5105000000000000e+009	 -1.8672850000000000e+001	
  3.5126000000000000e+009	 -1.7684570000000001e+001	
  3.5147000000000000e+009	 -1.6620120000000000e+001	
  3.5168000000000000e+009	 -1.5570309999999999e+001	
  3.5189000000000000e+009	 -1.4551760000000000e+001	
  3.5210000000000000e+009	 -1.3724610000000000e+001	
  3.5231000000000000e+009	 -1.3091799999999999e+001	
  3.5252000000000000e+009	 -1.2726559999999999e+001	
  3.5273000000000000e+009	 -1.2608400000000000e+001	
  3.5294000000000000e+009	 -1.2741210000000001e+001	
  3.5315000000000000e+009	 -1.3138669999999999e+001	
  3.5336000000000000e+009	 -1.3603520000000000e+001	
  3.5357000000000000e+009	 -1.4220700000000001e+001	
  3.5378000000000000e+009	 -1.4938480000000000e+001	
  3.5399000000000000e+009	 -1.5641600000000000e+001	
  3.5420000000000000e+009	 -1.6370120000000000e+001	
  3.5441000000000000e+009	 -1.7133790000000001e+001	
  3.5462000000000000e+009	 -1.7833010000000002e+001	
  3.5483000000000000e+009	 -1.8623049999999999e+001	
  3.5504000000000000e+009	 -1.9351559999999999e+001	
  3.5525000000000000e+009	 -2.0193359999999998e+001	
  3.5546000000000000e+009	 -2.0865240000000000e+001	
  3.5567000000000000e+009	 -2.1526370000000000e+001	
  3.5588000000000000e+009	 -2.1789059999999999e+001	
  3.5609000000000000e+009	 -2.1606449999999999e+001	
  3.5630000000000000e+009	 -2.1942380000000000e+001	
  3.5651000000000000e+009	 -2.2456050000000001e+001	
  3.5672000000000000e+009	 -2.2225580000000001e+001	
  3.5693000000000000e+009	 -2.1897459999999999e+001	
  3.5714000000000000e+009	 -2.2096679999999999e+001	
  3.5735000000000000e+009	 -2.2350580000000001e+001	
  3.5756000000000000e+009	 -2.2494140000000002e+001	
  3.5777000000000000e+009	 -2.2605470000000000e+001	
  3.5798000000000000e+009	 -2.2586910000000000e+001	
  3.5819000000000000e+009	 -2.2591799999999999e+001	
  3.5840000000000000e+009	 -2.2535160000000001e+001	
  3.5861000000000000e+009	 -2.2538080000000001e+001	
  3.5882000000000000e+009	 -2.2407229999999998e+001	
  3.5903000000000000e+009	 -2.2391600000000000e+001	
  3.5924000000000000e+009	 -2.2416989999999998e+001	
  3.5945000000000000e+009	 -2.2459959999999999e+001	
  3.5966000000000000e+009	 -2.2555660000000000e+001	
  3.5987000000000000e+009	 -2.2665040000000001e+001	
  3.6008000000000000e+009	 -2.2781250000000000e+001	
  3.6029000000000000e+009	 -2.2975580000000001e+001	
  3.6050000000000000e+009	 -2.3171869999999998e+001	
  3.6071000000000000e+009	 -2.3405270000000002e+001	
  3.6092000000000000e+009	 -2.3630859999999998e+001	
  3.6113000000000000e+009	 -2.3862300000000001e+001	
  3.6134000000000000e+009	 -2.3997070000000001e+001	
  3.6155000000000000e+009	 -2.4273430000000001e+001	
  3.6176000000000000e+009	 -2.4370120000000000e+001	
  3.6197000000000000e+009	 -2.4522459999999999e+001	
  3.6218000000000000e+009	 -2.4601559999999999e+001	
  3.6239000000000000e+009	 -2.4694330000000001e+001	
  3.6260000000000000e+009	 -2.4715820000000001e+001	
  3.6281000000000000e+009	 -2.4725580000000001e+001	
  3.6302000000000000e+009	 -2.4684570000000001e+001	
  3.6323000000000000e+009	 -2.4694330000000001e+001	
  3.6344000000000000e+009	 -2.4652339999999999e+001	
  3.6365000000000000e+009	 -2.4606439999999999e+001	
  3.6386000000000000e+009	 -2.4470700000000001e+001	
  3.6407000000000000e+009	 -2.4395499999999998e+001	
  3.6428000000000000e+009	 -2.4329100000000000e+001	
  3.6449000000000000e+009	 -2.4206050000000001e+001	
  3.6470000000000000e+009	 -2.4019530000000000e+001	
  3.6491000000000000e+009	 -2.3881840000000000e+001	
  3.6512000000000000e+009	 -2.3630859999999998e+001	
  3.6533000000000000e+009	 -2.3459959999999999e+001	
  3.6554000000000000e+009	 -2.3234369999999998e+001	
  3.6575000000000000e+009	 -2.3032229999999998e+001	
  3.6596000000000000e+009	 -2.2821290000000001e+001	
  3.6617000000000000e+009	 -2.2617190000000001e+001	
  3.6638000000000000e+009	 -2.2423829999999999e+001	
  3.6659000000000000e+009	 -2.2263670000000001e+001	
  3.6680000000000000e+009	 -2.2076170000000001e+001	
  3.6701000000000000e+009	 -2.1972660000000001e+001	
  3.6722000000000000e+009	 -2.1934570000000001e+001	
  3.6743000000000000e+009	 -2.1878910000000001e+001	
  3.6764000000000000e+009	 -2.1869140000000002e+001	
  3.6785000000000000e+009	 -2.1905270000000002e+001	
  3.6806000000000000e+009	 -2.1988280000000000e+001	
  3.6827000000000000e+009	 -2.2021480000000000e+001	
  3.6848000000000000e+009	 -2.2078119999999998e+001	
  3.6869000000000000e+009	 -2.2138670000000001e+001	
  3.6890000000000000e+009	 -2.2189450000000001e+001	
  3.6911000000000000e+009	 -2.2165040000000001e+001	
  3.6932000000000000e+009	 -2.2136720000000000e+001	
  3.6953000000000000e+009	 -2.2082030000000000e+001	
  3.6974000000000000e+009	 -2.1994140000000002e+001	
  3.6995000000000000e+009	 -2.1851559999999999e+001	
  3.7016000000000000e+009	 -2.1777339999999999e+001	
  3.7037000000000000e+009	 -2.1651370000000000e+001	
  3.7058000000000000e+009	 -2.1332030000000000e+001	
  3.7079000000000000e+009	 -2.1083980000000000e+001	
  3.7100000000000000e+009	 -2.0802730000000000e+001	
  3.7121000000000000e+009	 -2.0505859999999998e+001	
  3.7142000000000000e+009	 -2.0074220000000000e+001	
  3.7163000000000000e+009	 -1.9867190000000001e+001	
  3.7184000000000000e+009	 -1.9514650000000000e+001	
  3.7205000000000000e+009	 -1.9128900000000002e+001	
  3.7226000000000000e+009	 -1.8846679999999999e+001	
  3.7247000000000000e+009	 -1.8527339999999999e+001	
  3.7268000000000000e+009	 -1.8241209999999999e+001	
  3.7289000000000000e+009	 -1.7850580000000001e+001	
  3.7310000000000000e+009	 -1.7505859999999998e+001	
  3.7331000000000000e+009	 -1.7168939999999999e+001	
  3.7352000000000000e+009	 -1.6797850000000000e+001	
  3.7373000000000000e+009	 -1.6573239999999998e+001	
  3.7394000000000000e+009	 -1.6264650000000000e+001	
  3.7415000000000000e+009	 -1.6059570000000001e+001	
  3.7436000000000000e+009	 -1.5908200000000001e+001	
  3.7457000000000000e+009	 -1.5817869999999999e+001	
  3.7478000000000000e+009	 -1.5762700000000001e+001	
  3.7499000000000000e+009	 -1.5789059999999999e+001	
  3.7520000000000000e+009	 -1.5830570000000000e+001	
  3.7541000000000000e+009	 -1.5836430000000000e+001	
  3.7562000000000000e+009	 -1.5843750000000000e+001	
  3.7583000000000000e+009	 -1.5835450000000000e+001	
  3.7604000000000000e+009	 -1.5890140000000001e+001	
  3.7625000000000000e+009	 -1.5833500000000001e+001	
  3.7646000000000000e+009	 -1.5866700000000000e+001	
  3.7667000000000000e+009	 -1.5805660000000000e+001	
  3.7688000000000000e+009	 -1.5707030000000000e+001	
  3.7709000000000000e+009	 -1.5561040000000000e+001	
  3.7730000000000000e+009	 -1.5478030000000000e+001	
  3.7751000000000000e+009	 -1.5356450000000001e+001	
  3.7772000000000000e+009	 -1.5230470000000000e+001	
  3.7793000000000000e+009	 -1.5054200000000000e+001	
  3.7814000000000000e+009	 -1.4899900000000001e+001	
  3.7835000000000000e+009	 -1.4775880000000001e+001	
  3.7856000000000000e+009	 -1.4703609999999999e+001	
  3.7877000000000000e+009	 -1.4532230000000000e+001	
  3.7898000000000000e+009	 -1.4477050000000000e+001	
  3.7919000000000000e+009	 -1.4319820000000000e+001	
  3.7940000000000000e+009	 -1.4366210000000001e+001	
  3.7961000000000000e+009	 -1.4393549999999999e+001	
  3.7982000000000000e+009	 -1.4430660000000000e+001	
  3.8003000000000000e+009	 -1.4472170000000000e+001	
  3.8024000000000000e+009	 -1.4625980000000000e+001	
  3.8045000000000000e+009	 -1.4829590000000000e+001	
  3.8066000000000000e+009	 -1.5028320000000001e+001	
  3.8087000000000000e+009	 -1.5218750000000000e+001	
  3.8108000000000000e+009	 -1.5505369999999999e+001	
  3.8129000000000000e+009	 -1.5808590000000001e+001	
  3.8150000000000000e+009	 -1.6103520000000000e+001	
  3.8171000000000000e+009	 -1.6362300000000001e+001	
  3.8192000000000000e+009	 -1.6566410000000001e+001	
  3.8213000000000000e+009	 -1.6892579999999999e+001	
  3.8234000000000000e+009	 -1.7144530000000000e+001	
  3.8255000000000000e+009	 -1.7374020000000002e+001	
  3.8276000000000000e+009	 -1.7523440000000001e+001	
  3.8297000000000000e+009	 -1.7686520000000002e+001	
  3.8318000000000000e+009	 -1.7893550000000001e+001	
  3.8339000000000000e+009	 -1.8012699999999999e+001	
  3.8360000000000000e+009	 -1.8136720000000000e+001	
  3.8381000000000000e+009	 -1.8227540000000001e+001	
  3.8402000000000000e+009	 -1.8314450000000001e+001	
  3.8423000000000000e+009	 -1.8374020000000002e+001	
  3.8444000000000000e+009	 -1.8409179999999999e+001	
  3.8465000000000000e+009	 -1.8368160000000000e+001	
  3.8486000000000000e+009	 -1.8364260000000002e+001	
  3.8507000000000000e+009	 -1.8321290000000001e+001	
  3.8528000000000000e+009	 -1.8262689999999999e+001	
  3.8549000000000000e+009	 -1.8112300000000001e+001	
  3.8570000000000000e+009	 -1.8015619999999998e+001	
  3.8591000000000000e+009	 -1.7860350000000000e+001	
  3.8612000000000000e+009	 -1.7685549999999999e+001	
  3.8633000000000000e+009	 -1.7593750000000000e+001	
  3.8654000000000000e+009	 -1.7453119999999998e+001	
  3.8675000000000000e+009	 -1.7348630000000000e+001	
  3.8696000000000000e+009	 -1.7267579999999999e+001	
  3.8717000000000000e+009	 -1.7238280000000000e+001	
  3.8738000000000000e+009	 -1.7261720000000000e+001	
  3.8759000000000000e+009	 -1.7278320000000001e+001	
  3.8780000000000000e+009	 -1.7391600000000000e+001	
  3.8801000000000000e+009	 -1.7467770000000002e+001	
  3.8822000000000000e+009	 -1.7593750000000000e+001	
  3.8843000000000000e+009	 -1.7788090000000000e+001	
  3.8864000000000000e+009	 -1.7974609999999998e+001	
  3.8885000000000000e+009	 -1.8141600000000000e+001	
  3.8906000000000000e+009	 -1.8348630000000000e+001	
  3.8927000000000000e+009	 -1.8517579999999999e+001	
  3.8948000000000000e+009	 -1.8720700000000001e+001	
  3.8969000000000000e+009	 -1.8882809999999999e+001	
  3.8990000000000000e+009	 -1.9027339999999999e+001	
  3.9011000000000000e+009	 -1.9140630000000002e+001	
  3.9032000000000000e+009	 -1.9241209999999999e+001	
  3.9053000000000000e+009	 -1.9259770000000000e+001	
  3.9074000000000000e+009	 -1.9260739999999998e+001	
  3.9095000000000000e+009	 -1.9386720000000000e+001	
  3.9116000000000000e+009	 -1.9332030000000000e+001	
  3.9137000000000000e+009	 -1.9363280000000000e+001	
  3.9158000000000000e+009	 -1.9387689999999999e+001	
  3.9179000000000000e+009	 -1.9383790000000001e+001	
  3.9200000000000000e+009	 -1.9372070000000001e+001	
  3.9221000000000000e+009	 -1.9351559999999999e+001	
  3.9242000000000000e+009	 -1.9335940000000001e+001	
  3.9263000000000000e+009	 -1.9271480000000000e+001	
  3.9284000000000000e+009	 -1.9235350000000000e+001	
  3.9305000000000000e+009	 -1.9172850000000000e+001	
  3.9326000000000000e+009	 -1.9056640000000002e+001	
  3.9347000000000000e+009	 -1.8981439999999999e+001	
  3.9368000000000000e+009	 -1.8860350000000000e+001	
  3.9389000000000000e+009	 -1.8784179999999999e+001	
  3.9410000000000000e+009	 -1.8694330000000001e+001	
  3.9431000000000000e+009	 -1.8616209999999999e+001	
  3.9452000000000000e+009	 -1.8603520000000000e+001	
  3.9473000000000000e+009	 -1.8601559999999999e+001	
  3.9494000000000000e+009	 -1.8629880000000000e+001	
  3.9515000000000000e+009	 -1.8708980000000000e+001	
  3.9536000000000000e+009	 -1.8843750000000000e+001	
  3.9557000000000000e+009	 -1.9048829999999999e+001	
  3.9578000000000000e+009	 -1.9255859999999998e+001	
  3.9599000000000000e+009	 -1.9527339999999999e+001	
  3.9620000000000000e+009	 -1.9729489999999998e+001	
  3.9641000000000000e+009	 -2.0001950000000001e+001	
  3.9662000000000000e+009	 -2.0193359999999998e+001	
  3.9683000000000000e+009	 -2.0444340000000000e+001	
  3.9704000000000000e+009	 -2.0600590000000000e+001	
  3.9725000000000000e+009	 -2.0734369999999998e+001	
  3.9746000000000000e+009	 -2.0786130000000000e+001	
  3.9767000000000000e+009	 -2.0792970000000000e+001	
  3.9788000000000000e+009	 -2.0876950000000001e+001	
  3.9809000000000000e+009	 -2.0727540000000001e+001	
  3.9830000000000000e+009	 -2.0660160000000001e+001	
  3.9851000000000000e+009	 -2.0482420000000001e+001	
  3.9872000000000000e+009	 -2.0306640000000002e+001	
  3.9893000000000000e+009	 -2.0045900000000000e+001	
  3.9914000000000000e+009	 -1.9828119999999998e+001	
  3.9935000000000000e+009	 -1.9555660000000000e+001	
  3.9956000000000000e+009	 -1.9283200000000001e+001	
  3.9977000000000000e+009	 -1.9026370000000000e+001	
  3.9998000000000000e+009	 -1.8817380000000000e+001	
  4.0019000000000000e+009	 -1.8634770000000000e+001	
  4.0040000000000000e+009	 -1.8492190000000001e+001	
  4.0061000000000000e+009	 -1.8405270000000002e+001	
  4.0082000000000000e+009	 -1.8253910000000001e+001	
  4.0103000000000000e+009	 -1.8252929999999999e+001	
  4.0124000000000000e+009	 -1.8316400000000002e+001	
  4.0145000000000000e+009	 -1.8360350000000000e+001	
  4.0166000000000000e+009	 -1.8448239999999998e+001	
  4.0187000000000000e+009	 -1.8585940000000001e+001	
  4.0208000000000000e+009	 -1.8712890000000002e+001	
  4.0229000000000000e+009	 -1.8839839999999999e+001	
  4.0250000000000000e+009	 -1.8992190000000001e+001	
  4.0271000000000000e+009	 -1.9069340000000000e+001	
  4.0292000000000000e+009	 -1.9167970000000000e+001	
  4.0313000000000000e+009	 -1.9241209999999999e+001	
  4.0334000000000000e+009	 -1.9228520000000000e+001	
  4.0355000000000000e+009	 -1.9323239999999998e+001	
  4.0376000000000000e+009	 -1.9258790000000001e+001	
  4.0397000000000000e+009	 -1.9247070000000001e+001	
  4.0418000000000000e+009	 -1.9129880000000000e+001	
  4.0439000000000000e+009	 -1.8987300000000001e+001	
  4.0460000000000000e+009	 -1.8790040000000001e+001	
  4.0481000000000000e+009	 -1.8626950000000001e+001	
  4.0502000000000000e+009	 -1.8344729999999998e+001	
  4.0523000000000000e+009	 -1.8149410000000000e+001	
  4.0544000000000000e+009	 -1.7895510000000002e+001	
  4.0565000000000000e+009	 -1.7643550000000001e+001	
  4.0586000000000000e+009	 -1.7406250000000000e+001	
  4.0607000000000000e+009	 -1.7094729999999998e+001	
  4.0628000000000000e+009	 -1.6925780000000000e+001	
  4.0649000000000000e+009	 -1.6719729999999998e+001	
  4.0670000000000000e+009	 -1.6506830000000001e+001	
  4.0691000000000000e+009	 -1.6336910000000000e+001	
  4.0712000000000000e+009	 -1.6299800000000001e+001	
  4.0733000000000000e+009	 -1.6198239999999998e+001	
  4.0754000000000000e+009	 -1.6010739999999998e+001	
  4.0775000000000000e+009	 -1.5948729999999999e+001	
  4.0796000000000000e+009	 -1.5849119999999999e+001	
  4.0817000000000000e+009	 -1.5750489999999999e+001	
  4.0838000000000000e+009	 -1.5650390000000000e+001	
  4.0859000000000000e+009	 -1.5547850000000000e+001	
  4.0880000000000000e+009	 -1.5408200000000001e+001	
  4.0901000000000000e+009	 -1.5264650000000000e+001	
  4.0922000000000000e+009	 -1.5108400000000000e+001	
  4.0943000000000000e+009	 -1.5015140000000001e+001	
  4.0964000000000000e+009	 -1.4840820000000001e+001	
  4.0985000000000000e+009	 -1.4633300000000000e+001	
  4.1006000000000000e+009	 -1.4472170000000000e+001	
  4.1027000000000000e+009	 -1.4366700000000000e+001	
  4.1048000000000000e+009	 -1.4237790000000000e+001	
  4.1069000000000000e+009	 -1.4231930000000000e+001	
  4.1090000000000000e+009	 -1.4030760000000001e+001	
  4.1111000000000000e+009	 -1.3980960000000000e+001	
  4.1132000000000000e+009	 -1.3871580000000000e+001	
  4.1153000000000000e+009	 -1.3712890000000000e+001	
  4.1174000000000000e+009	 -1.3616210000000001e+001	
  4.1195000000000000e+009	 -1.3408200000000001e+001	
  4.1216000000000000e+009	 -1.3166990000000000e+001	
  4.1237000000000000e+009	 -1.2966310000000000e+001	
  4.1258000000000000e+009	 -1.2638669999999999e+001	
  4.1279000000000000e+009	 -1.2348630000000000e+001	
  4.1300000000000000e+009	 -1.2094730000000000e+001	
  4.1321000000000000e+009	 -1.1805660000000000e+001	
  4.1342000000000000e+009	 -1.1367190000000001e+001	
  4.1363000000000000e+009	 -1.1015140000000001e+001	
  4.1384000000000000e+009	 -1.0746090000000001e+001	
  4.1405000000000000e+009	 -1.0464359999999999e+001	
  4.1426000000000000e+009	 -1.0213870000000000e+001	
  4.1447000000000000e+009	 -1.0003420000000000e+001	
  4.1468000000000000e+009	 -9.8222660000000008e+000	
  4.1489000000000000e+009	 -9.6806640000000002e+000	
  4.1510000000000000e+009	 -9.6367189999999994e+000	
  4.1531000000000000e+009	 -9.6230469999999997e+000	
  4.1552000000000000e+009	 -9.5048829999999995e+000	
  4.1573000000000000e+009	 -9.6220700000000008e+000	
  4.1594000000000000e+009	 -9.7309570000000001e+000	
  4.1615000000000000e+009	 -9.8540039999999998e+000	
  4.1636000000000000e+009	 -9.9350590000000008e+000	
  4.1657000000000000e+009	 -1.0133300000000000e+001	
  4.1678000000000000e+009	 -1.0315920000000000e+001	
  4.1699000000000000e+009	 -1.0545900000000000e+001	
  4.1720000000000000e+009	 -1.0770020000000001e+001	
  4.1741000000000000e+009	 -1.1078130000000000e+001	
  4.1762000000000000e+009	 -1.1299799999999999e+001	
  4.1783000000000000e+009	 -1.1723630000000000e+001	
  4.1804000000000000e+009	 -1.1875980000000000e+001	
  4.1825000000000000e+009	 -1.2180180000000000e+001	
  4.1846000000000000e+009	 -1.2391600000000000e+001	
  4.1867000000000000e+009	 -1.2676760000000000e+001	
  4.1888000000000000e+009	 -1.2912599999999999e+001	
  4.1909000000000000e+009	 -1.3120120000000000e+001	
  4.1930000000000000e+009	 -1.3273930000000000e+001	
  4.1951000000000000e+009	 -1.3446289999999999e+001	
  4.1972000000000000e+009	 -1.3572270000000000e+001	
  4.1993000000000000e+009	 -1.3700200000000001e+001	
  4.2014000000000000e+009	 -1.3785159999999999e+001	
  4.2035000000000000e+009	 -1.3848140000000001e+001	
  4.2056000000000000e+009	 -1.3976559999999999e+001	
  4.2077000000000000e+009	 -1.4053220000000000e+001	
  4.2098000000000000e+009	 -1.4021970000000000e+001	
  4.2119000000000000e+009	 -1.4197749999999999e+001	
  4.2140000000000000e+009	 -1.4320309999999999e+001	
  4.2161000000000000e+009	 -1.4408690000000000e+001	
  4.2182000000000000e+009	 -1.4569340000000000e+001	
  4.2203000000000000e+009	 -1.4729490000000000e+001	
  4.2224000000000000e+009	 -1.4901370000000000e+001	
  4.2245000000000000e+009	 -1.5155760000000001e+001	
  4.2266000000000000e+009	 -1.5405760000000001e+001	
  4.2287000000000000e+009	 -1.5614260000000000e+001	
  4.2308000000000000e+009	 -1.5937989999999999e+001	
  4.2329000000000000e+009	 -1.6255859999999998e+001	
  4.2350000000000000e+009	 -1.6627929999999999e+001	
  4.2371000000000000e+009	 -1.7073239999999998e+001	
  4.2392000000000000e+009	 -1.7443359999999998e+001	
  4.2413000000000000e+009	 -1.7793939999999999e+001	
  4.2434000000000000e+009	 -1.8038080000000001e+001	
  4.2455000000000000e+009	 -1.8265619999999998e+001	
  4.2476000000000000e+009	 -1.8462890000000002e+001	
  4.2497000000000000e+009	 -1.8592770000000002e+001	
  4.2518000000000000e+009	 -1.8739260000000002e+001	
  4.2539000000000000e+009	 -1.8825189999999999e+001	
  4.2560000000000000e+009	 -1.8966799999999999e+001	
  4.2581000000000000e+009	 -1.9115230000000000e+001	
  4.2602000000000000e+009	 -1.9312500000000000e+001	
  4.2623000000000000e+009	 -1.9555660000000000e+001	
  4.2644000000000000e+009	 -1.9578119999999998e+001	
  4.2665000000000000e+009	 -1.9715820000000001e+001	
  4.2686000000000000e+009	 -1.9762689999999999e+001	
  4.2707000000000000e+009	 -1.9798829999999999e+001	
  4.2728000000000000e+009	 -1.9916989999999998e+001	
  4.2749000000000000e+009	 -1.9961910000000000e+001	
  4.2770000000000000e+009	 -2.0063479999999998e+001	
  4.2791000000000000e+009	 -2.0279299999999999e+001	
  4.2812000000000000e+009	 -2.0347660000000001e+001	
  4.2833000000000000e+009	 -2.0418939999999999e+001	
  4.2854000000000000e+009	 -2.0511720000000000e+001	
  4.2875000000000000e+009	 -2.0503910000000001e+001	
  4.2896000000000000e+009	 -2.0529290000000000e+001	
  4.2917000000000000e+009	 -2.0541989999999998e+001	
  4.2938000000000000e+009	 -2.0482420000000001e+001	
  4.2959000000000000e+009	 -2.0503910000000001e+001	
  4.2980000000000000e+009	 -2.0484380000000002e+001	
  4.3001000000000000e+009	 -2.0544920000000001e+001	
  4.3022000000000000e+009	 -2.0644530000000000e+001	
  4.3043000000000000e+009	 -2.0711910000000000e+001	
  4.3064000000000000e+009	 -2.0848630000000000e+001	
  4.3085000000000000e+009	 -2.1108400000000000e+001	
  4.3106000000000000e+009	 -2.1337890000000002e+001	
  4.3127000000000000e+009	 -2.1677730000000000e+001	
  4.3148000000000000e+009	 -2.2011720000000000e+001	
  4.3169000000000000e+009	 -2.2305669999999999e+001	
  4.3190000000000000e+009	 -2.2616209999999999e+001	
  4.3211000000000000e+009	 -2.2882809999999999e+001	
  4.3232000000000000e+009	 -2.3136720000000000e+001	
  4.3253000000000000e+009	 -2.3386720000000000e+001	
  4.3274000000000000e+009	 -2.3445309999999999e+001	
  4.3295000000000000e+009	 -2.3539059999999999e+001	
  4.3316000000000000e+009	 -2.3610350000000000e+001	
  4.3337000000000000e+009	 -2.3603520000000000e+001	
  4.3358000000000000e+009	 -2.3462890000000002e+001	
  4.3379000000000000e+009	 -2.3213870000000000e+001	
  4.3400000000000000e+009	 -2.3135739999999998e+001	
  4.3421000000000000e+009	 -2.2836910000000000e+001	
  4.3442000000000000e+009	 -2.2668939999999999e+001	
  4.3463000000000000e+009	 -2.2374020000000002e+001	
  4.3484000000000000e+009	 -2.2210940000000001e+001	
  4.3505000000000000e+009	 -2.2010739999999998e+001	
  4.3526000000000000e+009	 -2.1902339999999999e+001	
  4.3547000000000000e+009	 -2.1811520000000002e+001	
  4.3568000000000000e+009	 -2.1813469999999999e+001	
  4.3589000000000000e+009	 -2.1892579999999999e+001	
  4.3610000000000000e+009	 -2.2004880000000000e+001	
  4.3631000000000000e+009	 -2.2231449999999999e+001	
  4.3652000000000000e+009	 -2.2449220000000000e+001	
  4.3673000000000000e+009	 -2.2579100000000000e+001	
  4.3694000000000000e+009	 -2.2937500000000000e+001	
  4.3715000000000000e+009	 -2.3251950000000001e+001	
  4.3736000000000000e+009	 -2.3545900000000000e+001	
  4.3757000000000000e+009	 -2.3834959999999999e+001	
  4.3778000000000000e+009	 -2.4111329999999999e+001	
  4.3799000000000000e+009	 -2.4335940000000001e+001	
  4.3820000000000000e+009	 -2.4554690000000001e+001	
  4.3841000000000000e+009	 -2.4695309999999999e+001	
  4.3862000000000000e+009	 -2.4891600000000000e+001	
  4.3883000000000000e+009	 -2.4984369999999998e+001	
  4.3904000000000000e+009	 -2.5080079999999999e+001	
  4.3925000000000000e+009	 -2.5089839999999999e+001	
  4.3946000000000000e+009	 -2.5122070000000001e+001	
  4.3967000000000000e+009	 -2.5043949999999999e+001	
  4.3988000000000000e+009	 -2.4964839999999999e+001	
  4.4009000000000000e+009	 -2.4864249999999998e+001	
  4.4030000000000000e+009	 -2.4687500000000000e+001	
  4.4051000000000000e+009	 -2.4584959999999999e+001	
  4.4072000000000000e+009	 -2.4260739999999998e+001	
  4.4093000000000000e+009	 -2.4081050000000001e+001	
  4.4114000000000000e+009	 -2.3884760000000000e+001	
  4.4135000000000000e+009	 -2.3691410000000001e+001	
  4.4156000000000000e+009	 -2.3499020000000002e+001	
  4.4177000000000000e+009	 -2.3445309999999999e+001	
  4.4198000000000000e+009	 -2.3367190000000001e+001	
  4.4219000000000000e+009	 -2.3383790000000001e+001	
  4.4240000000000000e+009	 -2.3436520000000002e+001	
  4.4261000000000000e+009	 -2.3592770000000002e+001	
  4.4282000000000000e+009	 -2.3768550000000001e+001	
  4.4303000000000000e+009	 -2.3950199999999999e+001	
  4.4324000000000000e+009	 -2.4206050000000001e+001	
  4.4345000000000000e+009	 -2.4444330000000001e+001	
  4.4366000000000000e+009	 -2.4644530000000000e+001	
  4.4387000000000000e+009	 -2.4854489999999998e+001	
  4.4408000000000000e+009	 -2.5083980000000000e+001	
  4.4429000000000000e+009	 -2.5206050000000001e+001	
  4.4450000000000000e+009	 -2.5292970000000000e+001	
  4.4471000000000000e+009	 -2.5357420000000001e+001	
  4.4492000000000000e+009	 -2.5395510000000002e+001	
  4.4513000000000000e+009	 -2.5359369999999998e+001	
  4.4534000000000000e+009	 -2.5289059999999999e+001	
  4.4555000000000000e+009	 -2.5309570000000001e+001	
  4.4576000000000000e+009	 -2.5174800000000001e+001	
  4.4597000000000000e+009	 -2.5135739999999998e+001	
  4.4618000000000000e+009	 -2.5028320000000001e+001	
  4.4639000000000000e+009	 -2.5043949999999999e+001	
  4.4660000000000000e+009	 -2.4973630000000000e+001	
  4.4681000000000000e+009	 -2.4974609999999998e+001	
  4.4702000000000000e+009	 -2.5028320000000001e+001	
  4.4723000000000000e+009	 -2.5013670000000001e+001	
  4.4744000000000000e+009	 -2.5003910000000001e+001	
  4.4765000000000000e+009	 -2.5032219999999999e+001	
  4.4786000000000000e+009	 -2.5021480000000000e+001	
  4.4807000000000000e+009	 -2.5023440000000001e+001	
  4.4828000000000000e+009	 -2.4994140000000002e+001	
  4.4849000000000000e+009	 -2.4817380000000000e+001	
  4.4870000000000000e+009	 -2.4800780000000000e+001	
  4.4891000000000000e+009	 -2.4591790000000000e+001	
  4.4912000000000000e+009	 -2.4422850000000000e+001	
  4.4933000000000000e+009	 -2.4254880000000000e+001	
  4.4954000000000000e+009	 -2.4132809999999999e+001	
  4.4975000000000000e+009	 -2.4009760000000000e+001	
  4.4996000000000000e+009	 -2.3847660000000001e+001	
  4.5017000000000000e+009	 -2.3763670000000001e+001	
  4.5038000000000000e+009	 -2.3791010000000000e+001	
  4.5059000000000000e+009	 -2.3862300000000001e+001	
  4.5080000000000000e+009	 -2.3962890000000002e+001	
  4.5101000000000000e+009	 -2.4132809999999999e+001	
  4.5122000000000000e+009	 -2.4363280000000000e+001	
  4.5143000000000000e+009	 -2.4604489999999998e+001	
  4.5164000000000000e+009	 -2.4822260000000000e+001	
  4.5185000000000000e+009	 -2.4975590000000000e+001	
  4.5206000000000000e+009	 -2.5261720000000000e+001	
  4.5227000000000000e+009	 -2.5323239999999998e+001	
  4.5248000000000000e+009	 -2.5461910000000000e+001	
  4.5269000000000000e+009	 -2.5470700000000001e+001	
  4.5290000000000000e+009	 -2.5413080000000001e+001	
  4.5311000000000000e+009	 -2.5137689999999999e+001	
  4.5332000000000000e+009	 -2.4900390000000002e+001	
  4.5353000000000000e+009	 -2.4458010000000002e+001	
  4.5374000000000000e+009	 -2.3910160000000001e+001	
  4.5395000000000000e+009	 -2.3203130000000002e+001	
  4.5416000000000000e+009	 -2.2592770000000002e+001	
  4.5437000000000000e+009	 -2.3538080000000001e+001	
  4.5458000000000000e+009	 -2.7544920000000001e+001	
  4.5479000000000000e+009	 -2.9367180000000001e+001	
  4.5500000000000000e+009	 -2.8390619999999998e+001	
  4.5521000000000000e+009	 -2.7303709999999999e+001	
  4.5542000000000000e+009	 -2.6473630000000000e+001	
  4.5563000000000000e+009	 -2.5928709999999999e+001	
  4.5584000000000000e+009	 -2.5505859999999998e+001	
  4.5605000000000000e+009	 -2.5210930000000001e+001	
  4.5626000000000000e+009	 -2.5078130000000002e+001	
  4.5647000000000000e+009	 -2.5017579999999999e+001	
  4.5668000000000000e+009	 -2.4947260000000000e+001	
  4.5689000000000000e+009	 -2.5013670000000001e+001	
  4.5710000000000000e+009	 -2.5129880000000000e+001	
  4.5731000000000000e+009	 -2.5249020000000002e+001	
  4.5752000000000000e+009	 -2.5413080000000001e+001	
  4.5773000000000000e+009	 -2.5549800000000001e+001	
  4.5794000000000000e+009	 -2.5700189999999999e+001	
  4.5815000000000000e+009	 -2.5873049999999999e+001	
  4.5836000000000000e+009	 -2.5986329999999999e+001	
  4.5857000000000000e+009	 -2.6089839999999999e+001	
  4.5878000000000000e+009	 -2.6166989999999998e+001	
  4.5899000000000000e+009	 -2.6194330000000001e+001	
  4.5920000000000000e+009	 -2.6197260000000000e+001	
  4.5941000000000000e+009	 -2.6103520000000000e+001	
  4.5962000000000000e+009	 -2.6057620000000000e+001	
  4.5983000000000000e+009	 -2.5927730000000000e+001	
  4.6004000000000000e+009	 -2.5769530000000000e+001	
  4.6025000000000000e+009	 -2.5509760000000000e+001	
  4.6046000000000000e+009	 -2.5283200000000001e+001	
  4.6067000000000000e+009	 -2.4998040000000000e+001	
  4.6088000000000000e+009	 -2.4731449999999999e+001	
  4.6109000000000000e+009	 -2.4429680000000001e+001	
  4.6130000000000000e+009	 -2.4206050000000001e+001	
  4.6151000000000000e+009	 -2.3946290000000001e+001	
  4.6172000000000000e+009	 -2.3813479999999998e+001	
  4.6193000000000000e+009	 -2.3650390000000002e+001	
  4.6214000000000000e+009	 -2.3504880000000000e+001	
  4.6235000000000000e+009	 -2.3424800000000001e+001	
  4.6256000000000000e+009	 -2.3488280000000000e+001	
  4.6277000000000000e+009	 -2.3580079999999999e+001	
  4.6298000000000000e+009	 -2.3636720000000000e+001	
  4.6319000000000000e+009	 -2.3728510000000000e+001	
  4.6340000000000000e+009	 -2.3765630000000002e+001	
  4.6361000000000000e+009	 -2.3866209999999999e+001	
  4.6382000000000000e+009	 -2.3963870000000000e+001	
  4.6403000000000000e+009	 -2.3955079999999999e+001	
  4.6424000000000000e+009	 -2.3977540000000001e+001	
  4.6445000000000000e+009	 -2.3946290000000001e+001	
  4.6466000000000000e+009	 -2.3967770000000002e+001	
  4.6487000000000000e+009	 -2.3920900000000000e+001	
  4.6508000000000000e+009	 -2.3822260000000000e+001	
  4.6529000000000000e+009	 -2.3802730000000000e+001	
  4.6550000000000000e+009	 -2.3719729999999998e+001	
  4.6571000000000000e+009	 -2.3712890000000002e+001	
  4.6592000000000000e+009	 -2.3640619999999998e+001	
  4.6613000000000000e+009	 -2.3641600000000000e+001	
  4.6634000000000000e+009	 -2.3585930000000001e+001	
  4.6655000000000000e+009	 -2.3571290000000001e+001	
  4.6676000000000000e+009	 -2.3590820000000001e+001	
  4.6697000000000000e+009	 -2.3645510000000002e+001	
  4.6718000000000000e+009	 -2.3648440000000001e+001	
  4.6739000000000000e+009	 -2.3666010000000000e+001	
  4.6760000000000000e+009	 -2.3633790000000001e+001	
  4.6781000000000000e+009	 -2.3604489999999998e+001	
  4.6802000000000000e+009	 -2.3526370000000000e+001	
  4.6823000000000000e+009	 -2.3470700000000001e+001	
  4.6844000000000000e+009	 -2.3311520000000002e+001	
  4.6865000000000000e+009	 -2.3108400000000000e+001	
  4.6886000000000000e+009	 -2.2884760000000000e+001	
  4.6907000000000000e+009	 -2.2656250000000000e+001	
  4.6928000000000000e+009	 -2.2435549999999999e+001	
  4.6949000000000000e+009	 -2.2176760000000002e+001	
  4.6970000000000000e+009	 -2.2016600000000000e+001	
  4.6991000000000000e+009	 -2.1778320000000001e+001	
  4.7012000000000000e+009	 -2.1598630000000000e+001	
  4.7033000000000000e+009	 -2.1465820000000001e+001	
  4.7054000000000000e+009	 -2.1402339999999999e+001	
  4.7075000000000000e+009	 -2.1306640000000002e+001	
  4.7096000000000000e+009	 -2.1359369999999998e+001	
  4.7117000000000000e+009	 -2.1262689999999999e+001	
  4.7138000000000000e+009	 -2.1323239999999998e+001	
  4.7159000000000000e+009	 -2.1449220000000000e+001	
  4.7180000000000000e+009	 -2.1611329999999999e+001	
  4.7201000000000000e+009	 -2.1758790000000001e+001	
  4.7222000000000000e+009	 -2.1950189999999999e+001	
  4.7243000000000000e+009	 -2.2009760000000000e+001	
  4.7264000000000000e+009	 -2.2175780000000000e+001	
  4.7285000000000000e+009	 -2.2159179999999999e+001	
  4.7306000000000000e+009	 -2.2227540000000001e+001	
  4.7327000000000000e+009	 -2.2236329999999999e+001	
  4.7348000000000000e+009	 -2.2133790000000001e+001	
  4.7369000000000000e+009	 -2.2085940000000001e+001	
  4.7390000000000000e+009	 -2.2001950000000001e+001	
  4.7411000000000000e+009	 -2.1795900000000000e+001	
  4.7432000000000000e+009	 -2.1579100000000000e+001	
  4.7453000000000000e+009	 -2.1395510000000002e+001	
  4.7474000000000000e+009	 -2.1162109999999998e+001	
  4.7495000000000000e+009	 -2.0821290000000001e+001	
  4.7516000000000000e+009	 -2.0452150000000000e+001	
  4.7537000000000000e+009	 -2.0212890000000002e+001	
  4.7558000000000000e+009	 -1.9880859999999998e+001	
  4.7579000000000000e+009	 -1.9563469999999999e+001	
  4.7600000000000000e+009	 -1.9277339999999999e+001	
  4.7621000000000000e+009	 -1.8994140000000002e+001	
  4.7642000000000000e+009	 -1.8758790000000001e+001	
  4.7663000000000000e+009	 -1.8592770000000002e+001	
  4.7684000000000000e+009	 -1.8459959999999999e+001	
  4.7705000000000000e+009	 -1.8415040000000001e+001	
  4.7726000000000000e+009	 -1.8414059999999999e+001	
  4.7747000000000000e+009	 -1.8415040000000001e+001	
  4.7768000000000000e+009	 -1.8550780000000000e+001	
  4.7789000000000000e+009	 -1.8628900000000002e+001	
  4.7810000000000000e+009	 -1.8756840000000000e+001	
  4.7831000000000000e+009	 -1.8870120000000000e+001	
  4.7852000000000000e+009	 -1.8959959999999999e+001	
  4.7873000000000000e+009	 -1.9082030000000000e+001	
  4.7894000000000000e+009	 -1.9066410000000001e+001	
  4.7915000000000000e+009	 -1.9079100000000000e+001	
  4.7936000000000000e+009	 -1.8942380000000000e+001	
  4.7957000000000000e+009	 -1.8812500000000000e+001	
  4.7978000000000000e+009	 -1.8646480000000000e+001	
  4.7999000000000000e+009	 -1.8412109999999998e+001	
  4.8020000000000000e+009	 -1.8065429999999999e+001	
  4.8041000000000000e+009	 -1.7724609999999998e+001	
  4.8062000000000000e+009	 -1.7353520000000000e+001	
  4.8083000000000000e+009	 -1.6937500000000000e+001	
  4.8104000000000000e+009	 -1.6577150000000000e+001	
  4.8125000000000000e+009	 -1.6124020000000002e+001	
  4.8146000000000000e+009	 -1.5743160000000000e+001	
  4.8167000000000000e+009	 -1.5344730000000000e+001	
  4.8188000000000000e+009	 -1.5064940000000000e+001	
  4.8209000000000000e+009	 -1.4769530000000000e+001	
  4.8230000000000000e+009	 -1.4463380000000001e+001	
  4.8251000000000000e+009	 -1.4285159999999999e+001	
  4.8272000000000000e+009	 -1.4124020000000000e+001	
  4.8293000000000000e+009	 -1.3978520000000000e+001	
  4.8314000000000000e+009	 -1.3781739999999999e+001	
  4.8335000000000000e+009	 -1.3596190000000000e+001	
  4.8356000000000000e+009	 -1.3376950000000001e+001	
  4.8377000000000000e+009	 -1.3162599999999999e+001	
  4.8398000000000000e+009	 -1.2870609999999999e+001	
  4.8419000000000000e+009	 -1.2628909999999999e+001	
  4.8440000000000000e+009	 -1.2329590000000000e+001	
  4.8461000000000000e+009	 -1.2128909999999999e+001	
  4.8482000000000000e+009	 -1.1804200000000000e+001	
  4.8503000000000000e+009	 -1.1421880000000000e+001	
  4.8524000000000000e+009	 -1.1081049999999999e+001	
  4.8545000000000000e+009	 -1.0757320000000000e+001	
  4.8566000000000000e+009	 -1.0464840000000001e+001	
  4.8587000000000000e+009	 -1.0185549999999999e+001	
  4.8608000000000000e+009	 -9.9282229999999991e+000	
  4.8629000000000000e+009	 -9.6835939999999994e+000	
  4.8650000000000000e+009	 -9.4057619999999993e+000	
  4.8671000000000000e+009	 -9.1972660000000008e+000	
  4.8692000000000000e+009	 -8.9487299999999994e+000	
  4.8713000000000000e+009	 -8.7636719999999997e+000	
  4.8734000000000000e+009	 -8.4868159999999992e+000	
  4.8755000000000000e+009	 -8.3208009999999994e+000	
  4.8776000000000000e+009	 -8.0751950000000008e+000	
  4.8797000000000000e+009	 -7.9304199999999998e+000	
  4.8818000000000000e+009	 -7.8320309999999997e+000	
  4.8839000000000000e+009	 -7.8251949999999999e+000	
  4.8860000000000000e+009	 -7.8542480000000001e+000	
  4.8881000000000000e+009	 -7.9541019999999998e+000	
  4.8902000000000000e+009	 -8.1274409999999992e+000	
  4.8923000000000000e+009	 -8.2626950000000008e+000	
  4.8944000000000000e+009	 -8.4340820000000001e+000	
  4.8965000000000000e+009	 -8.5219729999999991e+000	
  4.8986000000000000e+009	 -8.6762700000000006e+000	
  4.9007000000000000e+009	 -8.8193359999999998e+000	
  4.9028000000000000e+009	 -8.9096679999999999e+000	
  4.9049000000000000e+009	 -9.0356450000000006e+000	
  4.9070000000000000e+009	 -9.1918950000000006e+000	
  4.9091000000000000e+009	 -9.3300780000000003e+000	
  4.9112000000000000e+009	 -9.5244140000000002e+000	
  4.9133000000000000e+009	 -9.7065429999999999e+000	
  4.9154000000000000e+009	 -9.9907229999999991e+000	
  4.9175000000000000e+009	 -1.0333010000000000e+001	
  4.9196000000000000e+009	 -1.0679690000000001e+001	
  4.9217000000000000e+009	 -1.1053220000000000e+001	
  4.9238000000000000e+009	 -1.1491210000000001e+001	
  4.9259000000000000e+009	 -1.1993160000000000e+001	
  4.9280000000000000e+009	 -1.2447749999999999e+001	
  4.9301000000000000e+009	 -1.2948729999999999e+001	
  4.9322000000000000e+009	 -1.3510249999999999e+001	
  4.9343000000000000e+009	 -1.3923340000000000e+001	
  4.9364000000000000e+009	 -1.4403320000000001e+001	
  4.9385000000000000e+009	 -1.4823729999999999e+001	
  4.9406000000000000e+009	 -1.5197270000000000e+001	
  4.9427000000000000e+009	 -1.5534179999999999e+001	
  4.9448000000000000e+009	 -1.5857419999999999e+001	
  4.9469000000000000e+009	 -1.6093750000000000e+001	
  4.9490000000000000e+009	 -1.6281250000000000e+001	
  4.9511000000000000e+009	 -1.6457030000000000e+001	
  4.9532000000000000e+009	 -1.6560540000000000e+001	
  4.9553000000000000e+009	 -1.6594719999999999e+001	
  4.9574000000000000e+009	 -1.6519530000000000e+001	
  4.9595000000000000e+009	 -1.6600580000000001e+001	
  4.9616000000000000e+009	 -1.6433589999999999e+001	
  4.9637000000000000e+009	 -1.6460940000000001e+001	
  4.9658000000000000e+009	 -1.6337890000000002e+001	
  4.9679000000000000e+009	 -1.6283200000000001e+001	
  4.9700000000000000e+009	 -1.6186520000000002e+001	
  4.9721000000000000e+009	 -1.6163080000000001e+001	
  4.9742000000000000e+009	 -1.6213870000000000e+001	
  4.9763000000000000e+009	 -1.6331050000000001e+001	
  4.9784000000000000e+009	 -1.6498049999999999e+001	
  4.9805000000000000e+009	 -1.6762699999999999e+001	
  4.9826000000000000e+009	 -1.7056640000000002e+001	
  4.9847000000000000e+009	 -1.7333980000000000e+001	
  4.9868000000000000e+009	 -1.7743160000000000e+001	
  4.9889000000000000e+009	 -1.8192380000000000e+001	
  4.9910000000000000e+009	 -1.8618160000000000e+001	
  4.9931000000000000e+009	 -1.8969729999999998e+001	
  4.9952000000000000e+009	 -1.9293939999999999e+001	
  4.9973000000000000e+009	 -1.9638670000000001e+001	
  4.9994000000000000e+009	 -1.9908200000000001e+001	
  5.0015000000000000e+009	 -2.0122070000000001e+001	
  5.0036000000000000e+009	 -2.0281250000000000e+001	
  5.0057000000000000e+009	 -2.0444340000000000e+001	
  5.0078000000000000e+009	 -2.0505859999999998e+001	
  5.0099000000000000e+009	 -2.0521480000000000e+001	
  5.0120000000000000e+009	 -2.0547850000000000e+001	
  5.0141000000000000e+009	 -2.0523440000000001e+001	
  5.0162000000000000e+009	 -2.0507809999999999e+001	
  5.0183000000000000e+009	 -2.0500969999999999e+001	
  5.0204000000000000e+009	 -2.0525390000000002e+001	
  5.0225000000000000e+009	 -2.0521480000000000e+001	
  5.0246000000000000e+009	 -2.0513670000000001e+001	
  5.0267000000000000e+009	 -2.0521480000000000e+001	
  5.0288000000000000e+009	 -2.0544920000000001e+001	
  5.0309000000000000e+009	 -2.0571290000000001e+001	
  5.0330000000000000e+009	 -2.0621089999999999e+001	
  5.0351000000000000e+009	 -2.0662109999999998e+001	
  5.0372000000000000e+009	 -2.0697260000000000e+001	
  5.0393000000000000e+009	 -2.0682620000000000e+001	
  5.0414000000000000e+009	 -2.0742190000000001e+001	
  5.0435000000000000e+009	 -2.0773430000000001e+001	
  5.0456000000000000e+009	 -2.0784179999999999e+001	
  5.0477000000000000e+009	 -2.0722660000000001e+001	
  5.0498000000000000e+009	 -2.0819330000000001e+001	
  5.0519000000000000e+009	 -2.0911130000000000e+001	
  5.0540000000000000e+009	 -2.0944330000000001e+001	
  5.0561000000000000e+009	 -2.1078119999999998e+001	
  5.0582000000000000e+009	 -2.1196290000000001e+001	
  5.0603000000000000e+009	 -2.1393550000000001e+001	
  5.0624000000000000e+009	 -2.1570309999999999e+001	
  5.0645000000000000e+009	 -2.1833980000000000e+001	
  5.0666000000000000e+009	 -2.2101559999999999e+001	
  5.0687000000000000e+009	 -2.2344729999999998e+001	
  5.0708000000000000e+009	 -2.2630859999999998e+001	
  5.0729000000000000e+009	 -2.2946290000000001e+001	
  5.0750000000000000e+009	 -2.3166989999999998e+001	
  5.0771000000000000e+009	 -2.3423829999999999e+001	
  5.0792000000000000e+009	 -2.3626950000000001e+001	
  5.0813000000000000e+009	 -2.3722650000000002e+001	
  5.0834000000000000e+009	 -2.3793949999999999e+001	
  5.0855000000000000e+009	 -2.3852540000000001e+001	
  5.0876000000000000e+009	 -2.3909179999999999e+001	
  5.0897000000000000e+009	 -2.3740230000000000e+001	
  5.0918000000000000e+009	 -2.3720700000000001e+001	
  5.0939000000000000e+009	 -2.3604489999999998e+001	
  5.0960000000000000e+009	 -2.3438479999999998e+001	
  5.0981000000000000e+009	 -2.3240230000000000e+001	
  5.1002000000000000e+009	 -2.3048829999999999e+001	
  5.1023000000000000e+009	 -2.2772459999999999e+001	
  5.1044000000000000e+009	 -2.2569340000000000e+001	
  5.1065000000000000e+009	 -2.2291020000000000e+001	
  5.1086000000000000e+009	 -2.2125969999999999e+001	
  5.1107000000000000e+009	 -2.2024410000000000e+001	
  5.1128000000000000e+009	 -2.1902339999999999e+001	
  5.1149000000000000e+009	 -2.1876950000000001e+001	
  5.1170000000000000e+009	 -2.1887689999999999e+001	
  5.1191000000000000e+009	 -2.1921869999999998e+001	
  5.1212000000000000e+009	 -2.2121089999999999e+001	
  5.1233000000000000e+009	 -2.2379880000000000e+001	
  5.1254000000000000e+009	 -2.2608400000000000e+001	
  5.1275000000000000e+009	 -2.2908200000000001e+001	
  5.1296000000000000e+009	 -2.3250979999999998e+001	
  5.1317000000000000e+009	 -2.3567380000000000e+001	
  5.1338000000000000e+009	 -2.3922850000000000e+001	
  5.1359000000000000e+009	 -2.4168939999999999e+001	
  5.1380000000000000e+009	 -2.4487300000000001e+001	
  5.1401000000000000e+009	 -2.4728510000000000e+001	
  5.1422000000000000e+009	 -2.4910150000000002e+001	
  5.1443000000000000e+009	 -2.5039059999999999e+001	
  5.1464000000000000e+009	 -2.5140619999999998e+001	
  5.1485000000000000e+009	 -2.5143550000000001e+001	
  5.1506000000000000e+009	 -2.5055660000000000e+001	
  5.1527000000000000e+009	 -2.4971679999999999e+001	
  5.1548000000000000e+009	 -2.4818359999999998e+001	
  5.1569000000000000e+009	 -2.4592770000000002e+001	
  5.1590000000000000e+009	 -2.4304690000000001e+001	
  5.1611000000000000e+009	 -2.4009760000000000e+001	
  5.1632000000000000e+009	 -2.3710940000000001e+001	
  5.1653000000000000e+009	 -2.3413090000000000e+001	
  5.1674000000000000e+009	 -2.3113280000000000e+001	
  5.1695000000000000e+009	 -2.2835940000000001e+001	
  5.1716000000000000e+009	 -2.2637699999999999e+001	
  5.1737000000000000e+009	 -2.2495120000000000e+001	
  5.1758000000000000e+009	 -2.2415040000000001e+001	
  5.1779000000000000e+009	 -2.2466799999999999e+001	
  5.1800000000000000e+009	 -2.2564450000000001e+001	
