  4.5000000000000000e+009	 -2.3635739999999998e+001	
  4.5010000000000000e+009	 -2.3635739999999998e+001	
  4.5020000000000000e+009	 -2.3577150000000000e+001	
  4.5030000000000000e+009	 -2.3546869999999998e+001	
  4.5040000000000000e+009	 -2.3533200000000001e+001	
  4.5050000000000000e+009	 -2.3526370000000000e+001	
  4.5060000000000000e+009	 -2.3521490000000000e+001	
  4.5070000000000000e+009	 -2.3553709999999999e+001	
  4.5080000000000000e+009	 -2.3624020000000002e+001	
  4.5090000000000000e+009	 -2.3697270000000000e+001	
  4.5100000000000000e+009	 -2.3772459999999999e+001	
  4.5110000000000000e+009	 -2.3857420000000001e+001	
  4.5120000000000000e+009	 -2.3933589999999999e+001	
  4.5130000000000000e+009	 -2.4041010000000000e+001	
  4.5140000000000000e+009	 -2.4144530000000000e+001	
  4.5150000000000000e+009	 -2.4276370000000000e+001	
  4.5160000000000000e+009	 -2.4355470000000000e+001	
  4.5170000000000000e+009	 -2.4375969999999999e+001	
  4.5180000000000000e+009	 -2.4466799999999999e+001	
  4.5190000000000000e+009	 -2.4536130000000000e+001	
  4.5200000000000000e+009	 -2.4633790000000001e+001	
  4.5210000000000000e+009	 -2.4621089999999999e+001	
  4.5220000000000000e+009	 -2.4707030000000000e+001	
  4.5230000000000000e+009	 -2.4692380000000000e+001	
  4.5240000000000000e+009	 -2.4627929999999999e+001	
  4.5250000000000000e+009	 -2.4664059999999999e+001	
  4.5260000000000000e+009	 -2.4548829999999999e+001	
  4.5270000000000000e+009	 -2.4456050000000001e+001	
  4.5280000000000000e+009	 -2.4423829999999999e+001	
  4.5290000000000000e+009	 -2.4328119999999998e+001	
  4.5300000000000000e+009	 -2.4332999999999998e+001	
  4.5310000000000000e+009	 -2.4453130000000002e+001	
  4.5320000000000000e+009	 -2.4844719999999999e+001	
  4.5330000000000000e+009	 -2.5493160000000000e+001	
  4.5340000000000000e+009	 -2.6462890000000002e+001	
  4.5350000000000000e+009	 -2.7507809999999999e+001	
  4.5360000000000000e+009	 -2.8365230000000000e+001	
  4.5370000000000000e+009	 -2.8890619999999998e+001	
  4.5380000000000000e+009	 -2.9087890000000002e+001	
  4.5390000000000000e+009	 -2.8928709999999999e+001	
  4.5400000000000000e+009	 -2.8669920000000001e+001	
  4.5410000000000000e+009	 -2.8389640000000000e+001	
  4.5420000000000000e+009	 -2.8038080000000001e+001	
  4.5430000000000000e+009	 -2.7736329999999999e+001	
  4.5440000000000000e+009	 -2.7387699999999999e+001	
  4.5450000000000000e+009	 -2.7117190000000001e+001	
  4.5460000000000000e+009	 -2.6801760000000002e+001	
  4.5470000000000000e+009	 -2.6500000000000000e+001	
  4.5480000000000000e+009	 -2.6291989999999998e+001	
  4.5490000000000000e+009	 -2.6011710000000001e+001	
  4.5500000000000000e+009	 -2.5786130000000000e+001	
  4.5510000000000000e+009	 -2.5547850000000000e+001	
  4.5520000000000000e+009	 -2.5332999999999998e+001	
  4.5530000000000000e+009	 -2.5158200000000001e+001	
  4.5540000000000000e+009	 -2.4994140000000002e+001	
  4.5550000000000000e+009	 -2.4833980000000000e+001	
  4.5560000000000000e+009	 -2.4673819999999999e+001	
  4.5570000000000000e+009	 -2.4541020000000000e+001	
  4.5580000000000000e+009	 -2.4433589999999999e+001	
  4.5590000000000000e+009	 -2.4357420000000001e+001	
  4.5600000000000000e+009	 -2.4310549999999999e+001	
  4.5610000000000000e+009	 -2.4250000000000000e+001	
  4.5620000000000000e+009	 -2.4208010000000002e+001	
  4.5630000000000000e+009	 -2.4219719999999999e+001	
  4.5640000000000000e+009	 -2.4205069999999999e+001	
  4.5650000000000000e+009	 -2.4223630000000000e+001	
  4.5660000000000000e+009	 -2.4188479999999998e+001	
  4.5670000000000000e+009	 -2.4267579999999999e+001	
  4.5680000000000000e+009	 -2.4264650000000000e+001	
  4.5690000000000000e+009	 -2.4348630000000000e+001	
  4.5700000000000000e+009	 -2.4364260000000002e+001	
  4.5710000000000000e+009	 -2.4460940000000001e+001	
  4.5720000000000000e+009	 -2.4499020000000002e+001	
  4.5730000000000000e+009	 -2.4600580000000001e+001	
  4.5740000000000000e+009	 -2.4703119999999998e+001	
  4.5750000000000000e+009	 -2.4815429999999999e+001	
  4.5760000000000000e+009	 -2.4899410000000000e+001	
  4.5770000000000000e+009	 -2.4982420000000001e+001	
  4.5780000000000000e+009	 -2.5083980000000000e+001	
  4.5790000000000000e+009	 -2.5184570000000001e+001	
  4.5800000000000000e+009	 -2.5294920000000001e+001	
  4.5810000000000000e+009	 -2.5404299999999999e+001	
  4.5820000000000000e+009	 -2.5465820000000001e+001	
  4.5830000000000000e+009	 -2.5573239999999998e+001	
  4.5840000000000000e+009	 -2.5627929999999999e+001	
  4.5850000000000000e+009	 -2.5726559999999999e+001	
  4.5860000000000000e+009	 -2.5774410000000000e+001	
  4.5870000000000000e+009	 -2.5822260000000000e+001	
  4.5880000000000000e+009	 -2.5799800000000001e+001	
  4.5890000000000000e+009	 -2.5865230000000000e+001	
  4.5900000000000000e+009	 -2.5907229999999998e+001	
  4.5910000000000000e+009	 -2.5917970000000000e+001	
  4.5920000000000000e+009	 -2.5865230000000000e+001	
  4.5930000000000000e+009	 -2.5784179999999999e+001	
  4.5940000000000000e+009	 -2.5829100000000000e+001	
  4.5950000000000000e+009	 -2.5808589999999999e+001	
  4.5960000000000000e+009	 -2.5721679999999999e+001	
  4.5970000000000000e+009	 -2.5594729999999998e+001	
  4.5980000000000000e+009	 -2.5579100000000000e+001	
  4.5990000000000000e+009	 -2.5529290000000000e+001	
  4.6000000000000000e+009	 -2.5417970000000000e+001	
  4.6010000000000000e+009	 -2.5301760000000002e+001	
  4.6020000000000000e+009	 -2.5169920000000001e+001	
  4.6030000000000000e+009	 -2.5058589999999999e+001	
  4.6040000000000000e+009	 -2.4940429999999999e+001	
  4.6050000000000000e+009	 -2.4813479999999998e+001	
  4.6060000000000000e+009	 -2.4706050000000001e+001	
  4.6070000000000000e+009	 -2.4541020000000000e+001	
  4.6080000000000000e+009	 -2.4400390000000002e+001	
  4.6090000000000000e+009	 -2.4243160000000000e+001	
  4.6100000000000000e+009	 -2.4098630000000000e+001	
  4.6110000000000000e+009	 -2.3953119999999998e+001	
  4.6120000000000000e+009	 -2.3799810000000001e+001	
  4.6130000000000000e+009	 -2.3645510000000002e+001	
  4.6140000000000000e+009	 -2.3515630000000002e+001	
  4.6150000000000000e+009	 -2.3376950000000001e+001	
  4.6160000000000000e+009	 -2.3267579999999999e+001	
  4.6170000000000000e+009	 -2.3197260000000000e+001	
  4.6180000000000000e+009	 -2.3088870000000000e+001	
  4.6190000000000000e+009	 -2.3043939999999999e+001	
  4.6200000000000000e+009	 -2.2987300000000001e+001	
  4.6210000000000000e+009	 -2.2847660000000001e+001	
  4.6220000000000000e+009	 -2.2868160000000000e+001	
  4.6230000000000000e+009	 -2.2804680000000001e+001	
  4.6240000000000000e+009	 -2.2799800000000001e+001	
  4.6250000000000000e+009	 -2.2823239999999998e+001	
  4.6260000000000000e+009	 -2.2879880000000000e+001	
  4.6270000000000000e+009	 -2.2818359999999998e+001	
  4.6280000000000000e+009	 -2.2835940000000001e+001	
  4.6290000000000000e+009	 -2.2848630000000000e+001	
  4.6300000000000000e+009	 -2.2890630000000002e+001	
  4.6310000000000000e+009	 -2.2922850000000000e+001	
  4.6320000000000000e+009	 -2.3040040000000001e+001	
  4.6330000000000000e+009	 -2.3047850000000000e+001	
  4.6340000000000000e+009	 -2.3071290000000001e+001	
  4.6350000000000000e+009	 -2.3127929999999999e+001	
  4.6360000000000000e+009	 -2.3177730000000000e+001	
  4.6370000000000000e+009	 -2.3213870000000000e+001	
  4.6380000000000000e+009	 -2.3234369999999998e+001	
  4.6390000000000000e+009	 -2.3249020000000002e+001	
  4.6400000000000000e+009	 -2.3250979999999998e+001	
  4.6410000000000000e+009	 -2.3271480000000000e+001	
  4.6420000000000000e+009	 -2.3270510000000002e+001	
  4.6430000000000000e+009	 -2.3263670000000001e+001	
  4.6440000000000000e+009	 -2.3258790000000001e+001	
  4.6450000000000000e+009	 -2.3253900000000002e+001	
  4.6460000000000000e+009	 -2.3235350000000000e+001	
  4.6470000000000000e+009	 -2.3208990000000000e+001	
  4.6480000000000000e+009	 -2.3154299999999999e+001	
  4.6490000000000000e+009	 -2.3144530000000000e+001	
  4.6500000000000000e+009	 -2.3128910000000001e+001	
  4.6510000000000000e+009	 -2.3092770000000002e+001	
  4.6520000000000000e+009	 -2.3021480000000000e+001	
  4.6530000000000000e+009	 -2.2925780000000000e+001	
  4.6540000000000000e+009	 -2.2905270000000002e+001	
  4.6550000000000000e+009	 -2.2893550000000001e+001	
  4.6560000000000000e+009	 -2.2812500000000000e+001	
  4.6570000000000000e+009	 -2.2834959999999999e+001	
  4.6580000000000000e+009	 -2.2843750000000000e+001	
  4.6590000000000000e+009	 -2.2800780000000000e+001	
  4.6600000000000000e+009	 -2.2748049999999999e+001	
  4.6610000000000000e+009	 -2.2683589999999999e+001	
  4.6620000000000000e+009	 -2.2708980000000000e+001	
  4.6630000000000000e+009	 -2.2699220000000000e+001	
  4.6640000000000000e+009	 -2.2683589999999999e+001	
  4.6650000000000000e+009	 -2.2716790000000000e+001	
  4.6660000000000000e+009	 -2.2661130000000000e+001	
  4.6670000000000000e+009	 -2.2704100000000000e+001	
  4.6680000000000000e+009	 -2.2719729999999998e+001	
  4.6690000000000000e+009	 -2.2707030000000000e+001	
  4.6700000000000000e+009	 -2.2697260000000000e+001	
  4.6710000000000000e+009	 -2.2699220000000000e+001	
  4.6720000000000000e+009	 -2.2713870000000000e+001	
  4.6730000000000000e+009	 -2.2704100000000000e+001	
  4.6740000000000000e+009	 -2.2716790000000000e+001	
  4.6750000000000000e+009	 -2.2697260000000000e+001	
  4.6760000000000000e+009	 -2.2698239999999998e+001	
  4.6770000000000000e+009	 -2.2635739999999998e+001	
  4.6780000000000000e+009	 -2.2595700000000001e+001	
  4.6790000000000000e+009	 -2.2566400000000002e+001	
  4.6800000000000000e+009	 -2.2545900000000000e+001	
  4.6810000000000000e+009	 -2.2469729999999998e+001	
  4.6820000000000000e+009	 -2.2423829999999999e+001	
  4.6830000000000000e+009	 -2.2374020000000002e+001	
  4.6840000000000000e+009	 -2.2280270000000002e+001	
  4.6850000000000000e+009	 -2.2148440000000001e+001	
  4.6860000000000000e+009	 -2.2064450000000001e+001	
  4.6870000000000000e+009	 -2.1879880000000000e+001	
  4.6880000000000000e+009	 -2.1877929999999999e+001	
  4.6890000000000000e+009	 -2.1720700000000001e+001	
  4.6900000000000000e+009	 -2.1590820000000001e+001	
  4.6910000000000000e+009	 -2.1494140000000002e+001	
  4.6920000000000000e+009	 -2.1285160000000001e+001	
  4.6930000000000000e+009	 -2.1167970000000000e+001	
  4.6940000000000000e+009	 -2.0982420000000001e+001	
  4.6950000000000000e+009	 -2.0895499999999998e+001	
  4.6960000000000000e+009	 -2.0729489999999998e+001	
  4.6970000000000000e+009	 -2.0584959999999999e+001	
  4.6980000000000000e+009	 -2.0486329999999999e+001	
  4.6990000000000000e+009	 -2.0352540000000001e+001	
  4.7000000000000000e+009	 -2.0259770000000000e+001	
  4.7010000000000000e+009	 -2.0126950000000001e+001	
  4.7020000000000000e+009	 -2.0093750000000000e+001	
  4.7030000000000000e+009	 -2.0016600000000000e+001	
  4.7040000000000000e+009	 -1.9967770000000002e+001	
  4.7050000000000000e+009	 -1.9920900000000000e+001	
  4.7060000000000000e+009	 -1.9858400000000000e+001	
  4.7070000000000000e+009	 -1.9844729999999998e+001	
  4.7080000000000000e+009	 -1.9832030000000000e+001	
  4.7090000000000000e+009	 -1.9835940000000001e+001	
  4.7100000000000000e+009	 -1.9681640000000002e+001	
  4.7110000000000000e+009	 -1.9729489999999998e+001	
  4.7120000000000000e+009	 -1.9754880000000000e+001	
  4.7130000000000000e+009	 -1.9814450000000001e+001	
  4.7140000000000000e+009	 -1.9882809999999999e+001	
  4.7150000000000000e+009	 -1.9953119999999998e+001	
  4.7160000000000000e+009	 -1.9982420000000001e+001	
  4.7170000000000000e+009	 -2.0044920000000001e+001	
  4.7180000000000000e+009	 -2.0120120000000000e+001	
  4.7190000000000000e+009	 -2.0217770000000002e+001	
  4.7200000000000000e+009	 -2.0265619999999998e+001	
  4.7210000000000000e+009	 -2.0378900000000002e+001	
  4.7220000000000000e+009	 -2.0378900000000002e+001	
  4.7230000000000000e+009	 -2.0503910000000001e+001	
  4.7240000000000000e+009	 -2.0502929999999999e+001	
  4.7250000000000000e+009	 -2.0518560000000001e+001	
  4.7260000000000000e+009	 -2.0614260000000002e+001	
  4.7270000000000000e+009	 -2.0628910000000001e+001	
  4.7280000000000000e+009	 -2.0685540000000000e+001	
  4.7290000000000000e+009	 -2.0674810000000001e+001	
  4.7300000000000000e+009	 -2.0676760000000002e+001	
  4.7310000000000000e+009	 -2.0675780000000000e+001	
  4.7320000000000000e+009	 -2.0668949999999999e+001	
  4.7330000000000000e+009	 -2.0630859999999998e+001	
  4.7340000000000000e+009	 -2.0594729999999998e+001	
  4.7350000000000000e+009	 -2.0530270000000002e+001	
  4.7360000000000000e+009	 -2.0462890000000002e+001	
  4.7370000000000000e+009	 -2.0406250000000000e+001	
  4.7380000000000000e+009	 -2.0324220000000000e+001	
  4.7390000000000000e+009	 -2.0291010000000000e+001	
  4.7400000000000000e+009	 -2.0181640000000002e+001	
  4.7410000000000000e+009	 -2.0093750000000000e+001	
  4.7420000000000000e+009	 -2.0009770000000000e+001	
  4.7430000000000000e+009	 -1.9851559999999999e+001	
  4.7440000000000000e+009	 -1.9763670000000001e+001	
  4.7450000000000000e+009	 -1.9582030000000000e+001	
  4.7460000000000000e+009	 -1.9460940000000001e+001	
  4.7470000000000000e+009	 -1.9267579999999999e+001	
  4.7480000000000000e+009	 -1.9054690000000001e+001	
  4.7490000000000000e+009	 -1.8953119999999998e+001	
  4.7500000000000000e+009	 -1.8775390000000002e+001	
  4.7510000000000000e+009	 -1.8598630000000000e+001	
  4.7520000000000000e+009	 -1.8434570000000001e+001	
  4.7530000000000000e+009	 -1.8331050000000001e+001	
  4.7540000000000000e+009	 -1.8083010000000002e+001	
  4.7550000000000000e+009	 -1.7913080000000001e+001	
  4.7560000000000000e+009	 -1.7674800000000001e+001	
  4.7570000000000000e+009	 -1.7544920000000001e+001	
  4.7580000000000000e+009	 -1.7364260000000002e+001	
  4.7590000000000000e+009	 -1.7197270000000000e+001	
  4.7600000000000000e+009	 -1.7048829999999999e+001	
  4.7610000000000000e+009	 -1.6902339999999999e+001	
  4.7620000000000000e+009	 -1.6726559999999999e+001	
  4.7630000000000000e+009	 -1.6600580000000001e+001	
  4.7640000000000000e+009	 -1.6518550000000001e+001	
  4.7650000000000000e+009	 -1.6409179999999999e+001	
  4.7660000000000000e+009	 -1.6350580000000001e+001	
  4.7670000000000000e+009	 -1.6216799999999999e+001	
  4.7680000000000000e+009	 -1.6192380000000000e+001	
  4.7690000000000000e+009	 -1.6156250000000000e+001	
  4.7700000000000000e+009	 -1.6135739999999998e+001	
  4.7710000000000000e+009	 -1.6127929999999999e+001	
  4.7720000000000000e+009	 -1.6144530000000000e+001	
  4.7730000000000000e+009	 -1.6180660000000000e+001	
  4.7740000000000000e+009	 -1.6204100000000000e+001	
  4.7750000000000000e+009	 -1.6220700000000001e+001	
  4.7760000000000000e+009	 -1.6358400000000000e+001	
  4.7770000000000000e+009	 -1.6347660000000001e+001	
  4.7780000000000000e+009	 -1.6426760000000002e+001	
  4.7790000000000000e+009	 -1.6561520000000002e+001	
  4.7800000000000000e+009	 -1.6585940000000001e+001	
  4.7810000000000000e+009	 -1.6641600000000000e+001	
  4.7820000000000000e+009	 -1.6706050000000001e+001	
  4.7830000000000000e+009	 -1.6762699999999999e+001	
  4.7840000000000000e+009	 -1.6808589999999999e+001	
  4.7850000000000000e+009	 -1.6810549999999999e+001	
  4.7860000000000000e+009	 -1.6912109999999998e+001	
  4.7870000000000000e+009	 -1.6926760000000002e+001	
  4.7880000000000000e+009	 -1.6976559999999999e+001	
  4.7890000000000000e+009	 -1.6962890000000002e+001	
  4.7900000000000000e+009	 -1.6925780000000000e+001	
  4.7910000000000000e+009	 -1.6904299999999999e+001	
  4.7920000000000000e+009	 -1.6841799999999999e+001	
  4.7930000000000000e+009	 -1.6794920000000001e+001	
  4.7940000000000000e+009	 -1.6725590000000000e+001	
  4.7950000000000000e+009	 -1.6651370000000000e+001	
  4.7960000000000000e+009	 -1.6529299999999999e+001	
  4.7970000000000000e+009	 -1.6435549999999999e+001	
  4.7980000000000000e+009	 -1.6284179999999999e+001	
  4.7990000000000000e+009	 -1.6143550000000001e+001	
  4.8000000000000000e+009	 -1.5970210000000000e+001	
  4.8010000000000000e+009	 -1.5812010000000001e+001	
  4.8020000000000000e+009	 -1.5629880000000000e+001	
  4.8030000000000000e+009	 -1.5425290000000000e+001	
  4.8040000000000000e+009	 -1.5236820000000000e+001	
  4.8050000000000000e+009	 -1.5002929999999999e+001	
  4.8060000000000000e+009	 -1.4826169999999999e+001	
  4.8070000000000000e+009	 -1.4625489999999999e+001	
  4.8080000000000000e+009	 -1.4433109999999999e+001	
  4.8090000000000000e+009	 -1.4160640000000001e+001	
  4.8100000000000000e+009	 -1.3936040000000000e+001	
  4.8110000000000000e+009	 -1.3769040000000000e+001	
  4.8120000000000000e+009	 -1.3540039999999999e+001	
  4.8130000000000000e+009	 -1.3468260000000001e+001	
  4.8140000000000000e+009	 -1.3235840000000000e+001	
  4.8150000000000000e+009	 -1.3006349999999999e+001	
  4.8160000000000000e+009	 -1.2858400000000000e+001	
  4.8170000000000000e+009	 -1.2721679999999999e+001	
  4.8180000000000000e+009	 -1.2561040000000000e+001	
  4.8190000000000000e+009	 -1.2433109999999999e+001	
  4.8200000000000000e+009	 -1.2376460000000000e+001	
  4.8210000000000000e+009	 -1.2182620000000000e+001	
  4.8220000000000000e+009	 -1.2143070000000000e+001	
  4.8230000000000000e+009	 -1.2028810000000000e+001	
  4.8240000000000000e+009	 -1.1945800000000000e+001	
  4.8250000000000000e+009	 -1.1858400000000000e+001	
  4.8260000000000000e+009	 -1.1771000000000001e+001	
  4.8270000000000000e+009	 -1.1722170000000000e+001	
  4.8280000000000000e+009	 -1.1623049999999999e+001	
  4.8290000000000000e+009	 -1.1534179999999999e+001	
  4.8300000000000000e+009	 -1.1472659999999999e+001	
  4.8310000000000000e+009	 -1.1387210000000000e+001	
  4.8320000000000000e+009	 -1.1301760000000000e+001	
  4.8330000000000000e+009	 -1.1200680000000000e+001	
  4.8340000000000000e+009	 -1.1059570000000001e+001	
  4.8350000000000000e+009	 -1.0987790000000000e+001	
  4.8360000000000000e+009	 -1.0863280000000000e+001	
  4.8370000000000000e+009	 -1.0731930000000000e+001	
  4.8380000000000000e+009	 -1.0664059999999999e+001	
  4.8390000000000000e+009	 -1.0541020000000000e+001	
  4.8400000000000000e+009	 -1.0371090000000001e+001	
  4.8410000000000000e+009	 -1.0293460000000000e+001	
  4.8420000000000000e+009	 -1.0129880000000000e+001	
  4.8430000000000000e+009	 -9.9965820000000001e+000	
  4.8440000000000000e+009	 -9.8291020000000007e+000	
  4.8450000000000000e+009	 -9.7236329999999995e+000	
  4.8460000000000000e+009	 -9.5068359999999998e+000	
  4.8470000000000000e+009	 -9.3686520000000009e+000	
  4.8480000000000000e+009	 -9.2490229999999993e+000	
  4.8490000000000000e+009	 -9.1547850000000004e+000	
  4.8500000000000000e+009	 -8.9750979999999991e+000	
  4.8510000000000000e+009	 -8.8017579999999995e+000	
  4.8520000000000000e+009	 -8.6816410000000008e+000	
  4.8530000000000000e+009	 -8.6005859999999998e+000	
  4.8540000000000000e+009	 -8.4775390000000002e+000	
  4.8550000000000000e+009	 -8.3579100000000004e+000	
  4.8560000000000000e+009	 -8.2319340000000008e+000	
  4.8570000000000000e+009	 -8.1293950000000006e+000	
  4.8580000000000000e+009	 -8.0200200000000006e+000	
  4.8590000000000000e+009	 -7.9130859999999998e+000	
  4.8600000000000000e+009	 -7.8242190000000003e+000	
  4.8610000000000000e+009	 -7.6865230000000002e+000	
  4.8620000000000000e+009	 -7.6437989999999996e+000	
  4.8630000000000000e+009	 -7.4936520000000000e+000	
  4.8640000000000000e+009	 -7.3937989999999996e+000	
  4.8650000000000000e+009	 -7.3022460000000002e+000	
  4.8660000000000000e+009	 -7.2336429999999998e+000	
  4.8670000000000000e+009	 -7.1154789999999997e+000	
  4.8680000000000000e+009	 -7.0234379999999996e+000	
  4.8690000000000000e+009	 -6.9951169999999996e+000	
  4.8700000000000000e+009	 -6.8781739999999996e+000	
  4.8710000000000000e+009	 -6.7592770000000000e+000	
  4.8720000000000000e+009	 -6.6975100000000003e+000	
  4.8730000000000000e+009	 -6.6130370000000003e+000	
  4.8740000000000000e+009	 -6.5754390000000003e+000	
  4.8750000000000000e+009	 -6.5070800000000002e+000	
  4.8760000000000000e+009	 -6.4958499999999999e+000	
  4.8770000000000000e+009	 -6.4558109999999997e+000	
  4.8780000000000000e+009	 -6.4880370000000003e+000	
  4.8790000000000000e+009	 -6.4875489999999996e+000	
  4.8800000000000000e+009	 -6.5441890000000003e+000	
  4.8810000000000000e+009	 -6.5605469999999997e+000	
  4.8820000000000000e+009	 -6.6289059999999997e+000	
  4.8830000000000000e+009	 -6.7165530000000002e+000	
  4.8840000000000000e+009	 -6.8249510000000004e+000	
  4.8850000000000000e+009	 -6.9233399999999996e+000	
  4.8860000000000000e+009	 -7.0505370000000003e+000	
  4.8870000000000000e+009	 -7.0942379999999998e+000	
  4.8880000000000000e+009	 -7.2421879999999996e+000	
  4.8890000000000000e+009	 -7.4194339999999999e+000	
  4.8900000000000000e+009	 -7.5053710000000002e+000	
  4.8910000000000000e+009	 -7.6032710000000003e+000	
  4.8920000000000000e+009	 -7.7648929999999998e+000	
  4.8930000000000000e+009	 -7.8159179999999999e+000	
  4.8940000000000000e+009	 -7.8898929999999998e+000	
  4.8950000000000000e+009	 -8.0224609999999998e+000	
  4.8960000000000000e+009	 -8.1000979999999991e+000	
  4.8970000000000000e+009	 -8.1796880000000005e+000	
  4.8980000000000000e+009	 -8.2651369999999993e+000	
  4.8990000000000000e+009	 -8.3657229999999991e+000	
  4.9000000000000000e+009	 -8.4287109999999998e+000	
  4.9010000000000000e+009	 -8.4877929999999999e+000	
  4.9020000000000000e+009	 -8.5673829999999995e+000	
  4.9030000000000000e+009	 -8.5761719999999997e+000	
  4.9040000000000000e+009	 -8.6430659999999992e+000	
  4.9050000000000000e+009	 -8.7177729999999993e+000	
  4.9060000000000000e+009	 -8.8120119999999993e+000	
  4.9070000000000000e+009	 -8.8681640000000002e+000	
  4.9080000000000000e+009	 -8.9653320000000001e+000	
  4.9090000000000000e+009	 -9.0498049999999992e+000	
  4.9100000000000000e+009	 -9.1430659999999992e+000	
  4.9110000000000000e+009	 -9.2421880000000005e+000	
  4.9120000000000000e+009	 -9.3666990000000006e+000	
  4.9130000000000000e+009	 -9.5083009999999994e+000	
  4.9140000000000000e+009	 -9.6850590000000008e+000	
  4.9150000000000000e+009	 -9.7900390000000002e+000	
  4.9160000000000000e+009	 -9.9174799999999994e+000	
  4.9170000000000000e+009	 -1.0141600000000000e+001	
  4.9180000000000000e+009	 -1.0306150000000001e+001	
  4.9190000000000000e+009	 -1.0562989999999999e+001	
  4.9200000000000000e+009	 -1.0701660000000000e+001	
  4.9210000000000000e+009	 -1.0953609999999999e+001	
  4.9220000000000000e+009	 -1.1173830000000001e+001	
  4.9230000000000000e+009	 -1.1379880000000000e+001	
  4.9240000000000000e+009	 -1.1637210000000000e+001	
  4.9250000000000000e+009	 -1.1895510000000000e+001	
  4.9260000000000000e+009	 -1.2097170000000000e+001	
  4.9270000000000000e+009	 -1.2384280000000000e+001	
  4.9280000000000000e+009	 -1.2597170000000000e+001	
  4.9290000000000000e+009	 -1.2888669999999999e+001	
  4.9300000000000000e+009	 -1.3123049999999999e+001	
  4.9310000000000000e+009	 -1.3367190000000001e+001	
  4.9320000000000000e+009	 -1.3603999999999999e+001	
  4.9330000000000000e+009	 -1.3851559999999999e+001	
  4.9340000000000000e+009	 -1.4076169999999999e+001	
  4.9350000000000000e+009	 -1.4328609999999999e+001	
  4.9360000000000000e+009	 -1.4538570000000000e+001	
  4.9370000000000000e+009	 -1.4744630000000001e+001	
  4.9380000000000000e+009	 -1.5012700000000001e+001	
  4.9390000000000000e+009	 -1.5177250000000001e+001	
  4.9400000000000000e+009	 -1.5345210000000000e+001	
  4.9410000000000000e+009	 -1.5552250000000001e+001	
  4.9420000000000000e+009	 -1.5725099999999999e+001	
  4.9430000000000000e+009	 -1.5873049999999999e+001	
  4.9440000000000000e+009	 -1.6034179999999999e+001	
  4.9450000000000000e+009	 -1.6189450000000001e+001	
  4.9460000000000000e+009	 -1.6318359999999998e+001	
  4.9470000000000000e+009	 -1.6393550000000001e+001	
  4.9480000000000000e+009	 -1.6548829999999999e+001	
  4.9490000000000000e+009	 -1.6667970000000000e+001	
  4.9500000000000000e+009	 -1.6681640000000002e+001	
  4.9510000000000000e+009	 -1.6816410000000001e+001	
  4.9520000000000000e+009	 -1.6801760000000002e+001	
  4.9530000000000000e+009	 -1.6909179999999999e+001	
  4.9540000000000000e+009	 -1.6973630000000000e+001	
  4.9550000000000000e+009	 -1.6908200000000001e+001	
  4.9560000000000000e+009	 -1.6948239999999998e+001	
  4.9570000000000000e+009	 -1.7015619999999998e+001	
  4.9580000000000000e+009	 -1.6971679999999999e+001	
  4.9590000000000000e+009	 -1.6980470000000000e+001	
  4.9600000000000000e+009	 -1.6955079999999999e+001	
  4.9610000000000000e+009	 -1.6960940000000001e+001	
  4.9620000000000000e+009	 -1.6939450000000001e+001	
  4.9630000000000000e+009	 -1.6893550000000001e+001	
  4.9640000000000000e+009	 -1.6875979999999998e+001	
  4.9650000000000000e+009	 -1.6798829999999999e+001	
  4.9660000000000000e+009	 -1.6807620000000000e+001	
  4.9670000000000000e+009	 -1.6780270000000002e+001	
  4.9680000000000000e+009	 -1.6734369999999998e+001	
  4.9690000000000000e+009	 -1.6719729999999998e+001	
  4.9700000000000000e+009	 -1.6730470000000000e+001	
  4.9710000000000000e+009	 -1.6746089999999999e+001	
  4.9720000000000000e+009	 -1.6727540000000001e+001	
  4.9730000000000000e+009	 -1.6757809999999999e+001	
  4.9740000000000000e+009	 -1.6806640000000002e+001	
  4.9750000000000000e+009	 -1.6883790000000001e+001	
  4.9760000000000000e+009	 -1.6956050000000001e+001	
  4.9770000000000000e+009	 -1.6937500000000000e+001	
  4.9780000000000000e+009	 -1.7069330000000001e+001	
  4.9790000000000000e+009	 -1.7209959999999999e+001	
  4.9800000000000000e+009	 -1.7309570000000001e+001	
  4.9810000000000000e+009	 -1.7329100000000000e+001	
  4.9820000000000000e+009	 -1.7525390000000002e+001	
  4.9830000000000000e+009	 -1.7695309999999999e+001	
  4.9840000000000000e+009	 -1.7905270000000002e+001	
  4.9850000000000000e+009	 -1.8046880000000002e+001	
  4.9860000000000000e+009	 -1.8215820000000001e+001	
  4.9870000000000000e+009	 -1.8502929999999999e+001	
  4.9880000000000000e+009	 -1.8606439999999999e+001	
  4.9890000000000000e+009	 -1.8775390000000002e+001	
  4.9900000000000000e+009	 -1.8992190000000001e+001	
  4.9910000000000000e+009	 -1.9165040000000001e+001	
  4.9920000000000000e+009	 -1.9366209999999999e+001	
  4.9930000000000000e+009	 -1.9544920000000001e+001	
  4.9940000000000000e+009	 -1.9702150000000000e+001	
  4.9950000000000000e+009	 -1.9842770000000002e+001	
  4.9960000000000000e+009	 -2.0012689999999999e+001	
  4.9970000000000000e+009	 -2.0146480000000000e+001	
  4.9980000000000000e+009	 -2.0291989999999998e+001	
  4.9990000000000000e+009	 -2.0408200000000001e+001	
  5.0000000000000000e+009	 -2.0539059999999999e+001	
  5.0010000000000000e+009	 -2.0665040000000001e+001	
  5.0020000000000000e+009	 -2.0749020000000002e+001	
  5.0030000000000000e+009	 -2.0843750000000000e+001	
  5.0040000000000000e+009	 -2.0882809999999999e+001	
  5.0050000000000000e+009	 -2.0936520000000002e+001	
  5.0060000000000000e+009	 -2.1037109999999998e+001	
  5.0070000000000000e+009	 -2.1086910000000000e+001	
  5.0080000000000000e+009	 -2.1097660000000001e+001	
  5.0090000000000000e+009	 -2.1166010000000000e+001	
  5.0100000000000000e+009	 -2.1129880000000000e+001	
  5.0110000000000000e+009	 -2.1151370000000000e+001	
  5.0120000000000000e+009	 -2.1182620000000000e+001	
  5.0130000000000000e+009	 -2.1145510000000002e+001	
  5.0140000000000000e+009	 -2.1131830000000001e+001	
  5.0150000000000000e+009	 -2.1154290000000000e+001	
  5.0160000000000000e+009	 -2.1156250000000000e+001	
  5.0170000000000000e+009	 -2.1187500000000000e+001	
  5.0180000000000000e+009	 -2.1197270000000000e+001	
  5.0190000000000000e+009	 -2.1116209999999999e+001	
  5.0200000000000000e+009	 -2.1098630000000000e+001	
  5.0210000000000000e+009	 -2.1161130000000000e+001	
  5.0220000000000000e+009	 -2.1094729999999998e+001	
  5.0230000000000000e+009	 -2.1109380000000002e+001	
  5.0240000000000000e+009	 -2.1152339999999999e+001	
  5.0250000000000000e+009	 -2.1097660000000001e+001	
  5.0260000000000000e+009	 -2.1107420000000001e+001	
  5.0270000000000000e+009	 -2.1147459999999999e+001	
  5.0280000000000000e+009	 -2.1108400000000000e+001	
  5.0290000000000000e+009	 -2.1140619999999998e+001	
  5.0300000000000000e+009	 -2.1131830000000001e+001	
  5.0310000000000000e+009	 -2.1142579999999999e+001	
  5.0320000000000000e+009	 -2.1143560000000001e+001	
  5.0330000000000000e+009	 -2.1156250000000000e+001	
  5.0340000000000000e+009	 -2.1172850000000000e+001	
  5.0350000000000000e+009	 -2.1196290000000001e+001	
  5.0360000000000000e+009	 -2.1180660000000000e+001	
  5.0370000000000000e+009	 -2.1188469999999999e+001	
  5.0380000000000000e+009	 -2.1244140000000002e+001	
  5.0390000000000000e+009	 -2.1239260000000002e+001	
  5.0400000000000000e+009	 -2.1239260000000002e+001	
  5.0410000000000000e+009	 -2.1243160000000000e+001	
  5.0420000000000000e+009	 -2.1236329999999999e+001	
  5.0430000000000000e+009	 -2.1256830000000001e+001	
  5.0440000000000000e+009	 -2.1269530000000000e+001	
  5.0450000000000000e+009	 -2.1301760000000002e+001	
  5.0460000000000000e+009	 -2.1239260000000002e+001	
  5.0470000000000000e+009	 -2.1285160000000001e+001	
  5.0480000000000000e+009	 -2.1273440000000001e+001	
  5.0490000000000000e+009	 -2.1285160000000001e+001	
  5.0500000000000000e+009	 -2.1344719999999999e+001	
  5.0510000000000000e+009	 -2.1329100000000000e+001	
  5.0520000000000000e+009	 -2.1314450000000001e+001	
  5.0530000000000000e+009	 -2.1433589999999999e+001	
  5.0540000000000000e+009	 -2.1464839999999999e+001	
  5.0550000000000000e+009	 -2.1462890000000002e+001	
  5.0560000000000000e+009	 -2.1513670000000001e+001	
  5.0570000000000000e+009	 -2.1591799999999999e+001	
  5.0580000000000000e+009	 -2.1576170000000001e+001	
  5.0590000000000000e+009	 -2.1662109999999998e+001	
  5.0600000000000000e+009	 -2.1782229999999998e+001	
  5.0610000000000000e+009	 -2.1866209999999999e+001	
  5.0620000000000000e+009	 -2.1928709999999999e+001	
  5.0630000000000000e+009	 -2.2055660000000000e+001	
  5.0640000000000000e+009	 -2.2155270000000002e+001	
  5.0650000000000000e+009	 -2.2306640000000002e+001	
  5.0660000000000000e+009	 -2.2400390000000002e+001	
  5.0670000000000000e+009	 -2.2523440000000001e+001	
  5.0680000000000000e+009	 -2.2682610000000000e+001	
  5.0690000000000000e+009	 -2.2732420000000001e+001	
  5.0700000000000000e+009	 -2.2875979999999998e+001	
  5.0710000000000000e+009	 -2.3016600000000000e+001	
  5.0720000000000000e+009	 -2.3157219999999999e+001	
  5.0730000000000000e+009	 -2.3281250000000000e+001	
  5.0740000000000000e+009	 -2.3416989999999998e+001	
  5.0750000000000000e+009	 -2.3537109999999998e+001	
  5.0760000000000000e+009	 -2.3631830000000001e+001	
  5.0770000000000000e+009	 -2.3720700000000001e+001	
  5.0780000000000000e+009	 -2.3822260000000000e+001	
  5.0790000000000000e+009	 -2.3880859999999998e+001	
  5.0800000000000000e+009	 -2.3982420000000001e+001	
  5.0810000000000000e+009	 -2.4008790000000001e+001	
  5.0820000000000000e+009	 -2.4098630000000000e+001	
  5.0830000000000000e+009	 -2.4228520000000000e+001	
  5.0840000000000000e+009	 -2.4120120000000000e+001	
  5.0850000000000000e+009	 -2.4252929999999999e+001	
  5.0860000000000000e+009	 -2.4219719999999999e+001	
  5.0870000000000000e+009	 -2.4249020000000002e+001	
  5.0880000000000000e+009	 -2.4199220000000000e+001	
  5.0890000000000000e+009	 -2.4238280000000000e+001	
  5.0900000000000000e+009	 -2.4175780000000000e+001	
  5.0910000000000000e+009	 -2.4070309999999999e+001	
  5.0920000000000000e+009	 -2.4129880000000000e+001	
  5.0930000000000000e+009	 -2.4038090000000000e+001	
  5.0940000000000000e+009	 -2.3947260000000000e+001	
  5.0950000000000000e+009	 -2.3843750000000000e+001	
  5.0960000000000000e+009	 -2.3785160000000001e+001	
  5.0970000000000000e+009	 -2.3651370000000000e+001	
  5.0980000000000000e+009	 -2.3566400000000002e+001	
  5.0990000000000000e+009	 -2.3445309999999999e+001	
  5.1000000000000000e+009	 -2.3338870000000000e+001	
  5.1010000000000000e+009	 -2.3248049999999999e+001	
  5.1020000000000000e+009	 -2.3141600000000000e+001	
  5.1030000000000000e+009	 -2.2992190000000001e+001	
  5.1040000000000000e+009	 -2.2880859999999998e+001	
  5.1050000000000000e+009	 -2.2762689999999999e+001	
  5.1060000000000000e+009	 -2.2706060000000001e+001	
  5.1070000000000000e+009	 -2.2561520000000002e+001	
  5.1080000000000000e+009	 -2.2457999999999998e+001	
  5.1090000000000000e+009	 -2.2344729999999998e+001	
  5.1100000000000000e+009	 -2.2274410000000000e+001	
  5.1110000000000000e+009	 -2.2198239999999998e+001	
  5.1120000000000000e+009	 -2.2153320000000001e+001	
  5.1130000000000000e+009	 -2.2083980000000000e+001	
  5.1140000000000000e+009	 -2.2040040000000001e+001	
  5.1150000000000000e+009	 -2.2089839999999999e+001	
  5.1160000000000000e+009	 -2.2094729999999998e+001	
  5.1170000000000000e+009	 -2.2136720000000000e+001	
  5.1180000000000000e+009	 -2.2127929999999999e+001	
  5.1190000000000000e+009	 -2.2147459999999999e+001	
  5.1200000000000000e+009	 -2.2254880000000000e+001	
  5.1210000000000000e+009	 -2.2299800000000001e+001	
  5.1220000000000000e+009	 -2.2477540000000001e+001	
  5.1230000000000000e+009	 -2.2536130000000000e+001	
  5.1240000000000000e+009	 -2.2652339999999999e+001	
  5.1250000000000000e+009	 -2.2807620000000000e+001	
  5.1260000000000000e+009	 -2.2926749999999998e+001	
  5.1270000000000000e+009	 -2.3067380000000000e+001	
  5.1280000000000000e+009	 -2.3216799999999999e+001	
  5.1290000000000000e+009	 -2.3386720000000000e+001	
  5.1300000000000000e+009	 -2.3550780000000000e+001	
  5.1310000000000000e+009	 -2.3705079999999999e+001	
  5.1320000000000000e+009	 -2.3879880000000000e+001	
  5.1330000000000000e+009	 -2.4013670000000001e+001	
  5.1340000000000000e+009	 -2.4200189999999999e+001	
  5.1350000000000000e+009	 -2.4396480000000000e+001	
  5.1360000000000000e+009	 -2.4526370000000000e+001	
  5.1370000000000000e+009	 -2.4646480000000000e+001	
  5.1380000000000000e+009	 -2.4785160000000001e+001	
  5.1390000000000000e+009	 -2.4926760000000002e+001	
  5.1400000000000000e+009	 -2.5013670000000001e+001	
  5.1410000000000000e+009	 -2.5103510000000000e+001	
  5.1420000000000000e+009	 -2.5282229999999998e+001	
  5.1430000000000000e+009	 -2.5354489999999998e+001	
  5.1440000000000000e+009	 -2.5359369999999998e+001	
  5.1450000000000000e+009	 -2.5388670000000001e+001	
  5.1460000000000000e+009	 -2.5450189999999999e+001	
  5.1470000000000000e+009	 -2.5497070000000001e+001	
  5.1480000000000000e+009	 -2.5455069999999999e+001	
  5.1490000000000000e+009	 -2.5461910000000000e+001	
  5.1500000000000000e+009	 -2.5452150000000000e+001	
  5.1510000000000000e+009	 -2.5435540000000000e+001	
  5.1520000000000000e+009	 -2.5382809999999999e+001	
  5.1530000000000000e+009	 -2.5312500000000000e+001	
  5.1540000000000000e+009	 -2.5250000000000000e+001	
  5.1550000000000000e+009	 -2.5157219999999999e+001	
  5.1560000000000000e+009	 -2.5071290000000001e+001	
  5.1570000000000000e+009	 -2.4991209999999999e+001	
  5.1580000000000000e+009	 -2.4850580000000001e+001	
  5.1590000000000000e+009	 -2.4778320000000001e+001	
  5.1600000000000000e+009	 -2.4621089999999999e+001	
  5.1610000000000000e+009	 -2.4470700000000001e+001	
  5.1620000000000000e+009	 -2.4335940000000001e+001	
  5.1630000000000000e+009	 -2.4190429999999999e+001	
  5.1640000000000000e+009	 -2.4056640000000002e+001	
  5.1650000000000000e+009	 -2.3879880000000000e+001	
  5.1660000000000000e+009	 -2.3775390000000002e+001	
  5.1670000000000000e+009	 -2.3650390000000002e+001	
  5.1680000000000000e+009	 -2.3515630000000002e+001	
  5.1690000000000000e+009	 -2.3419920000000001e+001	
  5.1700000000000000e+009	 -2.3354489999999998e+001	
  5.1710000000000000e+009	 -2.3319330000000001e+001	
  5.1720000000000000e+009	 -2.3262699999999999e+001	
  5.1730000000000000e+009	 -2.3223630000000000e+001	
  5.1740000000000000e+009	 -2.3202150000000000e+001	
  5.1750000000000000e+009	 -2.3292970000000000e+001	
  5.1760000000000000e+009	 -2.3246089999999999e+001	
  5.1770000000000000e+009	 -2.3240230000000000e+001	
  5.1780000000000000e+009	 -2.3258790000000001e+001	
  5.1790000000000000e+009	 -2.3266600000000000e+001	
  5.1800000000000000e+009	 -2.3324220000000000e+001	
  5.1810000000000000e+009	 -2.3376950000000001e+001	
  5.1820000000000000e+009	 -2.3443359999999998e+001	
  5.1830000000000000e+009	 -2.3442380000000000e+001	
  5.1840000000000000e+009	 -2.3551749999999998e+001	
  5.1850000000000000e+009	 -2.3674800000000001e+001	
  5.1860000000000000e+009	 -2.3780270000000002e+001	
  5.1870000000000000e+009	 -2.3825189999999999e+001	
  5.1880000000000000e+009	 -2.3957030000000000e+001	
  5.1890000000000000e+009	 -2.4056640000000002e+001	
  5.1900000000000000e+009	 -2.4145510000000002e+001	
  5.1910000000000000e+009	 -2.4257809999999999e+001	
  5.1920000000000000e+009	 -2.4322260000000000e+001	
  5.1930000000000000e+009	 -2.4450189999999999e+001	
  5.1940000000000000e+009	 -2.4577150000000000e+001	
  5.1950000000000000e+009	 -2.4668939999999999e+001	
  5.1960000000000000e+009	 -2.4774410000000000e+001	
  5.1970000000000000e+009	 -2.4867190000000001e+001	
  5.1980000000000000e+009	 -2.4957999999999998e+001	
  5.1990000000000000e+009	 -2.5038080000000001e+001	
  5.2000000000000000e+009	 -2.5133790000000001e+001	
  5.2010000000000000e+009	 -2.5153320000000001e+001	
  5.2020000000000000e+009	 -2.5229489999999998e+001	
  5.2030000000000000e+009	 -2.5320309999999999e+001	
  5.2040000000000000e+009	 -2.5332999999999998e+001	
  5.2050000000000000e+009	 -2.5423829999999999e+001	
  5.2060000000000000e+009	 -2.5435540000000000e+001	
  5.2070000000000000e+009	 -2.5518550000000001e+001	
  5.2080000000000000e+009	 -2.5539059999999999e+001	
  5.2090000000000000e+009	 -2.5533200000000001e+001	
  5.2100000000000000e+009	 -2.5609369999999998e+001	
  5.2110000000000000e+009	 -2.5611319999999999e+001	
  5.2120000000000000e+009	 -2.5632809999999999e+001	
  5.2130000000000000e+009	 -2.5634770000000000e+001	
  5.2140000000000000e+009	 -2.5684570000000001e+001	
  5.2150000000000000e+009	 -2.5627929999999999e+001	
  5.2160000000000000e+009	 -2.5668949999999999e+001	
  5.2170000000000000e+009	 -2.5611319999999999e+001	
  5.2180000000000000e+009	 -2.5664059999999999e+001	
  5.2190000000000000e+009	 -2.5609369999999998e+001	
  5.2200000000000000e+009	 -2.5564450000000001e+001	
  5.2210000000000000e+009	 -2.5550780000000000e+001	
  5.2220000000000000e+009	 -2.5549800000000001e+001	
  5.2230000000000000e+009	 -2.5466790000000000e+001	
  5.2240000000000000e+009	 -2.5397459999999999e+001	
  5.2250000000000000e+009	 -2.5368160000000000e+001	
  5.2260000000000000e+009	 -2.5293939999999999e+001	
  5.2270000000000000e+009	 -2.5221679999999999e+001	
  5.2280000000000000e+009	 -2.5141600000000000e+001	
  5.2290000000000000e+009	 -2.5024410000000000e+001	
  5.2300000000000000e+009	 -2.4996089999999999e+001	
  5.2310000000000000e+009	 -2.4896480000000000e+001	
  5.2320000000000000e+009	 -2.4767579999999999e+001	
  5.2330000000000000e+009	 -2.4659179999999999e+001	
  5.2340000000000000e+009	 -2.4517569999999999e+001	
  5.2350000000000000e+009	 -2.4415040000000001e+001	
  5.2360000000000000e+009	 -2.4299800000000001e+001	
  5.2370000000000000e+009	 -2.4223630000000000e+001	
  5.2380000000000000e+009	 -2.4040040000000001e+001	
  5.2390000000000000e+009	 -2.3971679999999999e+001	
  5.2400000000000000e+009	 -2.3896480000000000e+001	
  5.2410000000000000e+009	 -2.3743160000000000e+001	
  5.2420000000000000e+009	 -2.3713870000000000e+001	
  5.2430000000000000e+009	 -2.3563479999999998e+001	
  5.2440000000000000e+009	 -2.3489260000000002e+001	
  5.2450000000000000e+009	 -2.3393550000000001e+001	
  5.2460000000000000e+009	 -2.3405270000000002e+001	
  5.2470000000000000e+009	 -2.3364260000000002e+001	
  5.2480000000000000e+009	 -2.3278320000000001e+001	
  5.2490000000000000e+009	 -2.3287109999999998e+001	
  5.2500000000000000e+009	 -2.3248049999999999e+001	
  5.2510000000000000e+009	 -2.3294920000000001e+001	
  5.2520000000000000e+009	 -2.3267579999999999e+001	
  5.2530000000000000e+009	 -2.3356439999999999e+001	
  5.2540000000000000e+009	 -2.3423829999999999e+001	
  5.2550000000000000e+009	 -2.3456050000000001e+001	
  5.2560000000000000e+009	 -2.3530270000000002e+001	
  5.2570000000000000e+009	 -2.3636720000000000e+001	
  5.2580000000000000e+009	 -2.3727540000000001e+001	
  5.2590000000000000e+009	 -2.3825189999999999e+001	
  5.2600000000000000e+009	 -2.3942380000000000e+001	
  5.2610000000000000e+009	 -2.4045900000000000e+001	
  5.2620000000000000e+009	 -2.4111329999999999e+001	
  5.2630000000000000e+009	 -2.4223630000000000e+001	
  5.2640000000000000e+009	 -2.4341790000000000e+001	
  5.2650000000000000e+009	 -2.4476559999999999e+001	
  5.2660000000000000e+009	 -2.4562500000000000e+001	
  5.2670000000000000e+009	 -2.4633790000000001e+001	
  5.2680000000000000e+009	 -2.4810540000000000e+001	
  5.2690000000000000e+009	 -2.4783200000000001e+001	
  5.2700000000000000e+009	 -2.4878900000000002e+001	
  5.2710000000000000e+009	 -2.5021480000000000e+001	
  5.2720000000000000e+009	 -2.5009770000000000e+001	
  5.2730000000000000e+009	 -2.5037109999999998e+001	
  5.2740000000000000e+009	 -2.5120120000000000e+001	
  5.2750000000000000e+009	 -2.5144530000000000e+001	
  5.2760000000000000e+009	 -2.5114249999999998e+001	
  5.2770000000000000e+009	 -2.5143550000000001e+001	
  5.2780000000000000e+009	 -2.5204100000000000e+001	
  5.2790000000000000e+009	 -2.5166020000000000e+001	
  5.2800000000000000e+009	 -2.5160160000000001e+001	
  5.2810000000000000e+009	 -2.5157219999999999e+001	
  5.2820000000000000e+009	 -2.5140619999999998e+001	
  5.2830000000000000e+009	 -2.5072260000000000e+001	
  5.2840000000000000e+009	 -2.5098630000000000e+001	
  5.2850000000000000e+009	 -2.5053709999999999e+001	
  5.2860000000000000e+009	 -2.4945309999999999e+001	
  5.2870000000000000e+009	 -2.4929690000000001e+001	
  5.2880000000000000e+009	 -2.4864249999999998e+001	
  5.2890000000000000e+009	 -2.4824220000000000e+001	
  5.2900000000000000e+009	 -2.4781250000000000e+001	
  5.2910000000000000e+009	 -2.4726559999999999e+001	
  5.2920000000000000e+009	 -2.4674800000000001e+001	
  5.2930000000000000e+009	 -2.4633790000000001e+001	
  5.2940000000000000e+009	 -2.4559570000000001e+001	
  5.2950000000000000e+009	 -2.4530270000000002e+001	
  5.2960000000000000e+009	 -2.4421869999999998e+001	
  5.2970000000000000e+009	 -2.4403320000000001e+001	
  5.2980000000000000e+009	 -2.4348630000000000e+001	
  5.2990000000000000e+009	 -2.4257809999999999e+001	
  5.3000000000000000e+009	 -2.4219719999999999e+001	
