  4.5000000000000000e+009	 -2.4315429999999999e+001	
  4.5013000000000000e+009	 -2.4313469999999999e+001	
  4.5026000000000000e+009	 -2.4211910000000000e+001	
  4.5039000000000000e+009	 -2.4244140000000002e+001	
  4.5052000000000000e+009	 -2.4181640000000002e+001	
  4.5065000000000000e+009	 -2.4301760000000002e+001	
  4.5078000000000000e+009	 -2.4330079999999999e+001	
  4.5091000000000000e+009	 -2.4401360000000000e+001	
  4.5104000000000000e+009	 -2.4468750000000000e+001	
  4.5117000000000000e+009	 -2.4586910000000000e+001	
  4.5130000000000000e+009	 -2.4708980000000000e+001	
  4.5143000000000000e+009	 -2.4852540000000001e+001	
  4.5156000000000000e+009	 -2.4978510000000000e+001	
  4.5169000000000000e+009	 -2.5041010000000000e+001	
  4.5182000000000000e+009	 -2.5196290000000001e+001	
  4.5195000000000000e+009	 -2.5278320000000001e+001	
  4.5208000000000000e+009	 -2.5295900000000000e+001	
  4.5221000000000000e+009	 -2.5400390000000002e+001	
  4.5234000000000000e+009	 -2.5375000000000000e+001	
  4.5247000000000000e+009	 -2.5341799999999999e+001	
  4.5260000000000000e+009	 -2.5378900000000002e+001	
  4.5273000000000000e+009	 -2.5218750000000000e+001	
  4.5286000000000000e+009	 -2.5148430000000001e+001	
  4.5299000000000000e+009	 -2.4949220000000000e+001	
  4.5312000000000000e+009	 -2.4744140000000002e+001	
  4.5325000000000000e+009	 -2.4482420000000001e+001	
  4.5338000000000000e+009	 -2.4099609999999998e+001	
  4.5351000000000000e+009	 -2.3694330000000001e+001	
  4.5364000000000000e+009	 -2.3307610000000000e+001	
  4.5377000000000000e+009	 -2.3047850000000000e+001	
  4.5390000000000000e+009	 -2.3260739999999998e+001	
  4.5403000000000000e+009	 -2.4513670000000001e+001	
  4.5416000000000000e+009	 -2.6920900000000000e+001	
  4.5429000000000000e+009	 -2.9636720000000000e+001	
  4.5442000000000000e+009	 -3.1139650000000000e+001	
  4.5455000000000000e+009	 -3.1038080000000001e+001	
  4.5468000000000000e+009	 -3.0271480000000000e+001	
  4.5481000000000000e+009	 -2.9446290000000001e+001	
  4.5494000000000000e+009	 -2.8664059999999999e+001	
  4.5507000000000000e+009	 -2.8001950000000001e+001	
  4.5520000000000000e+009	 -2.7454100000000000e+001	
  4.5533000000000000e+009	 -2.6998040000000000e+001	
  4.5546000000000000e+009	 -2.6596679999999999e+001	
  4.5559000000000000e+009	 -2.6328130000000002e+001	
  4.5572000000000000e+009	 -2.6015630000000002e+001	
  4.5585000000000000e+009	 -2.5832030000000000e+001	
  4.5598000000000000e+009	 -2.5736329999999999e+001	
  4.5611000000000000e+009	 -2.5513670000000001e+001	
  4.5624000000000000e+009	 -2.5436520000000002e+001	
  4.5637000000000000e+009	 -2.5355470000000000e+001	
  4.5650000000000000e+009	 -2.5337890000000002e+001	
  4.5663000000000000e+009	 -2.5357420000000001e+001	
  4.5676000000000000e+009	 -2.5320309999999999e+001	
  4.5689000000000000e+009	 -2.5347650000000002e+001	
  4.5702000000000000e+009	 -2.5428709999999999e+001	
  4.5715000000000000e+009	 -2.5509760000000000e+001	
  4.5728000000000000e+009	 -2.5542960000000001e+001	
  4.5741000000000000e+009	 -2.5633790000000001e+001	
  4.5754000000000000e+009	 -2.5749020000000002e+001	
  4.5767000000000000e+009	 -2.5857420000000001e+001	
  4.5780000000000000e+009	 -2.5933589999999999e+001	
  4.5793000000000000e+009	 -2.6047850000000000e+001	
  4.5806000000000000e+009	 -2.6127929999999999e+001	
  4.5819000000000000e+009	 -2.6215820000000001e+001	
  4.5832000000000000e+009	 -2.6224609999999998e+001	
  4.5845000000000000e+009	 -2.6322260000000000e+001	
  4.5858000000000000e+009	 -2.6369140000000002e+001	
  4.5871000000000000e+009	 -2.6496089999999999e+001	
  4.5884000000000000e+009	 -2.6443359999999998e+001	
  4.5897000000000000e+009	 -2.6421869999999998e+001	
  4.5910000000000000e+009	 -2.6476559999999999e+001	
  4.5923000000000000e+009	 -2.6478510000000000e+001	
  4.5936000000000000e+009	 -2.6518550000000001e+001	
  4.5949000000000000e+009	 -2.6424800000000001e+001	
  4.5962000000000000e+009	 -2.6333010000000002e+001	
  4.5975000000000000e+009	 -2.6280270000000002e+001	
  4.5988000000000000e+009	 -2.6145510000000002e+001	
  4.6001000000000000e+009	 -2.6057620000000000e+001	
  4.6014000000000000e+009	 -2.5917970000000000e+001	
  4.6027000000000000e+009	 -2.5776370000000000e+001	
  4.6040000000000000e+009	 -2.5633790000000001e+001	
  4.6053000000000000e+009	 -2.5416010000000000e+001	
  4.6066000000000000e+009	 -2.5226559999999999e+001	
  4.6079000000000000e+009	 -2.5066400000000002e+001	
  4.6092000000000000e+009	 -2.4878900000000002e+001	
  4.6105000000000000e+009	 -2.4703119999999998e+001	
  4.6118000000000000e+009	 -2.4525390000000002e+001	
  4.6131000000000000e+009	 -2.4367180000000001e+001	
  4.6144000000000000e+009	 -2.4235350000000000e+001	
  4.6157000000000000e+009	 -2.4064450000000001e+001	
  4.6170000000000000e+009	 -2.3922850000000000e+001	
  4.6183000000000000e+009	 -2.3839839999999999e+001	
  4.6196000000000000e+009	 -2.3709959999999999e+001	
  4.6209000000000000e+009	 -2.3648440000000001e+001	
  4.6222000000000000e+009	 -2.3626950000000001e+001	
  4.6235000000000000e+009	 -2.3670900000000000e+001	
  4.6248000000000000e+009	 -2.3697270000000000e+001	
  4.6261000000000000e+009	 -2.3740230000000000e+001	
  4.6274000000000000e+009	 -2.3647459999999999e+001	
  4.6287000000000000e+009	 -2.3636720000000000e+001	
  4.6300000000000000e+009	 -2.3784179999999999e+001	
  4.6313000000000000e+009	 -2.3786130000000000e+001	
  4.6326000000000000e+009	 -2.3830079999999999e+001	
  4.6339000000000000e+009	 -2.3896480000000000e+001	
  4.6352000000000000e+009	 -2.3981439999999999e+001	
  4.6365000000000000e+009	 -2.4020499999999998e+001	
  4.6378000000000000e+009	 -2.4016600000000000e+001	
  4.6391000000000000e+009	 -2.4063469999999999e+001	
  4.6404000000000000e+009	 -2.4091799999999999e+001	
  4.6417000000000000e+009	 -2.4091799999999999e+001	
  4.6430000000000000e+009	 -2.4061520000000002e+001	
  4.6443000000000000e+009	 -2.4070309999999999e+001	
  4.6456000000000000e+009	 -2.4067380000000000e+001	
  4.6469000000000000e+009	 -2.4028320000000001e+001	
  4.6482000000000000e+009	 -2.3995120000000000e+001	
  4.6495000000000000e+009	 -2.3937500000000000e+001	
  4.6508000000000000e+009	 -2.3913080000000001e+001	
  4.6521000000000000e+009	 -2.3871089999999999e+001	
  4.6534000000000000e+009	 -2.3877929999999999e+001	
  4.6547000000000000e+009	 -2.3799810000000001e+001	
  4.6560000000000000e+009	 -2.3783200000000001e+001	
  4.6573000000000000e+009	 -2.3722650000000002e+001	
  4.6586000000000000e+009	 -2.3695309999999999e+001	
  4.6599000000000000e+009	 -2.3670900000000000e+001	
  4.6612000000000000e+009	 -2.3635739999999998e+001	
  4.6625000000000000e+009	 -2.3650390000000002e+001	
  4.6638000000000000e+009	 -2.3618160000000000e+001	
  4.6651000000000000e+009	 -2.3659179999999999e+001	
  4.6664000000000000e+009	 -2.3673829999999999e+001	
  4.6677000000000000e+009	 -2.3662109999999998e+001	
  4.6690000000000000e+009	 -2.3670900000000000e+001	
  4.6703000000000000e+009	 -2.3694330000000001e+001	
  4.6716000000000000e+009	 -2.3687500000000000e+001	
  4.6729000000000000e+009	 -2.3693359999999998e+001	
  4.6742000000000000e+009	 -2.3697270000000000e+001	
  4.6755000000000000e+009	 -2.3663090000000000e+001	
  4.6768000000000000e+009	 -2.3680660000000000e+001	
  4.6781000000000000e+009	 -2.3623049999999999e+001	
  4.6794000000000000e+009	 -2.3569340000000000e+001	
  4.6807000000000000e+009	 -2.3520510000000002e+001	
  4.6820000000000000e+009	 -2.3459959999999999e+001	
  4.6833000000000000e+009	 -2.3326170000000001e+001	
  4.6846000000000000e+009	 -2.3287109999999998e+001	
  4.6859000000000000e+009	 -2.3169920000000001e+001	
  4.6872000000000000e+009	 -2.2985350000000000e+001	
  4.6885000000000000e+009	 -2.2887689999999999e+001	
  4.6898000000000000e+009	 -2.2716790000000000e+001	
  4.6911000000000000e+009	 -2.2539059999999999e+001	
  4.6924000000000000e+009	 -2.2358400000000000e+001	
  4.6937000000000000e+009	 -2.2242190000000001e+001	
  4.6950000000000000e+009	 -2.2062500000000000e+001	
  4.6963000000000000e+009	 -2.1898440000000001e+001	
  4.6976000000000000e+009	 -2.1743160000000000e+001	
  4.6989000000000000e+009	 -2.1651370000000000e+001	
  4.7002000000000000e+009	 -2.1495120000000000e+001	
  4.7015000000000000e+009	 -2.1413080000000001e+001	
  4.7028000000000000e+009	 -2.1326170000000001e+001	
  4.7041000000000000e+009	 -2.1228510000000000e+001	
  4.7054000000000000e+009	 -2.1181640000000002e+001	
  4.7067000000000000e+009	 -2.1150390000000002e+001	
  4.7080000000000000e+009	 -2.1152339999999999e+001	
  4.7093000000000000e+009	 -2.1139650000000000e+001	
  4.7106000000000000e+009	 -2.0971679999999999e+001	
  4.7119000000000000e+009	 -2.1090820000000001e+001	
  4.7132000000000000e+009	 -2.1129880000000000e+001	
  4.7145000000000000e+009	 -2.1193359999999998e+001	
  4.7158000000000000e+009	 -2.1295900000000000e+001	
  4.7171000000000000e+009	 -2.1415040000000001e+001	
  4.7184000000000000e+009	 -2.1515619999999998e+001	
  4.7197000000000000e+009	 -2.1525390000000002e+001	
  4.7210000000000000e+009	 -2.1698239999999998e+001	
  4.7223000000000000e+009	 -2.1708980000000000e+001	
  4.7236000000000000e+009	 -2.1844729999999998e+001	
  4.7249000000000000e+009	 -2.1910160000000001e+001	
  4.7262000000000000e+009	 -2.1896480000000000e+001	
  4.7275000000000000e+009	 -2.1963870000000000e+001	
  4.7288000000000000e+009	 -2.2024410000000000e+001	
  4.7301000000000000e+009	 -2.2010739999999998e+001	
  4.7314000000000000e+009	 -2.2021480000000000e+001	
  4.7327000000000000e+009	 -2.1999020000000002e+001	
  4.7340000000000000e+009	 -2.1982420000000001e+001	
  4.7353000000000000e+009	 -2.1933589999999999e+001	
  4.7366000000000000e+009	 -2.1877929999999999e+001	
  4.7379000000000000e+009	 -2.1840820000000001e+001	
  4.7392000000000000e+009	 -2.1748049999999999e+001	
  4.7405000000000000e+009	 -2.1614260000000002e+001	
  4.7418000000000000e+009	 -2.1513670000000001e+001	
  4.7431000000000000e+009	 -2.1358400000000000e+001	
  4.7444000000000000e+009	 -2.1236329999999999e+001	
  4.7457000000000000e+009	 -2.1075199999999999e+001	
  4.7470000000000000e+009	 -2.0894530000000000e+001	
  4.7483000000000000e+009	 -2.0760739999999998e+001	
  4.7496000000000000e+009	 -2.0526370000000000e+001	
  4.7509000000000000e+009	 -2.0352540000000001e+001	
  4.7522000000000000e+009	 -2.0102540000000001e+001	
  4.7535000000000000e+009	 -1.9944330000000001e+001	
  4.7548000000000000e+009	 -1.9734369999999998e+001	
  4.7561000000000000e+009	 -1.9580079999999999e+001	
  4.7574000000000000e+009	 -1.9369140000000002e+001	
  4.7587000000000000e+009	 -1.9135739999999998e+001	
  4.7600000000000000e+009	 -1.8963870000000000e+001	
  4.7613000000000000e+009	 -1.8806640000000002e+001	
  4.7626000000000000e+009	 -1.8617190000000001e+001	
  4.7639000000000000e+009	 -1.8581050000000001e+001	
  4.7652000000000000e+009	 -1.8420900000000000e+001	
  4.7665000000000000e+009	 -1.8313469999999999e+001	
  4.7678000000000000e+009	 -1.8233400000000000e+001	
  4.7691000000000000e+009	 -1.8229489999999998e+001	
  4.7704000000000000e+009	 -1.8193359999999998e+001	
  4.7717000000000000e+009	 -1.8182620000000000e+001	
  4.7730000000000000e+009	 -1.8202150000000000e+001	
  4.7743000000000000e+009	 -1.8243160000000000e+001	
  4.7756000000000000e+009	 -1.8304690000000001e+001	
  4.7769000000000000e+009	 -1.8356439999999999e+001	
  4.7782000000000000e+009	 -1.8447270000000000e+001	
  4.7795000000000000e+009	 -1.8555660000000000e+001	
  4.7808000000000000e+009	 -1.8603520000000000e+001	
  4.7821000000000000e+009	 -1.8682620000000000e+001	
  4.7834000000000000e+009	 -1.8822260000000000e+001	
  4.7847000000000000e+009	 -1.8862300000000001e+001	
  4.7860000000000000e+009	 -1.8902339999999999e+001	
  4.7873000000000000e+009	 -1.8949220000000000e+001	
  4.7886000000000000e+009	 -1.8960940000000001e+001	
  4.7899000000000000e+009	 -1.8935549999999999e+001	
  4.7912000000000000e+009	 -1.8952150000000000e+001	
  4.7925000000000000e+009	 -1.8900390000000002e+001	
  4.7938000000000000e+009	 -1.8846679999999999e+001	
  4.7951000000000000e+009	 -1.8831050000000001e+001	
  4.7964000000000000e+009	 -1.8657229999999998e+001	
  4.7977000000000000e+009	 -1.8547850000000000e+001	
  4.7990000000000000e+009	 -1.8411130000000000e+001	
  4.8003000000000000e+009	 -1.8250979999999998e+001	
  4.8016000000000000e+009	 -1.8040040000000001e+001	
  4.8029000000000000e+009	 -1.7817380000000000e+001	
  4.8042000000000000e+009	 -1.7573239999999998e+001	
  4.8055000000000000e+009	 -1.7424800000000001e+001	
  4.8068000000000000e+009	 -1.7092770000000002e+001	
  4.8081000000000000e+009	 -1.6872070000000001e+001	
  4.8094000000000000e+009	 -1.6701170000000001e+001	
  4.8107000000000000e+009	 -1.6403320000000001e+001	
  4.8120000000000000e+009	 -1.6168939999999999e+001	
  4.8133000000000000e+009	 -1.5944340000000000e+001	
  4.8146000000000000e+009	 -1.5683590000000001e+001	
  4.8159000000000000e+009	 -1.5506840000000000e+001	
  4.8172000000000000e+009	 -1.5271480000000000e+001	
  4.8185000000000000e+009	 -1.5124510000000001e+001	
  4.8198000000000000e+009	 -1.4942380000000000e+001	
  4.8211000000000000e+009	 -1.4747560000000000e+001	
  4.8224000000000000e+009	 -1.4659179999999999e+001	
  4.8237000000000000e+009	 -1.4471190000000000e+001	
  4.8250000000000000e+009	 -1.4433590000000001e+001	
  4.8263000000000000e+009	 -1.4267580000000001e+001	
  4.8276000000000000e+009	 -1.4188960000000000e+001	
  4.8289000000000000e+009	 -1.4077150000000000e+001	
  4.8302000000000000e+009	 -1.3973140000000001e+001	
  4.8315000000000000e+009	 -1.3841310000000000e+001	
  4.8328000000000000e+009	 -1.3722659999999999e+001	
  4.8341000000000000e+009	 -1.3587890000000000e+001	
  4.8354000000000000e+009	 -1.3472170000000000e+001	
  4.8367000000000000e+009	 -1.3374510000000001e+001	
  4.8380000000000000e+009	 -1.3248540000000000e+001	
  4.8393000000000000e+009	 -1.3072270000000000e+001	
  4.8406000000000000e+009	 -1.2929200000000000e+001	
  4.8419000000000000e+009	 -1.2786130000000000e+001	
  4.8432000000000000e+009	 -1.2615230000000000e+001	
  4.8445000000000000e+009	 -1.2432130000000001e+001	
  4.8458000000000000e+009	 -1.2254390000000001e+001	
  4.8471000000000000e+009	 -1.2062010000000001e+001	
  4.8484000000000000e+009	 -1.1901859999999999e+001	
  4.8497000000000000e+009	 -1.1663090000000000e+001	
  4.8510000000000000e+009	 -1.1464840000000001e+001	
  4.8523000000000000e+009	 -1.1289550000000000e+001	
  4.8536000000000000e+009	 -1.1078609999999999e+001	
  4.8549000000000000e+009	 -1.0926270000000001e+001	
  4.8562000000000000e+009	 -1.0738280000000000e+001	
  4.8575000000000000e+009	 -1.0558590000000001e+001	
  4.8588000000000000e+009	 -1.0384280000000000e+001	
  4.8601000000000000e+009	 -1.0250000000000000e+001	
  4.8614000000000000e+009	 -1.0041020000000000e+001	
  4.8627000000000000e+009	 -9.9067380000000007e+000	
  4.8640000000000000e+009	 -9.8002929999999999e+000	
  4.8653000000000000e+009	 -9.6225590000000008e+000	
  4.8666000000000000e+009	 -9.4443359999999998e+000	
  4.8679000000000000e+009	 -9.3164060000000006e+000	
  4.8692000000000000e+009	 -9.1235350000000004e+000	
  4.8705000000000000e+009	 -9.0097660000000008e+000	
  4.8718000000000000e+009	 -8.9106450000000006e+000	
  4.8731000000000000e+009	 -8.6782229999999991e+000	
  4.8744000000000000e+009	 -8.5151369999999993e+000	
  4.8757000000000000e+009	 -8.3745119999999993e+000	
  4.8770000000000000e+009	 -8.2583009999999994e+000	
  4.8783000000000000e+009	 -8.1030270000000009e+000	
  4.8796000000000000e+009	 -8.0336909999999992e+000	
  4.8809000000000000e+009	 -7.9108890000000001e+000	
  4.8822000000000000e+009	 -7.8395999999999999e+000	
  4.8835000000000000e+009	 -7.7907710000000003e+000	
  4.8848000000000000e+009	 -7.7839359999999997e+000	
  4.8861000000000000e+009	 -7.7580570000000000e+000	
  4.8874000000000000e+009	 -7.7971190000000004e+000	
  4.8887000000000000e+009	 -7.8332519999999999e+000	
  4.8900000000000000e+009	 -7.9218750000000000e+000	
  4.8913000000000000e+009	 -7.9438480000000000e+000	
  4.8926000000000000e+009	 -8.0107420000000005e+000	
  4.8939000000000000e+009	 -8.0429689999999994e+000	
  4.8952000000000000e+009	 -8.2294920000000005e+000	
  4.8965000000000000e+009	 -8.3325200000000006e+000	
  4.8978000000000000e+009	 -8.4101560000000006e+000	
  4.8991000000000000e+009	 -8.4296880000000005e+000	
  4.9004000000000000e+009	 -8.5317380000000007e+000	
  4.9017000000000000e+009	 -8.6308589999999992e+000	
  4.9030000000000000e+009	 -8.6650390000000002e+000	
  4.9043000000000000e+009	 -8.7187500000000000e+000	
  4.9056000000000000e+009	 -8.7983399999999996e+000	
  4.9069000000000000e+009	 -8.8823240000000006e+000	
  4.9082000000000000e+009	 -8.9790039999999998e+000	
  4.9095000000000000e+009	 -9.0581049999999994e+000	
  4.9108000000000000e+009	 -9.1791990000000006e+000	
  4.9121000000000000e+009	 -9.2807619999999993e+000	
  4.9134000000000000e+009	 -9.4248049999999992e+000	
  4.9147000000000000e+009	 -9.5888670000000005e+000	
  4.9160000000000000e+009	 -9.7456049999999994e+000	
  4.9173000000000000e+009	 -9.9101560000000006e+000	
  4.9186000000000000e+009	 -1.0159670000000000e+001	
  4.9199000000000000e+009	 -1.0455080000000001e+001	
  4.9212000000000000e+009	 -1.0604979999999999e+001	
  4.9225000000000000e+009	 -1.0928710000000001e+001	
  4.9238000000000000e+009	 -1.1148930000000000e+001	
  4.9251000000000000e+009	 -1.1487790000000000e+001	
  4.9264000000000000e+009	 -1.1816409999999999e+001	
  4.9277000000000000e+009	 -1.2085940000000001e+001	
  4.9290000000000000e+009	 -1.2333980000000000e+001	
  4.9303000000000000e+009	 -1.2718750000000000e+001	
  4.9316000000000000e+009	 -1.2990720000000000e+001	
  4.9329000000000000e+009	 -1.3318360000000000e+001	
  4.9342000000000000e+009	 -1.3609380000000000e+001	
  4.9355000000000000e+009	 -1.3893070000000000e+001	
  4.9368000000000000e+009	 -1.4177730000000000e+001	
  4.9381000000000000e+009	 -1.4445309999999999e+001	
  4.9394000000000000e+009	 -1.4688480000000000e+001	
  4.9407000000000000e+009	 -1.4941890000000001e+001	
  4.9420000000000000e+009	 -1.5152340000000001e+001	
  4.9433000000000000e+009	 -1.5382320000000000e+001	
  4.9446000000000000e+009	 -1.5515630000000000e+001	
  4.9459000000000000e+009	 -1.5713870000000000e+001	
  4.9472000000000000e+009	 -1.5853030000000000e+001	
  4.9485000000000000e+009	 -1.5961910000000000e+001	
  4.9498000000000000e+009	 -1.6089839999999999e+001	
  4.9511000000000000e+009	 -1.6182620000000000e+001	
  4.9524000000000000e+009	 -1.6253910000000001e+001	
  4.9537000000000000e+009	 -1.6326170000000001e+001	
  4.9550000000000000e+009	 -1.6396480000000000e+001	
  4.9563000000000000e+009	 -1.6375979999999998e+001	
  4.9576000000000000e+009	 -1.6401370000000000e+001	
  4.9589000000000000e+009	 -1.6381840000000000e+001	
  4.9602000000000000e+009	 -1.6350580000000001e+001	
  4.9615000000000000e+009	 -1.6257809999999999e+001	
  4.9628000000000000e+009	 -1.6262689999999999e+001	
  4.9641000000000000e+009	 -1.6222660000000001e+001	
  4.9654000000000000e+009	 -1.6145510000000002e+001	
  4.9667000000000000e+009	 -1.6077150000000000e+001	
  4.9680000000000000e+009	 -1.6039059999999999e+001	
  4.9693000000000000e+009	 -1.5999510000000001e+001	
  4.9706000000000000e+009	 -1.5981930000000000e+001	
  4.9719000000000000e+009	 -1.5966799999999999e+001	
  4.9732000000000000e+009	 -1.5954100000000000e+001	
  4.9745000000000000e+009	 -1.5988770000000001e+001	
  4.9758000000000000e+009	 -1.6061520000000002e+001	
  4.9771000000000000e+009	 -1.6170900000000000e+001	
  4.9784000000000000e+009	 -1.6238280000000000e+001	
  4.9797000000000000e+009	 -1.6398440000000001e+001	
  4.9810000000000000e+009	 -1.6541989999999998e+001	
  4.9823000000000000e+009	 -1.6698239999999998e+001	
  4.9836000000000000e+009	 -1.7022459999999999e+001	
  4.9849000000000000e+009	 -1.7166010000000000e+001	
  4.9862000000000000e+009	 -1.7466799999999999e+001	
  4.9875000000000000e+009	 -1.7643550000000001e+001	
  4.9888000000000000e+009	 -1.7916010000000000e+001	
  4.9901000000000000e+009	 -1.8115230000000000e+001	
  4.9914000000000000e+009	 -1.8338870000000000e+001	
  4.9927000000000000e+009	 -1.8565429999999999e+001	
  4.9940000000000000e+009	 -1.8814450000000001e+001	
  4.9953000000000000e+009	 -1.9028320000000001e+001	
  4.9966000000000000e+009	 -1.9225590000000000e+001	
  4.9979000000000000e+009	 -1.9402339999999999e+001	
  4.9992000000000000e+009	 -1.9543939999999999e+001	
  5.0005000000000000e+009	 -1.9714839999999999e+001	
  5.0018000000000000e+009	 -1.9793939999999999e+001	
  5.0031000000000000e+009	 -1.9926760000000002e+001	
  5.0044000000000000e+009	 -2.0019530000000000e+001	
  5.0057000000000000e+009	 -2.0104489999999998e+001	
  5.0070000000000000e+009	 -2.0134760000000000e+001	
  5.0083000000000000e+009	 -2.0177730000000000e+001	
  5.0096000000000000e+009	 -2.0242190000000001e+001	
  5.0109000000000000e+009	 -2.0258790000000001e+001	
  5.0122000000000000e+009	 -2.0199220000000000e+001	
  5.0135000000000000e+009	 -2.0210940000000001e+001	
  5.0148000000000000e+009	 -2.0222650000000002e+001	
  5.0161000000000000e+009	 -2.0186520000000002e+001	
  5.0174000000000000e+009	 -2.0216790000000000e+001	
  5.0187000000000000e+009	 -2.0156250000000000e+001	
  5.0200000000000000e+009	 -2.0180660000000000e+001	
  5.0213000000000000e+009	 -2.0189450000000001e+001	
  5.0226000000000000e+009	 -2.0128900000000002e+001	
  5.0239000000000000e+009	 -2.0181640000000002e+001	
  5.0252000000000000e+009	 -2.0134760000000000e+001	
  5.0265000000000000e+009	 -2.0148430000000001e+001	
  5.0278000000000000e+009	 -2.0141600000000000e+001	
  5.0291000000000000e+009	 -2.0185549999999999e+001	
  5.0304000000000000e+009	 -2.0190429999999999e+001	
  5.0317000000000000e+009	 -2.0200199999999999e+001	
  5.0330000000000000e+009	 -2.0230470000000000e+001	
  5.0343000000000000e+009	 -2.0208010000000002e+001	
  5.0356000000000000e+009	 -2.0235350000000000e+001	
  5.0369000000000000e+009	 -2.0261720000000000e+001	
  5.0382000000000000e+009	 -2.0277339999999999e+001	
  5.0395000000000000e+009	 -2.0287109999999998e+001	
  5.0408000000000000e+009	 -2.0271480000000000e+001	
  5.0421000000000000e+009	 -2.0267579999999999e+001	
  5.0434000000000000e+009	 -2.0321290000000001e+001	
  5.0447000000000000e+009	 -2.0341799999999999e+001	
  5.0460000000000000e+009	 -2.0291010000000000e+001	
  5.0473000000000000e+009	 -2.0286130000000000e+001	
  5.0486000000000000e+009	 -2.0359369999999998e+001	
  5.0499000000000000e+009	 -2.0331050000000001e+001	
  5.0512000000000000e+009	 -2.0386720000000000e+001	
  5.0525000000000000e+009	 -2.0406250000000000e+001	
  5.0538000000000000e+009	 -2.0465820000000001e+001	
  5.0551000000000000e+009	 -2.0489260000000002e+001	
  5.0564000000000000e+009	 -2.0553709999999999e+001	
  5.0577000000000000e+009	 -2.0598630000000000e+001	
  5.0590000000000000e+009	 -2.0706050000000001e+001	
  5.0603000000000000e+009	 -2.0831060000000001e+001	
  5.0616000000000000e+009	 -2.0945309999999999e+001	
  5.0629000000000000e+009	 -2.1110350000000000e+001	
  5.0642000000000000e+009	 -2.1198239999999998e+001	
  5.0655000000000000e+009	 -2.1376950000000001e+001	
  5.0668000000000000e+009	 -2.1507809999999999e+001	
  5.0681000000000000e+009	 -2.1706050000000001e+001	
  5.0694000000000000e+009	 -2.1823239999999998e+001	
  5.0707000000000000e+009	 -2.1995120000000000e+001	
  5.0720000000000000e+009	 -2.2164059999999999e+001	
  5.0733000000000000e+009	 -2.2358400000000000e+001	
  5.0746000000000000e+009	 -2.2515630000000002e+001	
  5.0759000000000000e+009	 -2.2644530000000000e+001	
  5.0772000000000000e+009	 -2.2797850000000000e+001	
  5.0785000000000000e+009	 -2.2925780000000000e+001	
  5.0798000000000000e+009	 -2.3042970000000000e+001	
  5.0811000000000000e+009	 -2.3147459999999999e+001	
  5.0824000000000000e+009	 -2.3214839999999999e+001	
  5.0837000000000000e+009	 -2.3187500000000000e+001	
  5.0850000000000000e+009	 -2.3302730000000000e+001	
  5.0863000000000000e+009	 -2.3338870000000000e+001	
  5.0876000000000000e+009	 -2.3394530000000000e+001	
  5.0889000000000000e+009	 -2.3333980000000000e+001	
  5.0902000000000000e+009	 -2.3334959999999999e+001	
  5.0915000000000000e+009	 -2.3310549999999999e+001	
  5.0928000000000000e+009	 -2.3248049999999999e+001	
  5.0941000000000000e+009	 -2.3124020000000002e+001	
  5.0954000000000000e+009	 -2.2980470000000000e+001	
  5.0967000000000000e+009	 -2.2868160000000000e+001	
  5.0980000000000000e+009	 -2.2730470000000000e+001	
  5.0993000000000000e+009	 -2.2575189999999999e+001	
  5.1006000000000000e+009	 -2.2396480000000000e+001	
  5.1019000000000000e+009	 -2.2238280000000000e+001	
  5.1032000000000000e+009	 -2.2049800000000001e+001	
  5.1045000000000000e+009	 -2.1889650000000000e+001	
  5.1058000000000000e+009	 -2.1782229999999998e+001	
  5.1071000000000000e+009	 -2.1659179999999999e+001	
  5.1084000000000000e+009	 -2.1469729999999998e+001	
  5.1097000000000000e+009	 -2.1392579999999999e+001	
  5.1110000000000000e+009	 -2.1246089999999999e+001	
  5.1123000000000000e+009	 -2.1177740000000000e+001	
  5.1136000000000000e+009	 -2.1114260000000002e+001	
  5.1149000000000000e+009	 -2.1117190000000001e+001	
  5.1162000000000000e+009	 -2.1041989999999998e+001	
  5.1175000000000000e+009	 -2.1136720000000000e+001	
  5.1188000000000000e+009	 -2.1121089999999999e+001	
  5.1201000000000000e+009	 -2.1200189999999999e+001	
  5.1214000000000000e+009	 -2.1296869999999998e+001	
  5.1227000000000000e+009	 -2.1429690000000001e+001	
  5.1240000000000000e+009	 -2.1589839999999999e+001	
  5.1253000000000000e+009	 -2.1714839999999999e+001	
  5.1266000000000000e+009	 -2.1902339999999999e+001	
  5.1279000000000000e+009	 -2.2076170000000001e+001	
  5.1292000000000000e+009	 -2.2266600000000000e+001	
  5.1305000000000000e+009	 -2.2453119999999998e+001	
  5.1318000000000000e+009	 -2.2677730000000000e+001	
  5.1331000000000000e+009	 -2.2844719999999999e+001	
  5.1344000000000000e+009	 -2.3048829999999999e+001	
  5.1357000000000000e+009	 -2.3260739999999998e+001	
  5.1370000000000000e+009	 -2.3468750000000000e+001	
  5.1383000000000000e+009	 -2.3485350000000000e+001	
  5.1396000000000000e+009	 -2.3628910000000001e+001	
  5.1409000000000000e+009	 -2.3761720000000000e+001	
  5.1422000000000000e+009	 -2.3884760000000000e+001	
  5.1435000000000000e+009	 -2.4044920000000001e+001	
  5.1448000000000000e+009	 -2.4029290000000000e+001	
  5.1461000000000000e+009	 -2.4087890000000002e+001	
  5.1474000000000000e+009	 -2.4160160000000001e+001	
  5.1487000000000000e+009	 -2.4102540000000001e+001	
  5.1500000000000000e+009	 -2.4082030000000000e+001	
  5.1513000000000000e+009	 -2.4031250000000000e+001	
  5.1526000000000000e+009	 -2.3954100000000000e+001	
  5.1539000000000000e+009	 -2.3858400000000000e+001	
  5.1552000000000000e+009	 -2.3750000000000000e+001	
  5.1565000000000000e+009	 -2.3672850000000000e+001	
  5.1578000000000000e+009	 -2.3572260000000000e+001	
  5.1591000000000000e+009	 -2.3493160000000000e+001	
  5.1604000000000000e+009	 -2.3350590000000000e+001	
  5.1617000000000000e+009	 -2.3273430000000001e+001	
  5.1630000000000000e+009	 -2.3220700000000001e+001	
  5.1643000000000000e+009	 -2.3151360000000000e+001	
  5.1656000000000000e+009	 -2.3112300000000001e+001	
  5.1669000000000000e+009	 -2.3070309999999999e+001	
  5.1682000000000000e+009	 -2.3028320000000001e+001	
  5.1695000000000000e+009	 -2.3018560000000001e+001	
  5.1708000000000000e+009	 -2.3047850000000000e+001	
  5.1721000000000000e+009	 -2.3029290000000000e+001	
  5.1734000000000000e+009	 -2.3084959999999999e+001	
  5.1747000000000000e+009	 -2.3134770000000000e+001	
  5.1760000000000000e+009	 -2.3122070000000001e+001	
  5.1773000000000000e+009	 -2.3196290000000001e+001	
  5.1786000000000000e+009	 -2.3230470000000000e+001	
  5.1799000000000000e+009	 -2.3260739999999998e+001	
  5.1812000000000000e+009	 -2.3407229999999998e+001	
  5.1825000000000000e+009	 -2.3388670000000001e+001	
  5.1838000000000000e+009	 -2.3506840000000000e+001	
  5.1851000000000000e+009	 -2.3587890000000002e+001	
  5.1864000000000000e+009	 -2.3726559999999999e+001	
  5.1877000000000000e+009	 -2.3824220000000000e+001	
  5.1890000000000000e+009	 -2.3992190000000001e+001	
  5.1903000000000000e+009	 -2.4082030000000000e+001	
  5.1916000000000000e+009	 -2.4215820000000001e+001	
  5.1929000000000000e+009	 -2.4359369999999998e+001	
  5.1942000000000000e+009	 -2.4465820000000001e+001	
  5.1955000000000000e+009	 -2.4566400000000002e+001	
  5.1968000000000000e+009	 -2.4682620000000000e+001	
  5.1981000000000000e+009	 -2.4739260000000002e+001	
  5.1994000000000000e+009	 -2.4823239999999998e+001	
  5.2007000000000000e+009	 -2.4941410000000001e+001	
  5.2020000000000000e+009	 -2.4964839999999999e+001	
  5.2033000000000000e+009	 -2.5077150000000000e+001	
  5.2046000000000000e+009	 -2.5129880000000000e+001	
  5.2059000000000000e+009	 -2.5125000000000000e+001	
  5.2072000000000000e+009	 -2.5188469999999999e+001	
  5.2085000000000000e+009	 -2.5190429999999999e+001	
  5.2098000000000000e+009	 -2.5241209999999999e+001	
  5.2111000000000000e+009	 -2.5296869999999998e+001	
  5.2124000000000000e+009	 -2.5316410000000001e+001	
  5.2137000000000000e+009	 -2.5294920000000001e+001	
  5.2150000000000000e+009	 -2.5218750000000000e+001	
  5.2163000000000000e+009	 -2.5292970000000000e+001	
  5.2176000000000000e+009	 -2.5260739999999998e+001	
  5.2189000000000000e+009	 -2.5234380000000002e+001	
  5.2202000000000000e+009	 -2.5127929999999999e+001	
  5.2215000000000000e+009	 -2.5082030000000000e+001	
  5.2228000000000000e+009	 -2.5029299999999999e+001	
  5.2241000000000000e+009	 -2.4941410000000001e+001	
  5.2254000000000000e+009	 -2.4837890000000002e+001	
  5.2267000000000000e+009	 -2.4773440000000001e+001	
  5.2280000000000000e+009	 -2.4655270000000002e+001	
  5.2293000000000000e+009	 -2.4493160000000000e+001	
  5.2306000000000000e+009	 -2.4408200000000001e+001	
  5.2319000000000000e+009	 -2.4287109999999998e+001	
  5.2332000000000000e+009	 -2.4141600000000000e+001	
  5.2345000000000000e+009	 -2.4026370000000000e+001	
  5.2358000000000000e+009	 -2.3831050000000001e+001	
  5.2371000000000000e+009	 -2.3681640000000002e+001	
  5.2384000000000000e+009	 -2.3522459999999999e+001	
  5.2397000000000000e+009	 -2.3362300000000001e+001	
  5.2410000000000000e+009	 -2.3271480000000000e+001	
  5.2423000000000000e+009	 -2.3119140000000002e+001	
  5.2436000000000000e+009	 -2.2999020000000002e+001	
  5.2449000000000000e+009	 -2.2836910000000000e+001	
  5.2462000000000000e+009	 -2.2880859999999998e+001	
  5.2475000000000000e+009	 -2.2762689999999999e+001	
  5.2488000000000000e+009	 -2.2707030000000000e+001	
  5.2501000000000000e+009	 -2.2651370000000000e+001	
  5.2514000000000000e+009	 -2.2711910000000000e+001	
  5.2527000000000000e+009	 -2.2715820000000001e+001	
  5.2540000000000000e+009	 -2.2768550000000001e+001	
  5.2553000000000000e+009	 -2.2861329999999999e+001	
  5.2566000000000000e+009	 -2.2965820000000001e+001	
  5.2579000000000000e+009	 -2.3067380000000000e+001	
  5.2592000000000000e+009	 -2.3154299999999999e+001	
  5.2605000000000000e+009	 -2.3304690000000001e+001	
  5.2618000000000000e+009	 -2.3450189999999999e+001	
  5.2631000000000000e+009	 -2.3505859999999998e+001	
  5.2644000000000000e+009	 -2.3683589999999999e+001	
  5.2657000000000000e+009	 -2.3804690000000001e+001	
  5.2670000000000000e+009	 -2.3932610000000000e+001	
  5.2683000000000000e+009	 -2.3957030000000000e+001	
  5.2696000000000000e+009	 -2.4142579999999999e+001	
  5.2709000000000000e+009	 -2.4186520000000002e+001	
  5.2722000000000000e+009	 -2.4250969999999999e+001	
  5.2735000000000000e+009	 -2.4243160000000000e+001	
  5.2748000000000000e+009	 -2.4367180000000001e+001	
  5.2761000000000000e+009	 -2.4292960000000001e+001	
  5.2774000000000000e+009	 -2.4392579999999999e+001	
  5.2787000000000000e+009	 -2.4396480000000000e+001	
  5.2800000000000000e+009	 -2.4308589999999999e+001	
  5.2813000000000000e+009	 -2.4229489999999998e+001	
  5.2826000000000000e+009	 -2.4225580000000001e+001	
  5.2839000000000000e+009	 -2.4172850000000000e+001	
  5.2852000000000000e+009	 -2.4118160000000000e+001	
  5.2865000000000000e+009	 -2.4042970000000000e+001	
  5.2878000000000000e+009	 -2.3971679999999999e+001	
  5.2891000000000000e+009	 -2.3931640000000002e+001	
  5.2904000000000000e+009	 -2.3820309999999999e+001	
  5.2917000000000000e+009	 -2.3748040000000000e+001	
  5.2930000000000000e+009	 -2.3654290000000000e+001	
  5.2943000000000000e+009	 -2.3603520000000000e+001	
  5.2956000000000000e+009	 -2.3521490000000000e+001	
  5.2969000000000000e+009	 -2.3436520000000002e+001	
  5.2982000000000000e+009	 -2.3339839999999999e+001	
  5.2995000000000000e+009	 -2.3290040000000001e+001	
  5.3008000000000000e+009	 -2.3183589999999999e+001	
  5.3021000000000000e+009	 -2.3105470000000000e+001	
  5.3034000000000000e+009	 -2.2980470000000000e+001	
  5.3047000000000000e+009	 -2.2996089999999999e+001	
  5.3060000000000000e+009	 -2.2796869999999998e+001	
  5.3073000000000000e+009	 -2.2653320000000001e+001	
  5.3086000000000000e+009	 -2.2545900000000000e+001	
  5.3099000000000000e+009	 -2.2416989999999998e+001	
  5.3112000000000000e+009	 -2.2411130000000000e+001	
  5.3125000000000000e+009	 -2.2208980000000000e+001	
  5.3138000000000000e+009	 -2.2090820000000001e+001	
  5.3151000000000000e+009	 -2.2005859999999998e+001	
  5.3164000000000000e+009	 -2.1867180000000001e+001	
  5.3177000000000000e+009	 -2.1768560000000001e+001	
  5.3190000000000000e+009	 -2.1647459999999999e+001	
  5.3203000000000000e+009	 -2.1531250000000000e+001	
  5.3216000000000000e+009	 -2.1470700000000001e+001	
  5.3229000000000000e+009	 -2.1441410000000001e+001	
  5.3242000000000000e+009	 -2.1386720000000000e+001	
  5.3255000000000000e+009	 -2.1360350000000000e+001	
  5.3268000000000000e+009	 -2.1387699999999999e+001	
  5.3281000000000000e+009	 -2.1408200000000001e+001	
  5.3294000000000000e+009	 -2.1449220000000000e+001	
  5.3307000000000000e+009	 -2.1535150000000002e+001	
  5.3320000000000000e+009	 -2.1658200000000001e+001	
  5.3333000000000000e+009	 -2.1835940000000001e+001	
  5.3346000000000000e+009	 -2.1988280000000000e+001	
  5.3359000000000000e+009	 -2.2094729999999998e+001	
  5.3372000000000000e+009	 -2.2216799999999999e+001	
  5.3385000000000000e+009	 -2.2427740000000000e+001	
  5.3398000000000000e+009	 -2.2597660000000001e+001	
  5.3411000000000000e+009	 -2.2804680000000001e+001	
  5.3424000000000000e+009	 -2.2887689999999999e+001	
  5.3437000000000000e+009	 -2.3068359999999998e+001	
  5.3450000000000000e+009	 -2.3191400000000002e+001	
  5.3463000000000000e+009	 -2.3344729999999998e+001	
  5.3476000000000000e+009	 -2.3416010000000000e+001	
  5.3489000000000000e+009	 -2.3447270000000000e+001	
  5.3502000000000000e+009	 -2.3493160000000000e+001	
  5.3515000000000000e+009	 -2.3490230000000000e+001	
  5.3528000000000000e+009	 -2.3455079999999999e+001	
  5.3541000000000000e+009	 -2.3435540000000000e+001	
  5.3554000000000000e+009	 -2.3354489999999998e+001	
  5.3567000000000000e+009	 -2.3230470000000000e+001	
  5.3580000000000000e+009	 -2.3118160000000000e+001	
  5.3593000000000000e+009	 -2.2945309999999999e+001	
  5.3606000000000000e+009	 -2.2750000000000000e+001	
  5.3619000000000000e+009	 -2.2535160000000001e+001	
  5.3632000000000000e+009	 -2.2357420000000001e+001	
  5.3645000000000000e+009	 -2.2102540000000001e+001	
  5.3658000000000000e+009	 -2.1866209999999999e+001	
  5.3671000000000000e+009	 -2.1561520000000002e+001	
  5.3684000000000000e+009	 -2.1345700000000001e+001	
  5.3697000000000000e+009	 -2.1045900000000000e+001	
  5.3710000000000000e+009	 -2.0816410000000001e+001	
  5.3723000000000000e+009	 -2.0552740000000000e+001	
  5.3736000000000000e+009	 -2.0268550000000001e+001	
  5.3749000000000000e+009	 -2.0102540000000001e+001	
  5.3762000000000000e+009	 -1.9940429999999999e+001	
  5.3775000000000000e+009	 -1.9714839999999999e+001	
  5.3788000000000000e+009	 -1.9590820000000001e+001	
  5.3801000000000000e+009	 -1.9486329999999999e+001	
  5.3814000000000000e+009	 -1.9422850000000000e+001	
  5.3827000000000000e+009	 -1.9337890000000002e+001	
  5.3840000000000000e+009	 -1.9302730000000000e+001	
  5.3853000000000000e+009	 -1.9318359999999998e+001	
  5.3866000000000000e+009	 -1.9335940000000001e+001	
  5.3879000000000000e+009	 -1.9379880000000000e+001	
  5.3892000000000000e+009	 -1.9421869999999998e+001	
  5.3905000000000000e+009	 -1.9477540000000001e+001	
  5.3918000000000000e+009	 -1.9566400000000002e+001	
  5.3931000000000000e+009	 -1.9641600000000000e+001	
  5.3944000000000000e+009	 -1.9781250000000000e+001	
  5.3957000000000000e+009	 -1.9832030000000000e+001	
  5.3970000000000000e+009	 -1.9896480000000000e+001	
  5.3983000000000000e+009	 -2.0039059999999999e+001	
  5.3996000000000000e+009	 -2.0113280000000000e+001	
  5.4009000000000000e+009	 -2.0111329999999999e+001	
  5.4022000000000000e+009	 -2.0219729999999998e+001	
  5.4035000000000000e+009	 -2.0253910000000001e+001	
  5.4048000000000000e+009	 -2.0369140000000002e+001	
  5.4061000000000000e+009	 -2.0338860000000000e+001	
  5.4074000000000000e+009	 -2.0311520000000002e+001	
  5.4087000000000000e+009	 -2.0331050000000001e+001	
  5.4100000000000000e+009	 -2.0330079999999999e+001	
  5.4113000000000000e+009	 -2.0369140000000002e+001	
  5.4126000000000000e+009	 -2.0286130000000000e+001	
  5.4139000000000000e+009	 -2.0254880000000000e+001	
  5.4152000000000000e+009	 -2.0232420000000001e+001	
  5.4165000000000000e+009	 -2.0168939999999999e+001	
  5.4178000000000000e+009	 -2.0083990000000000e+001	
  5.4191000000000000e+009	 -2.0037109999999998e+001	
  5.4204000000000000e+009	 -1.9992190000000001e+001	
  5.4217000000000000e+009	 -1.9921880000000002e+001	
  5.4230000000000000e+009	 -1.9810549999999999e+001	
  5.4243000000000000e+009	 -1.9725580000000001e+001	
  5.4256000000000000e+009	 -1.9669920000000001e+001	
  5.4269000000000000e+009	 -1.9567380000000000e+001	
  5.4282000000000000e+009	 -1.9430660000000000e+001	
  5.4295000000000000e+009	 -1.9428709999999999e+001	
  5.4308000000000000e+009	 -1.9242190000000001e+001	
  5.4321000000000000e+009	 -1.9207030000000000e+001	
  5.4334000000000000e+009	 -1.9009760000000000e+001	
  5.4347000000000000e+009	 -1.8967770000000002e+001	
  5.4360000000000000e+009	 -1.8908200000000001e+001	
  5.4373000000000000e+009	 -1.8782219999999999e+001	
  5.4386000000000000e+009	 -1.8699220000000000e+001	
  5.4399000000000000e+009	 -1.8568359999999998e+001	
  5.4412000000000000e+009	 -1.8531250000000000e+001	
  5.4425000000000000e+009	 -1.8429690000000001e+001	
  5.4438000000000000e+009	 -1.8375979999999998e+001	
  5.4451000000000000e+009	 -1.8308589999999999e+001	
  5.4464000000000000e+009	 -1.8277339999999999e+001	
  5.4477000000000000e+009	 -1.8236329999999999e+001	
  5.4490000000000000e+009	 -1.8212890000000002e+001	
  5.4503000000000000e+009	 -1.8233400000000000e+001	
  5.4516000000000000e+009	 -1.8225580000000001e+001	
  5.4529000000000000e+009	 -1.8208980000000000e+001	
  5.4542000000000000e+009	 -1.8298829999999999e+001	
  5.4555000000000000e+009	 -1.8293939999999999e+001	
  5.4568000000000000e+009	 -1.8350580000000001e+001	
  5.4581000000000000e+009	 -1.8417970000000000e+001	
  5.4594000000000000e+009	 -1.8455079999999999e+001	
  5.4607000000000000e+009	 -1.8546869999999998e+001	
  5.4620000000000000e+009	 -1.8663080000000001e+001	
  5.4633000000000000e+009	 -1.8723630000000000e+001	
  5.4646000000000000e+009	 -1.8852540000000001e+001	
  5.4659000000000000e+009	 -1.8893550000000001e+001	
  5.4672000000000000e+009	 -1.9061520000000002e+001	
  5.4685000000000000e+009	 -1.9074220000000000e+001	
  5.4698000000000000e+009	 -1.9200189999999999e+001	
  5.4711000000000000e+009	 -1.9315429999999999e+001	
  5.4724000000000000e+009	 -1.9417970000000000e+001	
  5.4737000000000000e+009	 -1.9540040000000001e+001	
  5.4750000000000000e+009	 -1.9628910000000001e+001	
  5.4763000000000000e+009	 -1.9749020000000002e+001	
  5.4776000000000000e+009	 -1.9870120000000000e+001	
  5.4789000000000000e+009	 -1.9932620000000000e+001	
  5.4802000000000000e+009	 -2.0041989999999998e+001	
  5.4815000000000000e+009	 -2.0132809999999999e+001	
  5.4828000000000000e+009	 -2.0243160000000000e+001	
  5.4841000000000000e+009	 -2.0391600000000000e+001	
  5.4854000000000000e+009	 -2.0476559999999999e+001	
  5.4867000000000000e+009	 -2.0539059999999999e+001	
  5.4880000000000000e+009	 -2.0626950000000001e+001	
  5.4893000000000000e+009	 -2.0739249999999998e+001	
  5.4906000000000000e+009	 -2.0785160000000001e+001	
  5.4919000000000000e+009	 -2.0881830000000001e+001	
  5.4932000000000000e+009	 -2.1007809999999999e+001	
  5.4945000000000000e+009	 -2.1028320000000001e+001	
  5.4958000000000000e+009	 -2.1079100000000000e+001	
  5.4971000000000000e+009	 -2.1125000000000000e+001	
  5.4984000000000000e+009	 -2.1130859999999998e+001	
  5.4997000000000000e+009	 -2.1180660000000000e+001	
  5.5010000000000000e+009	 -2.1189450000000001e+001	
  5.5023000000000000e+009	 -2.1187500000000000e+001	
  5.5036000000000000e+009	 -2.1156250000000000e+001	
  5.5049000000000000e+009	 -2.1103520000000000e+001	
  5.5062000000000000e+009	 -2.1022459999999999e+001	
  5.5075000000000000e+009	 -2.0931640000000002e+001	
  5.5088000000000000e+009	 -2.0851559999999999e+001	
  5.5101000000000000e+009	 -2.0715820000000001e+001	
  5.5114000000000000e+009	 -2.0579100000000000e+001	
  5.5127000000000000e+009	 -2.0415040000000001e+001	
  5.5140000000000000e+009	 -2.0247070000000001e+001	
  5.5153000000000000e+009	 -2.0064450000000001e+001	
  5.5166000000000000e+009	 -1.9870120000000000e+001	
  5.5179000000000000e+009	 -1.9656250000000000e+001	
  5.5192000000000000e+009	 -1.9509760000000000e+001	
  5.5205000000000000e+009	 -1.9267579999999999e+001	
  5.5218000000000000e+009	 -1.9054690000000001e+001	
  5.5231000000000000e+009	 -1.8887689999999999e+001	
  5.5244000000000000e+009	 -1.8712890000000002e+001	
  5.5257000000000000e+009	 -1.8599609999999998e+001	
  5.5270000000000000e+009	 -1.8374020000000002e+001	
  5.5283000000000000e+009	 -1.8333980000000000e+001	
  5.5296000000000000e+009	 -1.8283200000000001e+001	
  5.5309000000000000e+009	 -1.8213870000000000e+001	
  5.5322000000000000e+009	 -1.8163080000000001e+001	
  5.5335000000000000e+009	 -1.8185549999999999e+001	
  5.5348000000000000e+009	 -1.8224609999999998e+001	
  5.5361000000000000e+009	 -1.8275390000000002e+001	
  5.5374000000000000e+009	 -1.8391600000000000e+001	
  5.5387000000000000e+009	 -1.8476559999999999e+001	
  5.5400000000000000e+009	 -1.8607420000000001e+001	
