  4.5000000000000000e+009	 -2.4939450000000001e+001	
  4.5014000000000000e+009	 -2.4912109999999998e+001	
  4.5028000000000000e+009	 -2.4831050000000001e+001	
  4.5042000000000000e+009	 -2.4824220000000000e+001	
  4.5056000000000000e+009	 -2.4875969999999999e+001	
  4.5070000000000000e+009	 -2.4900390000000002e+001	
  4.5084000000000000e+009	 -2.4943359999999998e+001	
  4.5098000000000000e+009	 -2.5055660000000000e+001	
  4.5112000000000000e+009	 -2.5141600000000000e+001	
  4.5126000000000000e+009	 -2.5293939999999999e+001	
  4.5140000000000000e+009	 -2.5440429999999999e+001	
  4.5154000000000000e+009	 -2.5511720000000000e+001	
  4.5168000000000000e+009	 -2.5633790000000001e+001	
  4.5182000000000000e+009	 -2.5730470000000000e+001	
  4.5196000000000000e+009	 -2.5874020000000002e+001	
  4.5210000000000000e+009	 -2.5913090000000000e+001	
  4.5224000000000000e+009	 -2.5936520000000002e+001	
  4.5238000000000000e+009	 -2.5968750000000000e+001	
  4.5252000000000000e+009	 -2.5953119999999998e+001	
  4.5266000000000000e+009	 -2.5837890000000002e+001	
  4.5280000000000000e+009	 -2.5677730000000000e+001	
  4.5294000000000000e+009	 -2.5443359999999998e+001	
  4.5308000000000000e+009	 -2.5146480000000000e+001	
  4.5322000000000000e+009	 -2.4789059999999999e+001	
  4.5336000000000000e+009	 -2.4374020000000002e+001	
  4.5350000000000000e+009	 -2.3823239999999998e+001	
  4.5364000000000000e+009	 -2.3340820000000001e+001	
  4.5378000000000000e+009	 -2.3281250000000000e+001	
  4.5392000000000000e+009	 -2.4648440000000001e+001	
  4.5406000000000000e+009	 -2.7760739999999998e+001	
  4.5420000000000000e+009	 -3.1029299999999999e+001	
  4.5434000000000000e+009	 -3.2384760000000000e+001	
  4.5448000000000000e+009	 -3.1898440000000001e+001	
  4.5462000000000000e+009	 -3.0914059999999999e+001	
  4.5476000000000000e+009	 -2.9980470000000000e+001	
  4.5490000000000000e+009	 -2.9178709999999999e+001	
  4.5504000000000000e+009	 -2.8533200000000001e+001	
  4.5518000000000000e+009	 -2.8018550000000001e+001	
  4.5532000000000000e+009	 -2.7554680000000001e+001	
  4.5546000000000000e+009	 -2.7187500000000000e+001	
  4.5560000000000000e+009	 -2.6879880000000000e+001	
  4.5574000000000000e+009	 -2.6554680000000001e+001	
  4.5588000000000000e+009	 -2.6344719999999999e+001	
  4.5602000000000000e+009	 -2.6114249999999998e+001	
  4.5616000000000000e+009	 -2.6030270000000002e+001	
  4.5630000000000000e+009	 -2.5944330000000001e+001	
  4.5644000000000000e+009	 -2.5919920000000001e+001	
  4.5658000000000000e+009	 -2.5885739999999998e+001	
  4.5672000000000000e+009	 -2.5914059999999999e+001	
  4.5686000000000000e+009	 -2.5888670000000001e+001	
  4.5700000000000000e+009	 -2.6021480000000000e+001	
  4.5714000000000000e+009	 -2.6024410000000000e+001	
  4.5728000000000000e+009	 -2.6170900000000000e+001	
  4.5742000000000000e+009	 -2.6250000000000000e+001	
  4.5756000000000000e+009	 -2.6333010000000002e+001	
  4.5770000000000000e+009	 -2.6456050000000001e+001	
  4.5784000000000000e+009	 -2.6546869999999998e+001	
  4.5798000000000000e+009	 -2.6623040000000000e+001	
  4.5812000000000000e+009	 -2.6741209999999999e+001	
  4.5826000000000000e+009	 -2.6824220000000000e+001	
  4.5840000000000000e+009	 -2.6873040000000000e+001	
  4.5854000000000000e+009	 -2.6962890000000002e+001	
  4.5868000000000000e+009	 -2.6953130000000002e+001	
  4.5882000000000000e+009	 -2.6964839999999999e+001	
  4.5896000000000000e+009	 -2.6998040000000000e+001	
  4.5910000000000000e+009	 -2.6935540000000000e+001	
  4.5924000000000000e+009	 -2.6837890000000002e+001	
  4.5938000000000000e+009	 -2.6747070000000001e+001	
  4.5952000000000000e+009	 -2.6750969999999999e+001	
  4.5966000000000000e+009	 -2.6579100000000000e+001	
  4.5980000000000000e+009	 -2.6601559999999999e+001	
  4.5994000000000000e+009	 -2.6458010000000002e+001	
  4.6008000000000000e+009	 -2.6306640000000002e+001	
  4.6022000000000000e+009	 -2.6106439999999999e+001	
  4.6036000000000000e+009	 -2.5971679999999999e+001	
  4.6050000000000000e+009	 -2.5789059999999999e+001	
  4.6064000000000000e+009	 -2.5587890000000002e+001	
  4.6078000000000000e+009	 -2.5376950000000001e+001	
  4.6092000000000000e+009	 -2.5157219999999999e+001	
  4.6106000000000000e+009	 -2.4925780000000000e+001	
  4.6120000000000000e+009	 -2.4721679999999999e+001	
  4.6134000000000000e+009	 -2.4543939999999999e+001	
  4.6148000000000000e+009	 -2.4399410000000000e+001	
  4.6162000000000000e+009	 -2.4169920000000001e+001	
  4.6176000000000000e+009	 -2.4105470000000000e+001	
  4.6190000000000000e+009	 -2.3958980000000000e+001	
  4.6204000000000000e+009	 -2.3861329999999999e+001	
  4.6218000000000000e+009	 -2.3732420000000001e+001	
  4.6232000000000000e+009	 -2.3773440000000001e+001	
  4.6246000000000000e+009	 -2.3712890000000002e+001	
  4.6260000000000000e+009	 -2.3690429999999999e+001	
  4.6274000000000000e+009	 -2.3673829999999999e+001	
  4.6288000000000000e+009	 -2.3809570000000001e+001	
  4.6302000000000000e+009	 -2.3737300000000001e+001	
  4.6316000000000000e+009	 -2.3816400000000002e+001	
  4.6330000000000000e+009	 -2.3860350000000000e+001	
  4.6344000000000000e+009	 -2.3962890000000002e+001	
  4.6358000000000000e+009	 -2.3999020000000002e+001	
  4.6372000000000000e+009	 -2.4061520000000002e+001	
  4.6386000000000000e+009	 -2.4086910000000000e+001	
  4.6400000000000000e+009	 -2.4109369999999998e+001	
  4.6414000000000000e+009	 -2.4085940000000001e+001	
  4.6428000000000000e+009	 -2.4080079999999999e+001	
  4.6442000000000000e+009	 -2.4091799999999999e+001	
  4.6456000000000000e+009	 -2.4047850000000000e+001	
  4.6470000000000000e+009	 -2.3955079999999999e+001	
  4.6484000000000000e+009	 -2.3921880000000002e+001	
  4.6498000000000000e+009	 -2.3940429999999999e+001	
  4.6512000000000000e+009	 -2.3914059999999999e+001	
  4.6526000000000000e+009	 -2.3786130000000000e+001	
  4.6540000000000000e+009	 -2.3800780000000000e+001	
  4.6554000000000000e+009	 -2.3654290000000000e+001	
  4.6568000000000000e+009	 -2.3671880000000002e+001	
  4.6582000000000000e+009	 -2.3615230000000000e+001	
  4.6596000000000000e+009	 -2.3613280000000000e+001	
  4.6610000000000000e+009	 -2.3541989999999998e+001	
  4.6624000000000000e+009	 -2.3538080000000001e+001	
  4.6638000000000000e+009	 -2.3512689999999999e+001	
  4.6652000000000000e+009	 -2.3472660000000001e+001	
  4.6666000000000000e+009	 -2.3512689999999999e+001	
  4.6680000000000000e+009	 -2.3506840000000000e+001	
  4.6694000000000000e+009	 -2.3487310000000001e+001	
  4.6708000000000000e+009	 -2.3512689999999999e+001	
  4.6722000000000000e+009	 -2.3504880000000000e+001	
  4.6736000000000000e+009	 -2.3503900000000002e+001	
  4.6750000000000000e+009	 -2.3490230000000000e+001	
  4.6764000000000000e+009	 -2.3455079999999999e+001	
  4.6778000000000000e+009	 -2.3430660000000000e+001	
  4.6792000000000000e+009	 -2.3345700000000001e+001	
  4.6806000000000000e+009	 -2.3304690000000001e+001	
  4.6820000000000000e+009	 -2.3167970000000000e+001	
  4.6834000000000000e+009	 -2.3080079999999999e+001	
  4.6848000000000000e+009	 -2.2976559999999999e+001	
  4.6862000000000000e+009	 -2.2836910000000000e+001	
  4.6876000000000000e+009	 -2.2687500000000000e+001	
  4.6890000000000000e+009	 -2.2465820000000001e+001	
  4.6904000000000000e+009	 -2.2308589999999999e+001	
  4.6918000000000000e+009	 -2.2082030000000000e+001	
  4.6932000000000000e+009	 -2.1915040000000001e+001	
  4.6946000000000000e+009	 -2.1707030000000000e+001	
  4.6960000000000000e+009	 -2.1481439999999999e+001	
  4.6974000000000000e+009	 -2.1303709999999999e+001	
  4.6988000000000000e+009	 -2.1138670000000001e+001	
  4.7002000000000000e+009	 -2.1011720000000000e+001	
  4.7016000000000000e+009	 -2.0875969999999999e+001	
  4.7030000000000000e+009	 -2.0790040000000001e+001	
  4.7044000000000000e+009	 -2.0703130000000002e+001	
  4.7058000000000000e+009	 -2.0644530000000000e+001	
  4.7072000000000000e+009	 -2.0616209999999999e+001	
  4.7086000000000000e+009	 -2.0546880000000002e+001	
  4.7100000000000000e+009	 -2.0455079999999999e+001	
  4.7114000000000000e+009	 -2.0484380000000002e+001	
  4.7128000000000000e+009	 -2.0591799999999999e+001	
  4.7142000000000000e+009	 -2.0641600000000000e+001	
  4.7156000000000000e+009	 -2.0731439999999999e+001	
  4.7170000000000000e+009	 -2.0879880000000000e+001	
  4.7184000000000000e+009	 -2.0972660000000001e+001	
  4.7198000000000000e+009	 -2.1020510000000002e+001	
  4.7212000000000000e+009	 -2.1047850000000000e+001	
  4.7226000000000000e+009	 -2.1181640000000002e+001	
  4.7240000000000000e+009	 -2.1253910000000001e+001	
  4.7254000000000000e+009	 -2.1340820000000001e+001	
  4.7268000000000000e+009	 -2.1302730000000000e+001	
  4.7282000000000000e+009	 -2.1349609999999998e+001	
  4.7296000000000000e+009	 -2.1382809999999999e+001	
  4.7310000000000000e+009	 -2.1385739999999998e+001	
  4.7324000000000000e+009	 -2.1338870000000000e+001	
  4.7338000000000000e+009	 -2.1318359999999998e+001	
  4.7352000000000000e+009	 -2.1232420000000001e+001	
  4.7366000000000000e+009	 -2.1165040000000001e+001	
  4.7380000000000000e+009	 -2.1085930000000001e+001	
  4.7394000000000000e+009	 -2.0964839999999999e+001	
  4.7408000000000000e+009	 -2.0830079999999999e+001	
  4.7422000000000000e+009	 -2.0671869999999998e+001	
  4.7436000000000000e+009	 -2.0502929999999999e+001	
  4.7450000000000000e+009	 -2.0316410000000001e+001	
  4.7464000000000000e+009	 -2.0135739999999998e+001	
  4.7478000000000000e+009	 -1.9905270000000002e+001	
  4.7492000000000000e+009	 -1.9649410000000000e+001	
  4.7506000000000000e+009	 -1.9408200000000001e+001	
  4.7520000000000000e+009	 -1.9154299999999999e+001	
  4.7534000000000000e+009	 -1.8870120000000000e+001	
  4.7548000000000000e+009	 -1.8691410000000001e+001	
  4.7562000000000000e+009	 -1.8376950000000001e+001	
  4.7576000000000000e+009	 -1.8149410000000000e+001	
  4.7590000000000000e+009	 -1.7949220000000000e+001	
  4.7604000000000000e+009	 -1.7707030000000000e+001	
  4.7618000000000000e+009	 -1.7470700000000001e+001	
  4.7632000000000000e+009	 -1.7288080000000001e+001	
  4.7646000000000000e+009	 -1.7170900000000000e+001	
  4.7660000000000000e+009	 -1.7022459999999999e+001	
  4.7674000000000000e+009	 -1.6920900000000000e+001	
  4.7688000000000000e+009	 -1.6859369999999998e+001	
  4.7702000000000000e+009	 -1.6830079999999999e+001	
  4.7716000000000000e+009	 -1.6851559999999999e+001	
  4.7730000000000000e+009	 -1.6879880000000000e+001	
  4.7744000000000000e+009	 -1.6909179999999999e+001	
  4.7758000000000000e+009	 -1.7044920000000001e+001	
  4.7772000000000000e+009	 -1.7078119999999998e+001	
  4.7786000000000000e+009	 -1.7223630000000000e+001	
  4.7800000000000000e+009	 -1.7259760000000000e+001	
  4.7814000000000000e+009	 -1.7414059999999999e+001	
  4.7828000000000000e+009	 -1.7458010000000002e+001	
  4.7842000000000000e+009	 -1.7495120000000000e+001	
  4.7856000000000000e+009	 -1.7582030000000000e+001	
  4.7870000000000000e+009	 -1.7611329999999999e+001	
  4.7884000000000000e+009	 -1.7632809999999999e+001	
  4.7898000000000000e+009	 -1.7626950000000001e+001	
  4.7912000000000000e+009	 -1.7537109999999998e+001	
  4.7926000000000000e+009	 -1.7497070000000001e+001	
  4.7940000000000000e+009	 -1.7457030000000000e+001	
  4.7954000000000000e+009	 -1.7286130000000000e+001	
  4.7968000000000000e+009	 -1.7182620000000000e+001	
  4.7982000000000000e+009	 -1.6974609999999998e+001	
  4.7996000000000000e+009	 -1.6754880000000000e+001	
  4.8010000000000000e+009	 -1.6533200000000001e+001	
  4.8024000000000000e+009	 -1.6292970000000000e+001	
  4.8038000000000000e+009	 -1.6004880000000000e+001	
  4.8052000000000000e+009	 -1.5715330000000000e+001	
  4.8066000000000000e+009	 -1.5437500000000000e+001	
  4.8080000000000000e+009	 -1.5127440000000000e+001	
  4.8094000000000000e+009	 -1.4845210000000000e+001	
  4.8108000000000000e+009	 -1.4469730000000000e+001	
  4.8122000000000000e+009	 -1.4294919999999999e+001	
  4.8136000000000000e+009	 -1.4044430000000000e+001	
  4.8150000000000000e+009	 -1.3747070000000001e+001	
  4.8164000000000000e+009	 -1.3537110000000000e+001	
  4.8178000000000000e+009	 -1.3286130000000000e+001	
  4.8192000000000000e+009	 -1.3137210000000000e+001	
  4.8206000000000000e+009	 -1.2983400000000000e+001	
  4.8220000000000000e+009	 -1.2817869999999999e+001	
  4.8234000000000000e+009	 -1.2738280000000000e+001	
  4.8248000000000000e+009	 -1.2619140000000000e+001	
  4.8262000000000000e+009	 -1.2478999999999999e+001	
  4.8276000000000000e+009	 -1.2404299999999999e+001	
  4.8290000000000000e+009	 -1.2300290000000000e+001	
  4.8304000000000000e+009	 -1.2189450000000001e+001	
  4.8318000000000000e+009	 -1.2098140000000001e+001	
  4.8332000000000000e+009	 -1.1969730000000000e+001	
  4.8346000000000000e+009	 -1.1830080000000001e+001	
  4.8360000000000000e+009	 -1.1701660000000000e+001	
  4.8374000000000000e+009	 -1.1482419999999999e+001	
  4.8388000000000000e+009	 -1.1372560000000000e+001	
  4.8402000000000000e+009	 -1.1241700000000000e+001	
  4.8416000000000000e+009	 -1.0981450000000001e+001	
  4.8430000000000000e+009	 -1.0862790000000000e+001	
  4.8444000000000000e+009	 -1.0579100000000000e+001	
  4.8458000000000000e+009	 -1.0475590000000000e+001	
  4.8472000000000000e+009	 -1.0222170000000000e+001	
  4.8486000000000000e+009	 -1.0055180000000000e+001	
  4.8500000000000000e+009	 -9.8388670000000005e+000	
  4.8514000000000000e+009	 -9.6772460000000002e+000	
  4.8528000000000000e+009	 -9.5097660000000008e+000	
  4.8542000000000000e+009	 -9.3334960000000002e+000	
  4.8556000000000000e+009	 -9.1816410000000008e+000	
  4.8570000000000000e+009	 -9.0283200000000008e+000	
  4.8584000000000000e+009	 -8.9003910000000008e+000	
  4.8598000000000000e+009	 -8.7802729999999993e+000	
  4.8612000000000000e+009	 -8.6367189999999994e+000	
  4.8626000000000000e+009	 -8.5537109999999998e+000	
  4.8640000000000000e+009	 -8.4194340000000008e+000	
  4.8654000000000000e+009	 -8.2963869999999993e+000	
  4.8668000000000000e+009	 -8.1674799999999994e+000	
  4.8682000000000000e+009	 -8.0302729999999993e+000	
  4.8696000000000000e+009	 -7.9331050000000003e+000	
  4.8710000000000000e+009	 -7.9125980000000000e+000	
  4.8724000000000000e+009	 -7.5793460000000001e+000	
  4.8738000000000000e+009	 -7.5625000000000000e+000	
  4.8752000000000000e+009	 -7.4213870000000002e+000	
  4.8766000000000000e+009	 -7.4143070000000000e+000	
  4.8780000000000000e+009	 -7.3078609999999999e+000	
  4.8794000000000000e+009	 -7.2358399999999996e+000	
  4.8808000000000000e+009	 -7.2199710000000001e+000	
  4.8822000000000000e+009	 -7.2431640000000002e+000	
  4.8836000000000000e+009	 -7.2622070000000001e+000	
  4.8850000000000000e+009	 -7.3027340000000001e+000	
  4.8864000000000000e+009	 -7.3437500000000000e+000	
  4.8878000000000000e+009	 -7.4577640000000001e+000	
  4.8892000000000000e+009	 -7.4787600000000003e+000	
  4.8906000000000000e+009	 -7.6389160000000000e+000	
  4.8920000000000000e+009	 -7.6506350000000003e+000	
  4.8934000000000000e+009	 -7.7556149999999997e+000	
  4.8948000000000000e+009	 -7.9321289999999998e+000	
  4.8962000000000000e+009	 -7.8576660000000000e+000	
  4.8976000000000000e+009	 -7.9785159999999999e+000	
  4.8990000000000000e+009	 -8.0083009999999994e+000	
  4.9004000000000000e+009	 -8.1630859999999998e+000	
  4.9018000000000000e+009	 -8.1582030000000003e+000	
  4.9032000000000000e+009	 -8.2910160000000008e+000	
  4.9046000000000000e+009	 -8.3129880000000007e+000	
  4.9060000000000000e+009	 -8.3852539999999998e+000	
  4.9074000000000000e+009	 -8.4624020000000009e+000	
  4.9088000000000000e+009	 -8.5708009999999994e+000	
  4.9102000000000000e+009	 -8.6689450000000008e+000	
  4.9116000000000000e+009	 -8.8291020000000007e+000	
  4.9130000000000000e+009	 -8.9726560000000006e+000	
  4.9144000000000000e+009	 -9.1625979999999991e+000	
  4.9158000000000000e+009	 -9.3515630000000005e+000	
  4.9172000000000000e+009	 -9.6015630000000005e+000	
  4.9186000000000000e+009	 -9.8256840000000008e+000	
  4.9200000000000000e+009	 -1.0134280000000000e+001	
  4.9214000000000000e+009	 -1.0379880000000000e+001	
  4.9228000000000000e+009	 -1.0682130000000001e+001	
  4.9242000000000000e+009	 -1.0924320000000000e+001	
  4.9256000000000000e+009	 -1.1383300000000000e+001	
  4.9270000000000000e+009	 -1.1572749999999999e+001	
  4.9284000000000000e+009	 -1.1998540000000000e+001	
  4.9298000000000000e+009	 -1.2286619999999999e+001	
  4.9312000000000000e+009	 -1.2645020000000001e+001	
  4.9326000000000000e+009	 -1.2945800000000000e+001	
  4.9340000000000000e+009	 -1.3280760000000001e+001	
  4.9354000000000000e+009	 -1.3570309999999999e+001	
  4.9368000000000000e+009	 -1.3868650000000001e+001	
  4.9382000000000000e+009	 -1.4162599999999999e+001	
  4.9396000000000000e+009	 -1.4411130000000000e+001	
  4.9410000000000000e+009	 -1.4650390000000000e+001	
  4.9424000000000000e+009	 -1.4919919999999999e+001	
  4.9438000000000000e+009	 -1.5160159999999999e+001	
  4.9452000000000000e+009	 -1.5321780000000000e+001	
  4.9466000000000000e+009	 -1.5454100000000000e+001	
  4.9480000000000000e+009	 -1.5677250000000001e+001	
  4.9494000000000000e+009	 -1.5719730000000000e+001	
  4.9508000000000000e+009	 -1.5833010000000000e+001	
  4.9522000000000000e+009	 -1.5980470000000000e+001	
  4.9536000000000000e+009	 -1.5977539999999999e+001	
  4.9550000000000000e+009	 -1.6041010000000000e+001	
  4.9564000000000000e+009	 -1.6074220000000000e+001	
  4.9578000000000000e+009	 -1.6073239999999998e+001	
  4.9592000000000000e+009	 -1.6114260000000002e+001	
  4.9606000000000000e+009	 -1.6091790000000000e+001	
  4.9620000000000000e+009	 -1.6069340000000000e+001	
  4.9634000000000000e+009	 -1.6012689999999999e+001	
  4.9648000000000000e+009	 -1.6030270000000002e+001	
  4.9662000000000000e+009	 -1.6000979999999998e+001	
  4.9676000000000000e+009	 -1.5972659999999999e+001	
  4.9690000000000000e+009	 -1.5965330000000000e+001	
  4.9704000000000000e+009	 -1.5979490000000000e+001	
  4.9718000000000000e+009	 -1.5978030000000000e+001	
  4.9732000000000000e+009	 -1.6100590000000000e+001	
  4.9746000000000000e+009	 -1.6134770000000000e+001	
  4.9760000000000000e+009	 -1.6260739999999998e+001	
  4.9774000000000000e+009	 -1.6399410000000000e+001	
  4.9788000000000000e+009	 -1.6520510000000002e+001	
  4.9802000000000000e+009	 -1.6736329999999999e+001	
  4.9816000000000000e+009	 -1.6968750000000000e+001	
  4.9830000000000000e+009	 -1.7163090000000000e+001	
  4.9844000000000000e+009	 -1.7451170000000001e+001	
  4.9858000000000000e+009	 -1.7664059999999999e+001	
  4.9872000000000000e+009	 -1.7940429999999999e+001	
  4.9886000000000000e+009	 -1.8143550000000001e+001	
  4.9900000000000000e+009	 -1.8426760000000002e+001	
  4.9914000000000000e+009	 -1.8715820000000001e+001	
  4.9928000000000000e+009	 -1.8946290000000001e+001	
  4.9942000000000000e+009	 -1.9210940000000001e+001	
  4.9956000000000000e+009	 -1.9417970000000000e+001	
  4.9970000000000000e+009	 -1.9610350000000000e+001	
  4.9984000000000000e+009	 -1.9796869999999998e+001	
  4.9998000000000000e+009	 -1.9977540000000001e+001	
  5.0012000000000000e+009	 -2.0123049999999999e+001	
  5.0026000000000000e+009	 -2.0251950000000001e+001	
  5.0040000000000000e+009	 -2.0409179999999999e+001	
  5.0054000000000000e+009	 -2.0460930000000001e+001	
  5.0068000000000000e+009	 -2.0544920000000001e+001	
  5.0082000000000000e+009	 -2.0594729999999998e+001	
  5.0096000000000000e+009	 -2.0640630000000002e+001	
  5.0110000000000000e+009	 -2.0699220000000000e+001	
  5.0124000000000000e+009	 -2.0634770000000000e+001	
  5.0138000000000000e+009	 -2.0625000000000000e+001	
  5.0152000000000000e+009	 -2.0733400000000000e+001	
  5.0166000000000000e+009	 -2.0768550000000001e+001	
  5.0180000000000000e+009	 -2.0794920000000001e+001	
  5.0194000000000000e+009	 -2.0763670000000001e+001	
  5.0208000000000000e+009	 -2.0756840000000000e+001	
  5.0222000000000000e+009	 -2.0777339999999999e+001	
  5.0236000000000000e+009	 -2.0779290000000000e+001	
  5.0250000000000000e+009	 -2.0790040000000001e+001	
  5.0264000000000000e+009	 -2.0870120000000000e+001	
  5.0278000000000000e+009	 -2.0820309999999999e+001	
  5.0292000000000000e+009	 -2.0794920000000001e+001	
  5.0306000000000000e+009	 -2.0867190000000001e+001	
  5.0320000000000000e+009	 -2.0876950000000001e+001	
  5.0334000000000000e+009	 -2.0872070000000001e+001	
  5.0348000000000000e+009	 -2.0914059999999999e+001	
  5.0362000000000000e+009	 -2.0926760000000002e+001	
  5.0376000000000000e+009	 -2.0957030000000000e+001	
  5.0390000000000000e+009	 -2.1014650000000000e+001	
  5.0404000000000000e+009	 -2.1013670000000001e+001	
  5.0418000000000000e+009	 -2.0966799999999999e+001	
  5.0432000000000000e+009	 -2.1036130000000000e+001	
  5.0446000000000000e+009	 -2.1024410000000000e+001	
  5.0460000000000000e+009	 -2.1083980000000000e+001	
  5.0474000000000000e+009	 -2.1100580000000001e+001	
  5.0488000000000000e+009	 -2.1044920000000001e+001	
  5.0502000000000000e+009	 -2.1153320000000001e+001	
  5.0516000000000000e+009	 -2.1202150000000000e+001	
  5.0530000000000000e+009	 -2.1241209999999999e+001	
  5.0544000000000000e+009	 -2.1304690000000001e+001	
  5.0558000000000000e+009	 -2.1352540000000001e+001	
  5.0572000000000000e+009	 -2.1408200000000001e+001	
  5.0586000000000000e+009	 -2.1533200000000001e+001	
  5.0600000000000000e+009	 -2.1677730000000000e+001	
  5.0614000000000000e+009	 -2.1781250000000000e+001	
  5.0628000000000000e+009	 -2.1925780000000000e+001	
  5.0642000000000000e+009	 -2.2057610000000000e+001	
  5.0656000000000000e+009	 -2.2227540000000001e+001	
  5.0670000000000000e+009	 -2.2416010000000000e+001	
  5.0684000000000000e+009	 -2.2563479999999998e+001	
  5.0698000000000000e+009	 -2.2686520000000002e+001	
  5.0712000000000000e+009	 -2.2873040000000000e+001	
  5.0726000000000000e+009	 -2.3120120000000000e+001	
  5.0740000000000000e+009	 -2.3272459999999999e+001	
  5.0754000000000000e+009	 -2.3422850000000000e+001	
  5.0768000000000000e+009	 -2.3502929999999999e+001	
  5.0782000000000000e+009	 -2.3619140000000002e+001	
  5.0796000000000000e+009	 -2.3751950000000001e+001	
  5.0810000000000000e+009	 -2.3859369999999998e+001	
  5.0824000000000000e+009	 -2.3917970000000000e+001	
  5.0838000000000000e+009	 -2.3993160000000000e+001	
  5.0852000000000000e+009	 -2.4000969999999999e+001	
  5.0866000000000000e+009	 -2.3928709999999999e+001	
  5.0880000000000000e+009	 -2.4034179999999999e+001	
  5.0894000000000000e+009	 -2.3984380000000002e+001	
  5.0908000000000000e+009	 -2.3942380000000000e+001	
  5.0922000000000000e+009	 -2.3887699999999999e+001	
  5.0936000000000000e+009	 -2.3774410000000000e+001	
  5.0950000000000000e+009	 -2.3707999999999998e+001	
  5.0964000000000000e+009	 -2.3556640000000002e+001	
  5.0978000000000000e+009	 -2.3429680000000001e+001	
  5.0992000000000000e+009	 -2.3299800000000001e+001	
  5.1006000000000000e+009	 -2.3122070000000001e+001	
  5.1020000000000000e+009	 -2.2987300000000001e+001	
  5.1034000000000000e+009	 -2.2837890000000002e+001	
  5.1048000000000000e+009	 -2.2688469999999999e+001	
  5.1062000000000000e+009	 -2.2519530000000000e+001	
  5.1076000000000000e+009	 -2.2341790000000000e+001	
  5.1090000000000000e+009	 -2.2208010000000002e+001	
  5.1104000000000000e+009	 -2.2092770000000002e+001	
  5.1118000000000000e+009	 -2.2041989999999998e+001	
  5.1132000000000000e+009	 -2.1885739999999998e+001	
  5.1146000000000000e+009	 -2.1943359999999998e+001	
  5.1160000000000000e+009	 -2.1934570000000001e+001	
  5.1174000000000000e+009	 -2.1952150000000000e+001	
  5.1188000000000000e+009	 -2.2003900000000002e+001	
  5.1202000000000000e+009	 -2.2042970000000000e+001	
  5.1216000000000000e+009	 -2.2172850000000000e+001	
  5.1230000000000000e+009	 -2.2247070000000001e+001	
  5.1244000000000000e+009	 -2.2431640000000002e+001	
  5.1258000000000000e+009	 -2.2607420000000001e+001	
  5.1272000000000000e+009	 -2.2794920000000001e+001	
  5.1286000000000000e+009	 -2.3013670000000001e+001	
  5.1300000000000000e+009	 -2.3244140000000002e+001	
  5.1314000000000000e+009	 -2.3442380000000000e+001	
  5.1328000000000000e+009	 -2.3601559999999999e+001	
  5.1342000000000000e+009	 -2.3911130000000000e+001	
  5.1356000000000000e+009	 -2.4112300000000001e+001	
  5.1370000000000000e+009	 -2.4242190000000001e+001	
  5.1384000000000000e+009	 -2.4397459999999999e+001	
  5.1398000000000000e+009	 -2.4592770000000002e+001	
  5.1412000000000000e+009	 -2.4634760000000000e+001	
  5.1426000000000000e+009	 -2.4834959999999999e+001	
  5.1440000000000000e+009	 -2.5012689999999999e+001	
  5.1454000000000000e+009	 -2.4983400000000000e+001	
  5.1468000000000000e+009	 -2.5055660000000000e+001	
  5.1482000000000000e+009	 -2.5157219999999999e+001	
  5.1496000000000000e+009	 -2.5149410000000000e+001	
  5.1510000000000000e+009	 -2.5043949999999999e+001	
  5.1524000000000000e+009	 -2.4969729999999998e+001	
  5.1538000000000000e+009	 -2.4954100000000000e+001	
  5.1552000000000000e+009	 -2.4810540000000000e+001	
  5.1566000000000000e+009	 -2.4744140000000002e+001	
  5.1580000000000000e+009	 -2.4523430000000001e+001	
  5.1594000000000000e+009	 -2.4370120000000000e+001	
  5.1608000000000000e+009	 -2.4228520000000000e+001	
  5.1622000000000000e+009	 -2.4031250000000000e+001	
  5.1636000000000000e+009	 -2.3801760000000002e+001	
  5.1650000000000000e+009	 -2.3667970000000000e+001	
  5.1664000000000000e+009	 -2.3486329999999999e+001	
  5.1678000000000000e+009	 -2.3277339999999999e+001	
  5.1692000000000000e+009	 -2.3033200000000001e+001	
  5.1706000000000000e+009	 -2.2943359999999998e+001	
  5.1720000000000000e+009	 -2.2798829999999999e+001	
  5.1734000000000000e+009	 -2.2736329999999999e+001	
  5.1748000000000000e+009	 -2.2575189999999999e+001	
  5.1762000000000000e+009	 -2.2556640000000002e+001	
  5.1776000000000000e+009	 -2.2558589999999999e+001	
  5.1790000000000000e+009	 -2.2604489999999998e+001	
  5.1804000000000000e+009	 -2.2628900000000002e+001	
  5.1818000000000000e+009	 -2.2697260000000000e+001	
  5.1832000000000000e+009	 -2.2852540000000001e+001	
  5.1846000000000000e+009	 -2.2887689999999999e+001	
  5.1860000000000000e+009	 -2.3007809999999999e+001	
  5.1874000000000000e+009	 -2.3170900000000000e+001	
  5.1888000000000000e+009	 -2.3333980000000000e+001	
  5.1902000000000000e+009	 -2.3438479999999998e+001	
  5.1916000000000000e+009	 -2.3630859999999998e+001	
  5.1930000000000000e+009	 -2.3798829999999999e+001	
  5.1944000000000000e+009	 -2.3943359999999998e+001	
  5.1958000000000000e+009	 -2.4102540000000001e+001	
  5.1972000000000000e+009	 -2.4187500000000000e+001	
  5.1986000000000000e+009	 -2.4353510000000000e+001	
  5.2000000000000000e+009	 -2.4446290000000001e+001	
  5.2014000000000000e+009	 -2.4559570000000001e+001	
  5.2028000000000000e+009	 -2.4640619999999998e+001	
  5.2042000000000000e+009	 -2.4705079999999999e+001	
  5.2056000000000000e+009	 -2.4755859999999998e+001	
  5.2070000000000000e+009	 -2.4812500000000000e+001	
  5.2084000000000000e+009	 -2.4873049999999999e+001	
  5.2098000000000000e+009	 -2.4897459999999999e+001	
  5.2112000000000000e+009	 -2.4961910000000000e+001	
  5.2126000000000000e+009	 -2.4923829999999999e+001	
  5.2140000000000000e+009	 -2.5028320000000001e+001	
  5.2154000000000000e+009	 -2.5030270000000002e+001	
  5.2168000000000000e+009	 -2.4987300000000001e+001	
  5.2182000000000000e+009	 -2.4975590000000000e+001	
  5.2196000000000000e+009	 -2.4936520000000002e+001	
  5.2210000000000000e+009	 -2.4879880000000000e+001	
  5.2224000000000000e+009	 -2.4831050000000001e+001	
  5.2238000000000000e+009	 -2.4731449999999999e+001	
  5.2252000000000000e+009	 -2.4648440000000001e+001	
  5.2266000000000000e+009	 -2.4585930000000001e+001	
  5.2280000000000000e+009	 -2.4474609999999998e+001	
  5.2294000000000000e+009	 -2.4324220000000000e+001	
  5.2308000000000000e+009	 -2.4181640000000002e+001	
  5.2322000000000000e+009	 -2.4057620000000000e+001	
  5.2336000000000000e+009	 -2.3910160000000001e+001	
  5.2350000000000000e+009	 -2.3801760000000002e+001	
  5.2364000000000000e+009	 -2.3594729999999998e+001	
  5.2378000000000000e+009	 -2.3430660000000000e+001	
  5.2392000000000000e+009	 -2.3311520000000002e+001	
  5.2406000000000000e+009	 -2.3219719999999999e+001	
  5.2420000000000000e+009	 -2.2956050000000001e+001	
  5.2434000000000000e+009	 -2.2881840000000000e+001	
  5.2448000000000000e+009	 -2.2775390000000002e+001	
  5.2462000000000000e+009	 -2.2678709999999999e+001	
  5.2476000000000000e+009	 -2.2638670000000001e+001	
  5.2490000000000000e+009	 -2.2612300000000001e+001	
  5.2504000000000000e+009	 -2.2673829999999999e+001	
  5.2518000000000000e+009	 -2.2587890000000002e+001	
  5.2532000000000000e+009	 -2.2637699999999999e+001	
  5.2546000000000000e+009	 -2.2701170000000001e+001	
  5.2560000000000000e+009	 -2.2791010000000000e+001	
  5.2574000000000000e+009	 -2.2905270000000002e+001	
  5.2588000000000000e+009	 -2.3018560000000001e+001	
  5.2602000000000000e+009	 -2.3154299999999999e+001	
  5.2616000000000000e+009	 -2.3274410000000000e+001	
  5.2630000000000000e+009	 -2.3373049999999999e+001	
  5.2644000000000000e+009	 -2.3527339999999999e+001	
  5.2658000000000000e+009	 -2.3694330000000001e+001	
  5.2672000000000000e+009	 -2.3787109999999998e+001	
  5.2686000000000000e+009	 -2.3864249999999998e+001	
  5.2700000000000000e+009	 -2.4010739999999998e+001	
  5.2714000000000000e+009	 -2.4016600000000000e+001	
  5.2728000000000000e+009	 -2.4157219999999999e+001	
  5.2742000000000000e+009	 -2.4171869999999998e+001	
  5.2756000000000000e+009	 -2.4164059999999999e+001	
  5.2770000000000000e+009	 -2.4161130000000000e+001	
  5.2784000000000000e+009	 -2.4125979999999998e+001	
  5.2798000000000000e+009	 -2.4147459999999999e+001	
  5.2812000000000000e+009	 -2.4099609999999998e+001	
  5.2826000000000000e+009	 -2.4087890000000002e+001	
  5.2840000000000000e+009	 -2.4032229999999998e+001	
  5.2854000000000000e+009	 -2.3941410000000001e+001	
  5.2868000000000000e+009	 -2.3878900000000002e+001	
  5.2882000000000000e+009	 -2.3766600000000000e+001	
  5.2896000000000000e+009	 -2.3696290000000001e+001	
  5.2910000000000000e+009	 -2.3598630000000000e+001	
  5.2924000000000000e+009	 -2.3536130000000000e+001	
  5.2938000000000000e+009	 -2.3430660000000000e+001	
  5.2952000000000000e+009	 -2.3328119999999998e+001	
  5.2966000000000000e+009	 -2.3281250000000000e+001	
  5.2980000000000000e+009	 -2.3166989999999998e+001	
  5.2994000000000000e+009	 -2.3094729999999998e+001	
  5.3008000000000000e+009	 -2.3007809999999999e+001	
  5.3022000000000000e+009	 -2.2896490000000000e+001	
  5.3036000000000000e+009	 -2.2745120000000000e+001	
  5.3050000000000000e+009	 -2.2692380000000000e+001	
  5.3064000000000000e+009	 -2.2498040000000000e+001	
  5.3078000000000000e+009	 -2.2436520000000002e+001	
  5.3092000000000000e+009	 -2.2263670000000001e+001	
  5.3106000000000000e+009	 -2.2130859999999998e+001	
  5.3120000000000000e+009	 -2.1951170000000001e+001	
  5.3134000000000000e+009	 -2.1889650000000000e+001	
  5.3148000000000000e+009	 -2.1738280000000000e+001	
  5.3162000000000000e+009	 -2.1621089999999999e+001	
  5.3176000000000000e+009	 -2.1485350000000000e+001	
  5.3190000000000000e+009	 -2.1359369999999998e+001	
  5.3204000000000000e+009	 -2.1258790000000001e+001	
  5.3218000000000000e+009	 -2.1180660000000000e+001	
  5.3232000000000000e+009	 -2.1095700000000001e+001	
  5.3246000000000000e+009	 -2.1055669999999999e+001	
  5.3260000000000000e+009	 -2.1078119999999998e+001	
  5.3274000000000000e+009	 -2.1073239999999998e+001	
  5.3288000000000000e+009	 -2.1147459999999999e+001	
  5.3302000000000000e+009	 -2.1170900000000000e+001	
  5.3316000000000000e+009	 -2.1303709999999999e+001	
  5.3330000000000000e+009	 -2.1426760000000002e+001	
  5.3344000000000000e+009	 -2.1554680000000001e+001	
  5.3358000000000000e+009	 -2.1769530000000000e+001	
  5.3372000000000000e+009	 -2.1896480000000000e+001	
  5.3386000000000000e+009	 -2.2055660000000000e+001	
  5.3400000000000000e+009	 -2.2235350000000000e+001	
  5.3414000000000000e+009	 -2.2423829999999999e+001	
  5.3428000000000000e+009	 -2.2566400000000002e+001	
  5.3442000000000000e+009	 -2.2737300000000001e+001	
  5.3456000000000000e+009	 -2.2880859999999998e+001	
  5.3470000000000000e+009	 -2.2968750000000000e+001	
  5.3484000000000000e+009	 -2.3038090000000000e+001	
  5.3498000000000000e+009	 -2.3014650000000000e+001	
  5.3512000000000000e+009	 -2.3066410000000001e+001	
  5.3526000000000000e+009	 -2.3074220000000000e+001	
  5.3540000000000000e+009	 -2.3026370000000000e+001	
  5.3554000000000000e+009	 -2.2949220000000000e+001	
  5.3568000000000000e+009	 -2.2851559999999999e+001	
  5.3582000000000000e+009	 -2.2711910000000000e+001	
  5.3596000000000000e+009	 -2.2526360000000000e+001	
  5.3610000000000000e+009	 -2.2344729999999998e+001	
  5.3624000000000000e+009	 -2.2128910000000001e+001	
  5.3638000000000000e+009	 -2.1830079999999999e+001	
  5.3652000000000000e+009	 -2.1697260000000000e+001	
  5.3666000000000000e+009	 -2.1380859999999998e+001	
  5.3680000000000000e+009	 -2.1058589999999999e+001	
  5.3694000000000000e+009	 -2.0784179999999999e+001	
  5.3708000000000000e+009	 -2.0454100000000000e+001	
  5.3722000000000000e+009	 -2.0319330000000001e+001	
  5.3736000000000000e+009	 -2.0012689999999999e+001	
  5.3750000000000000e+009	 -1.9759760000000000e+001	
  5.3764000000000000e+009	 -1.9546869999999998e+001	
  5.3778000000000000e+009	 -1.9357420000000001e+001	
  5.3792000000000000e+009	 -1.9250969999999999e+001	
  5.3806000000000000e+009	 -1.9140630000000002e+001	
  5.3820000000000000e+009	 -1.9083980000000000e+001	
  5.3834000000000000e+009	 -1.9020510000000002e+001	
  5.3848000000000000e+009	 -1.8983400000000000e+001	
  5.3862000000000000e+009	 -1.8988280000000000e+001	
  5.3876000000000000e+009	 -1.9062500000000000e+001	
  5.3890000000000000e+009	 -1.9077150000000000e+001	
  5.3904000000000000e+009	 -1.9170900000000000e+001	
  5.3918000000000000e+009	 -1.9247070000000001e+001	
  5.3932000000000000e+009	 -1.9302730000000000e+001	
  5.3946000000000000e+009	 -1.9429690000000001e+001	
  5.3960000000000000e+009	 -1.9458980000000000e+001	
  5.3974000000000000e+009	 -1.9600580000000001e+001	
  5.3988000000000000e+009	 -1.9669920000000001e+001	
  5.4002000000000000e+009	 -1.9701170000000001e+001	
  5.4016000000000000e+009	 -1.9842770000000002e+001	
  5.4030000000000000e+009	 -1.9948239999999998e+001	
  5.4044000000000000e+009	 -1.9992190000000001e+001	
  5.4058000000000000e+009	 -1.9916010000000000e+001	
  5.4072000000000000e+009	 -1.9999020000000002e+001	
  5.4086000000000000e+009	 -1.9994140000000002e+001	
  5.4100000000000000e+009	 -1.9981439999999999e+001	
  5.4114000000000000e+009	 -1.9993160000000000e+001	
  5.4128000000000000e+009	 -1.9898440000000001e+001	
  5.4142000000000000e+009	 -1.9883790000000001e+001	
  5.4156000000000000e+009	 -1.9808589999999999e+001	
  5.4170000000000000e+009	 -1.9781250000000000e+001	
  5.4184000000000000e+009	 -1.9699220000000000e+001	
  5.4198000000000000e+009	 -1.9633790000000001e+001	
  5.4212000000000000e+009	 -1.9512689999999999e+001	
  5.4226000000000000e+009	 -1.9430660000000000e+001	
  5.4240000000000000e+009	 -1.9360350000000000e+001	
  5.4254000000000000e+009	 -1.9178709999999999e+001	
  5.4268000000000000e+009	 -1.9105470000000000e+001	
  5.4282000000000000e+009	 -1.8982420000000001e+001	
  5.4296000000000000e+009	 -1.8926760000000002e+001	
  5.4310000000000000e+009	 -1.8764650000000000e+001	
  5.4324000000000000e+009	 -1.8609369999999998e+001	
  5.4338000000000000e+009	 -1.8481449999999999e+001	
  5.4352000000000000e+009	 -1.8352540000000001e+001	
  5.4366000000000000e+009	 -1.8158200000000001e+001	
  5.4380000000000000e+009	 -1.8065429999999999e+001	
  5.4394000000000000e+009	 -1.7931640000000002e+001	
  5.4408000000000000e+009	 -1.7816410000000001e+001	
  5.4422000000000000e+009	 -1.7675780000000000e+001	
  5.4436000000000000e+009	 -1.7560549999999999e+001	
  5.4450000000000000e+009	 -1.7472660000000001e+001	
  5.4464000000000000e+009	 -1.7373049999999999e+001	
  5.4478000000000000e+009	 -1.7300780000000000e+001	
  5.4492000000000000e+009	 -1.7225580000000001e+001	
  5.4506000000000000e+009	 -1.7130859999999998e+001	
  5.4520000000000000e+009	 -1.7085940000000001e+001	
  5.4534000000000000e+009	 -1.7056640000000002e+001	
  5.4548000000000000e+009	 -1.6993160000000000e+001	
  5.4562000000000000e+009	 -1.7006840000000000e+001	
  5.4576000000000000e+009	 -1.7028320000000001e+001	
  5.4590000000000000e+009	 -1.7009760000000000e+001	
  5.4604000000000000e+009	 -1.6985350000000000e+001	
  5.4618000000000000e+009	 -1.6962890000000002e+001	
  5.4632000000000000e+009	 -1.7011720000000000e+001	
  5.4646000000000000e+009	 -1.7019530000000000e+001	
  5.4660000000000000e+009	 -1.7129880000000000e+001	
  5.4674000000000000e+009	 -1.7128910000000001e+001	
  5.4688000000000000e+009	 -1.7150390000000002e+001	
  5.4702000000000000e+009	 -1.7177730000000000e+001	
  5.4716000000000000e+009	 -1.7195309999999999e+001	
  5.4730000000000000e+009	 -1.7244140000000002e+001	
  5.4744000000000000e+009	 -1.7272459999999999e+001	
  5.4758000000000000e+009	 -1.7329100000000000e+001	
  5.4772000000000000e+009	 -1.7365230000000000e+001	
  5.4786000000000000e+009	 -1.7393550000000001e+001	
  5.4800000000000000e+009	 -1.7429690000000001e+001	
  5.4814000000000000e+009	 -1.7489260000000002e+001	
  5.4828000000000000e+009	 -1.7578130000000002e+001	
  5.4842000000000000e+009	 -1.7580079999999999e+001	
  5.4856000000000000e+009	 -1.7600580000000001e+001	
  5.4870000000000000e+009	 -1.7692380000000000e+001	
  5.4884000000000000e+009	 -1.7667970000000000e+001	
  5.4898000000000000e+009	 -1.7809570000000001e+001	
  5.4912000000000000e+009	 -1.7768550000000001e+001	
  5.4926000000000000e+009	 -1.7860350000000000e+001	
  5.4940000000000000e+009	 -1.7962890000000002e+001	
  5.4954000000000000e+009	 -1.7987300000000001e+001	
  5.4968000000000000e+009	 -1.8057620000000000e+001	
  5.4982000000000000e+009	 -1.8050780000000000e+001	
  5.4996000000000000e+009	 -1.8091799999999999e+001	
  5.5010000000000000e+009	 -1.8124020000000002e+001	
  5.5024000000000000e+009	 -1.8098630000000000e+001	
  5.5038000000000000e+009	 -1.8140619999999998e+001	
  5.5052000000000000e+009	 -1.8086910000000000e+001	
  5.5066000000000000e+009	 -1.8065429999999999e+001	
  5.5080000000000000e+009	 -1.7978520000000000e+001	
  5.5094000000000000e+009	 -1.7935549999999999e+001	
  5.5108000000000000e+009	 -1.7846679999999999e+001	
  5.5122000000000000e+009	 -1.7806640000000002e+001	
  5.5136000000000000e+009	 -1.7699220000000000e+001	
  5.5150000000000000e+009	 -1.7616209999999999e+001	
  5.5164000000000000e+009	 -1.7458010000000002e+001	
  5.5178000000000000e+009	 -1.7385739999999998e+001	
  5.5192000000000000e+009	 -1.7289059999999999e+001	
  5.5206000000000000e+009	 -1.7170900000000000e+001	
  5.5220000000000000e+009	 -1.7016600000000000e+001	
  5.5234000000000000e+009	 -1.6945309999999999e+001	
  5.5248000000000000e+009	 -1.6852540000000001e+001	
  5.5262000000000000e+009	 -1.6781250000000000e+001	
  5.5276000000000000e+009	 -1.6732420000000001e+001	
  5.5290000000000000e+009	 -1.6725590000000000e+001	
  5.5304000000000000e+009	 -1.6800780000000000e+001	
  5.5318000000000000e+009	 -1.6855470000000000e+001	
  5.5332000000000000e+009	 -1.6934570000000001e+001	
  5.5346000000000000e+009	 -1.7065429999999999e+001	
  5.5360000000000000e+009	 -1.7209959999999999e+001	
  5.5374000000000000e+009	 -1.7399410000000000e+001	
  5.5388000000000000e+009	 -1.7601559999999999e+001	
  5.5402000000000000e+009	 -1.7833010000000002e+001	
  5.5416000000000000e+009	 -1.8065429999999999e+001	
  5.5430000000000000e+009	 -1.8364260000000002e+001	
  5.5444000000000000e+009	 -1.8531250000000000e+001	
  5.5458000000000000e+009	 -1.8778320000000001e+001	
  5.5472000000000000e+009	 -1.9072270000000000e+001	
  5.5486000000000000e+009	 -1.9305660000000000e+001	
  5.5500000000000000e+009	 -1.9454100000000000e+001	
  5.5514000000000000e+009	 -1.9710940000000001e+001	
  5.5528000000000000e+009	 -1.9971679999999999e+001	
  5.5542000000000000e+009	 -2.0078130000000002e+001	
  5.5556000000000000e+009	 -2.0251950000000001e+001	
  5.5570000000000000e+009	 -2.0421869999999998e+001	
  5.5584000000000000e+009	 -2.0534179999999999e+001	
  5.5598000000000000e+009	 -2.0566410000000001e+001	
  5.5612000000000000e+009	 -2.0619140000000002e+001	
  5.5626000000000000e+009	 -2.0627929999999999e+001	
  5.5640000000000000e+009	 -2.0678709999999999e+001	
  5.5654000000000000e+009	 -2.0665040000000001e+001	
  5.5668000000000000e+009	 -2.0585940000000001e+001	
  5.5682000000000000e+009	 -2.0537109999999998e+001	
  5.5696000000000000e+009	 -2.0465820000000001e+001	
  5.5710000000000000e+009	 -2.0369140000000002e+001	
  5.5724000000000000e+009	 -2.0235350000000000e+001	
  5.5738000000000000e+009	 -2.0195309999999999e+001	
  5.5752000000000000e+009	 -2.0036130000000000e+001	
  5.5766000000000000e+009	 -1.9941410000000001e+001	
  5.5780000000000000e+009	 -1.9840820000000001e+001	
  5.5794000000000000e+009	 -1.9747070000000001e+001	
  5.5808000000000000e+009	 -1.9736329999999999e+001	
  5.5822000000000000e+009	 -1.9663090000000000e+001	
  5.5836000000000000e+009	 -1.9607420000000001e+001	
  5.5850000000000000e+009	 -1.9606439999999999e+001	
  5.5864000000000000e+009	 -1.9559570000000001e+001	
  5.5878000000000000e+009	 -1.9491209999999999e+001	
  5.5892000000000000e+009	 -1.9490230000000000e+001	
  5.5906000000000000e+009	 -1.9453130000000002e+001	
  5.5920000000000000e+009	 -1.9452150000000000e+001	
  5.5934000000000000e+009	 -1.9558589999999999e+001	
  5.5948000000000000e+009	 -1.9601559999999999e+001	
  5.5962000000000000e+009	 -1.9721679999999999e+001	
  5.5976000000000000e+009	 -1.9831050000000001e+001	
  5.5990000000000000e+009	 -1.9960940000000001e+001	
  5.6004000000000000e+009	 -2.0098630000000000e+001	
  5.6018000000000000e+009	 -2.0207030000000000e+001	
  5.6032000000000000e+009	 -2.0385739999999998e+001	
  5.6046000000000000e+009	 -2.0396490000000000e+001	
  5.6060000000000000e+009	 -2.0412109999999998e+001	
  5.6074000000000000e+009	 -2.0416020000000000e+001	
  5.6088000000000000e+009	 -2.0279299999999999e+001	
  5.6102000000000000e+009	 -2.0099609999999998e+001	
  5.6116000000000000e+009	 -1.9910150000000002e+001	
  5.6130000000000000e+009	 -1.9753900000000002e+001	
  5.6144000000000000e+009	 -1.9644530000000000e+001	
  5.6158000000000000e+009	 -1.9616209999999999e+001	
  5.6172000000000000e+009	 -1.9650390000000002e+001	
  5.6186000000000000e+009	 -1.9842770000000002e+001	
  5.6200000000000000e+009	 -1.9974609999999998e+001	
