  3.5000000000000000e+009	 -3.0335940000000001e+001	
  3.5022000000000000e+009	 -3.0430660000000000e+001	
  3.5044000000000000e+009	 -3.0465820000000001e+001	
  3.5066000000000000e+009	 -3.0463870000000000e+001	
  3.5088000000000000e+009	 -3.0433589999999999e+001	
  3.5110000000000000e+009	 -3.0421869999999998e+001	
  3.5132000000000000e+009	 -3.0303709999999999e+001	
  3.5154000000000000e+009	 -3.0231439999999999e+001	
  3.5176000000000000e+009	 -3.0089839999999999e+001	
  3.5198000000000000e+009	 -3.0016600000000000e+001	
  3.5220000000000000e+009	 -2.9881830000000001e+001	
  3.5242000000000000e+009	 -2.9819340000000000e+001	
  3.5264000000000000e+009	 -2.9708980000000000e+001	
  3.5286000000000000e+009	 -2.9632809999999999e+001	
  3.5308000000000000e+009	 -2.9596679999999999e+001	
  3.5330000000000000e+009	 -2.9598630000000000e+001	
  3.5352000000000000e+009	 -2.9638670000000001e+001	
  3.5374000000000000e+009	 -2.9688469999999999e+001	
  3.5396000000000000e+009	 -2.9794920000000001e+001	
  3.5418000000000000e+009	 -2.9888670000000001e+001	
  3.5440000000000000e+009	 -2.9990230000000000e+001	
  3.5462000000000000e+009	 -3.0135739999999998e+001	
  3.5484000000000000e+009	 -3.0294920000000001e+001	
  3.5506000000000000e+009	 -3.0456050000000001e+001	
  3.5528000000000000e+009	 -3.0522459999999999e+001	
  3.5550000000000000e+009	 -3.0691400000000002e+001	
  3.5572000000000000e+009	 -3.0794920000000001e+001	
  3.5594000000000000e+009	 -3.0871089999999999e+001	
  3.5616000000000000e+009	 -3.0993160000000000e+001	
  3.5638000000000000e+009	 -3.1087890000000002e+001	
  3.5660000000000000e+009	 -3.1076170000000001e+001	
  3.5682000000000000e+009	 -3.1029299999999999e+001	
  3.5704000000000000e+009	 -3.0965820000000001e+001	
  3.5726000000000000e+009	 -3.0832030000000000e+001	
  3.5748000000000000e+009	 -3.0627929999999999e+001	
  3.5770000000000000e+009	 -3.0418939999999999e+001	
  3.5792000000000000e+009	 -3.0213870000000000e+001	
  3.5814000000000000e+009	 -2.9861329999999999e+001	
  3.5836000000000000e+009	 -2.9657229999999998e+001	
  3.5858000000000000e+009	 -2.9351559999999999e+001	
  3.5880000000000000e+009	 -2.9083980000000000e+001	
  3.5902000000000000e+009	 -2.8852540000000001e+001	
  3.5924000000000000e+009	 -2.8716790000000000e+001	
  3.5946000000000000e+009	 -2.8602540000000001e+001	
  3.5968000000000000e+009	 -2.8505859999999998e+001	
  3.5990000000000000e+009	 -2.8482420000000001e+001	
  3.6012000000000000e+009	 -2.8508790000000001e+001	
  3.6034000000000000e+009	 -2.8543939999999999e+001	
  3.6056000000000000e+009	 -2.8620110000000000e+001	
  3.6078000000000000e+009	 -2.8744140000000002e+001	
  3.6100000000000000e+009	 -2.8835940000000001e+001	
  3.6122000000000000e+009	 -2.8914059999999999e+001	
  3.6144000000000000e+009	 -2.9041010000000000e+001	
  3.6166000000000000e+009	 -2.9071290000000001e+001	
  3.6188000000000000e+009	 -2.9124020000000002e+001	
  3.6210000000000000e+009	 -2.9130859999999998e+001	
  3.6232000000000000e+009	 -2.9104489999999998e+001	
  3.6254000000000000e+009	 -2.9046869999999998e+001	
  3.6276000000000000e+009	 -2.8958980000000000e+001	
  3.6298000000000000e+009	 -2.8860350000000000e+001	
  3.6320000000000000e+009	 -2.8760739999999998e+001	
  3.6342000000000000e+009	 -2.8590820000000001e+001	
  3.6364000000000000e+009	 -2.8504880000000000e+001	
  3.6386000000000000e+009	 -2.8271480000000000e+001	
  3.6408000000000000e+009	 -2.8068359999999998e+001	
  3.6430000000000000e+009	 -2.7946290000000001e+001	
  3.6452000000000000e+009	 -2.7710930000000001e+001	
  3.6474000000000000e+009	 -2.7443359999999998e+001	
  3.6496000000000000e+009	 -2.7191410000000001e+001	
  3.6518000000000000e+009	 -2.6993160000000000e+001	
  3.6540000000000000e+009	 -2.6621089999999999e+001	
  3.6562000000000000e+009	 -2.6380859999999998e+001	
  3.6584000000000000e+009	 -2.6029299999999999e+001	
  3.6606000000000000e+009	 -2.5743160000000000e+001	
  3.6628000000000000e+009	 -2.5516600000000000e+001	
  3.6650000000000000e+009	 -2.5264640000000000e+001	
  3.6672000000000000e+009	 -2.5028320000000001e+001	
  3.6694000000000000e+009	 -2.4853520000000000e+001	
  3.6716000000000000e+009	 -2.4672850000000000e+001	
  3.6738000000000000e+009	 -2.4575199999999999e+001	
  3.6760000000000000e+009	 -2.4511720000000000e+001	
  3.6782000000000000e+009	 -2.4530270000000002e+001	
  3.6804000000000000e+009	 -2.4547850000000000e+001	
  3.6826000000000000e+009	 -2.4517569999999999e+001	
  3.6848000000000000e+009	 -2.4561520000000002e+001	
  3.6870000000000000e+009	 -2.4584959999999999e+001	
  3.6892000000000000e+009	 -2.4574220000000000e+001	
  3.6914000000000000e+009	 -2.4509760000000000e+001	
  3.6936000000000000e+009	 -2.4445309999999999e+001	
  3.6958000000000000e+009	 -2.4321290000000001e+001	
  3.6980000000000000e+009	 -2.4150390000000002e+001	
  3.7002000000000000e+009	 -2.3975590000000000e+001	
  3.7024000000000000e+009	 -2.3824220000000000e+001	
  3.7046000000000000e+009	 -2.3575199999999999e+001	
  3.7068000000000000e+009	 -2.3257809999999999e+001	
  3.7090000000000000e+009	 -2.2985350000000000e+001	
  3.7112000000000000e+009	 -2.2598630000000000e+001	
  3.7134000000000000e+009	 -2.2157229999999998e+001	
  3.7156000000000000e+009	 -2.1775390000000002e+001	
  3.7178000000000000e+009	 -2.1314450000000001e+001	
  3.7200000000000000e+009	 -2.1003900000000002e+001	
  3.7222000000000000e+009	 -2.0608400000000000e+001	
  3.7244000000000000e+009	 -2.0210940000000001e+001	
  3.7266000000000000e+009	 -1.9801760000000002e+001	
  3.7288000000000000e+009	 -1.9421869999999998e+001	
  3.7310000000000000e+009	 -1.8971679999999999e+001	
  3.7332000000000000e+009	 -1.8604489999999998e+001	
  3.7354000000000000e+009	 -1.8240230000000000e+001	
  3.7376000000000000e+009	 -1.7952150000000000e+001	
  3.7398000000000000e+009	 -1.7485350000000000e+001	
  3.7420000000000000e+009	 -1.7332030000000000e+001	
  3.7442000000000000e+009	 -1.7111329999999999e+001	
  3.7464000000000000e+009	 -1.6977540000000001e+001	
  3.7486000000000000e+009	 -1.6831050000000001e+001	
  3.7508000000000000e+009	 -1.6826170000000001e+001	
  3.7530000000000000e+009	 -1.6776370000000000e+001	
  3.7552000000000000e+009	 -1.6743160000000000e+001	
  3.7574000000000000e+009	 -1.6655270000000002e+001	
  3.7596000000000000e+009	 -1.6572270000000000e+001	
  3.7618000000000000e+009	 -1.6480470000000000e+001	
  3.7640000000000000e+009	 -1.6321290000000001e+001	
  3.7662000000000000e+009	 -1.6115230000000000e+001	
  3.7684000000000000e+009	 -1.5776370000000000e+001	
  3.7706000000000000e+009	 -1.5411130000000000e+001	
  3.7728000000000000e+009	 -1.5081540000000000e+001	
  3.7750000000000000e+009	 -1.4550290000000000e+001	
  3.7772000000000000e+009	 -1.4136229999999999e+001	
  3.7794000000000000e+009	 -1.3652830000000000e+001	
  3.7816000000000000e+009	 -1.3196289999999999e+001	
  3.7838000000000000e+009	 -1.2694820000000000e+001	
  3.7860000000000000e+009	 -1.2229979999999999e+001	
  3.7882000000000000e+009	 -1.1808109999999999e+001	
  3.7904000000000000e+009	 -1.1423340000000000e+001	
  3.7926000000000000e+009	 -1.1109380000000000e+001	
  3.7948000000000000e+009	 -1.0756349999999999e+001	
  3.7970000000000000e+009	 -1.0569820000000000e+001	
  3.7992000000000000e+009	 -1.0353520000000000e+001	
  3.8014000000000000e+009	 -1.0206049999999999e+001	
  3.8036000000000000e+009	 -1.0132320000000000e+001	
  3.8058000000000000e+009	 -1.0122560000000000e+001	
  3.8080000000000000e+009	 -1.0116700000000000e+001	
  3.8102000000000000e+009	 -1.0154299999999999e+001	
  3.8124000000000000e+009	 -1.0196289999999999e+001	
  3.8146000000000000e+009	 -1.0324710000000000e+001	
  3.8168000000000000e+009	 -1.0422359999999999e+001	
  3.8190000000000000e+009	 -1.0644040000000000e+001	
  3.8212000000000000e+009	 -1.0905760000000001e+001	
  3.8234000000000000e+009	 -1.1099610000000000e+001	
  3.8256000000000000e+009	 -1.1377929999999999e+001	
  3.8278000000000000e+009	 -1.1643070000000000e+001	
  3.8300000000000000e+009	 -1.1955080000000001e+001	
  3.8322000000000000e+009	 -1.2203130000000000e+001	
  3.8344000000000000e+009	 -1.2525880000000001e+001	
  3.8366000000000000e+009	 -1.2806150000000001e+001	
  3.8388000000000000e+009	 -1.3038570000000000e+001	
  3.8410000000000000e+009	 -1.3331049999999999e+001	
  3.8432000000000000e+009	 -1.3577640000000001e+001	
  3.8454000000000000e+009	 -1.3701660000000000e+001	
  3.8476000000000000e+009	 -1.3962400000000001e+001	
  3.8498000000000000e+009	 -1.4038570000000000e+001	
  3.8520000000000000e+009	 -1.4194340000000000e+001	
  3.8542000000000000e+009	 -1.4218260000000001e+001	
  3.8564000000000000e+009	 -1.4346679999999999e+001	
  3.8586000000000000e+009	 -1.4293460000000000e+001	
  3.8608000000000000e+009	 -1.4285159999999999e+001	
  3.8630000000000000e+009	 -1.4272950000000000e+001	
  3.8652000000000000e+009	 -1.4245120000000000e+001	
  3.8674000000000000e+009	 -1.4294430000000000e+001	
  3.8696000000000000e+009	 -1.4344239999999999e+001	
  3.8718000000000000e+009	 -1.4383300000000000e+001	
  3.8740000000000000e+009	 -1.4526859999999999e+001	
  3.8762000000000000e+009	 -1.4684570000000001e+001	
  3.8784000000000000e+009	 -1.4900390000000000e+001	
  3.8806000000000000e+009	 -1.5122070000000001e+001	
  3.8828000000000000e+009	 -1.5365720000000000e+001	
  3.8850000000000000e+009	 -1.5647460000000001e+001	
  3.8872000000000000e+009	 -1.5904790000000000e+001	
  3.8894000000000000e+009	 -1.6186520000000002e+001	
  3.8916000000000000e+009	 -1.6447270000000000e+001	
  3.8938000000000000e+009	 -1.6704100000000000e+001	
  3.8960000000000000e+009	 -1.6916020000000000e+001	
  3.8982000000000000e+009	 -1.7085940000000001e+001	
  3.9004000000000000e+009	 -1.7193359999999998e+001	
  3.9026000000000000e+009	 -1.7268550000000001e+001	
  3.9048000000000000e+009	 -1.7410150000000002e+001	
  3.9070000000000000e+009	 -1.7420900000000000e+001	
  3.9092000000000000e+009	 -1.7330079999999999e+001	
  3.9114000000000000e+009	 -1.7442380000000000e+001	
  3.9136000000000000e+009	 -1.7412109999999998e+001	
  3.9158000000000000e+009	 -1.7386720000000000e+001	
  3.9180000000000000e+009	 -1.7356439999999999e+001	
  3.9202000000000000e+009	 -1.7278320000000001e+001	
  3.9224000000000000e+009	 -1.7213870000000000e+001	
  3.9246000000000000e+009	 -1.7133790000000001e+001	
  3.9268000000000000e+009	 -1.7040040000000001e+001	
  3.9290000000000000e+009	 -1.6916989999999998e+001	
  3.9312000000000000e+009	 -1.6778320000000001e+001	
  3.9334000000000000e+009	 -1.6592770000000002e+001	
  3.9356000000000000e+009	 -1.6411130000000000e+001	
  3.9378000000000000e+009	 -1.6287109999999998e+001	
  3.9400000000000000e+009	 -1.6125000000000000e+001	
  3.9422000000000000e+009	 -1.5941890000000001e+001	
  3.9444000000000000e+009	 -1.5888180000000000e+001	
  3.9466000000000000e+009	 -1.5836910000000000e+001	
  3.9488000000000000e+009	 -1.5770510000000000e+001	
  3.9510000000000000e+009	 -1.5840330000000000e+001	
  3.9532000000000000e+009	 -1.5895510000000000e+001	
  3.9554000000000000e+009	 -1.6009760000000000e+001	
  3.9576000000000000e+009	 -1.6154299999999999e+001	
  3.9598000000000000e+009	 -1.6352540000000001e+001	
  3.9620000000000000e+009	 -1.6459959999999999e+001	
  3.9642000000000000e+009	 -1.6661130000000000e+001	
  3.9664000000000000e+009	 -1.6850590000000000e+001	
  3.9686000000000000e+009	 -1.6924800000000001e+001	
  3.9708000000000000e+009	 -1.6982420000000001e+001	
  3.9730000000000000e+009	 -1.7006840000000000e+001	
  3.9752000000000000e+009	 -1.6966799999999999e+001	
  3.9774000000000000e+009	 -1.6894530000000000e+001	
  3.9796000000000000e+009	 -1.6707030000000000e+001	
  3.9818000000000000e+009	 -1.6433589999999999e+001	
  3.9840000000000000e+009	 -1.6143550000000001e+001	
  3.9862000000000000e+009	 -1.5840820000000001e+001	
  3.9884000000000000e+009	 -1.5516109999999999e+001	
  3.9906000000000000e+009	 -1.5152830000000000e+001	
  3.9928000000000000e+009	 -1.4768549999999999e+001	
  3.9950000000000000e+009	 -1.4375000000000000e+001	
  3.9972000000000000e+009	 -1.4020510000000000e+001	
  3.9994000000000000e+009	 -1.3641600000000000e+001	
  4.0016000000000000e+009	 -1.3321780000000000e+001	
  4.0038000000000000e+009	 -1.3100099999999999e+001	
  4.0060000000000000e+009	 -1.2890140000000001e+001	
  4.0082000000000000e+009	 -1.2783200000000001e+001	
  4.0104000000000000e+009	 -1.2625000000000000e+001	
  4.0126000000000000e+009	 -1.2522460000000001e+001	
  4.0148000000000000e+009	 -1.2474610000000000e+001	
  4.0170000000000000e+009	 -1.2434080000000000e+001	
  4.0192000000000000e+009	 -1.2397460000000001e+001	
  4.0214000000000000e+009	 -1.2387700000000001e+001	
  4.0236000000000000e+009	 -1.2335940000000001e+001	
  4.0258000000000000e+009	 -1.2277340000000001e+001	
  4.0280000000000000e+009	 -1.2228030000000000e+001	
  4.0302000000000000e+009	 -1.2087400000000001e+001	
  4.0324000000000000e+009	 -1.1968750000000000e+001	
  4.0346000000000000e+009	 -1.1858400000000000e+001	
  4.0368000000000000e+009	 -1.1656739999999999e+001	
  4.0390000000000000e+009	 -1.1469730000000000e+001	
  4.0412000000000000e+009	 -1.1258300000000000e+001	
  4.0434000000000000e+009	 -1.1041499999999999e+001	
  4.0456000000000000e+009	 -1.0843260000000001e+001	
  4.0478000000000000e+009	 -1.0644530000000000e+001	
  4.0500000000000000e+009	 -1.0481930000000000e+001	
  4.0522000000000000e+009	 -1.0380860000000000e+001	
  4.0544000000000000e+009	 -1.0221679999999999e+001	
  4.0566000000000000e+009	 -1.0216799999999999e+001	
  4.0588000000000000e+009	 -1.0153320000000001e+001	
  4.0610000000000000e+009	 -1.0187010000000001e+001	
  4.0632000000000000e+009	 -1.0250000000000000e+001	
  4.0654000000000000e+009	 -1.0290530000000000e+001	
  4.0676000000000000e+009	 -1.0388180000000000e+001	
  4.0698000000000000e+009	 -1.0536130000000000e+001	
  4.0720000000000000e+009	 -1.0717770000000000e+001	
  4.0742000000000000e+009	 -1.0955570000000000e+001	
  4.0764000000000000e+009	 -1.1146480000000000e+001	
  4.0786000000000000e+009	 -1.1443849999999999e+001	
  4.0808000000000000e+009	 -1.1738770000000001e+001	
  4.0830000000000000e+009	 -1.2041499999999999e+001	
  4.0852000000000000e+009	 -1.2406250000000000e+001	
  4.0874000000000000e+009	 -1.2700680000000000e+001	
  4.0896000000000000e+009	 -1.3101070000000000e+001	
  4.0918000000000000e+009	 -1.3417479999999999e+001	
  4.0940000000000000e+009	 -1.3725099999999999e+001	
  4.0962000000000000e+009	 -1.4068849999999999e+001	
  4.0984000000000000e+009	 -1.4393070000000000e+001	
  4.1006000000000000e+009	 -1.4726559999999999e+001	
  4.1028000000000000e+009	 -1.5094730000000000e+001	
  4.1050000000000000e+009	 -1.5454100000000000e+001	
  4.1072000000000000e+009	 -1.5820309999999999e+001	
  4.1094000000000000e+009	 -1.6250000000000000e+001	
  4.1116000000000000e+009	 -1.6718750000000000e+001	
  4.1138000000000000e+009	 -1.7146480000000000e+001	
  4.1160000000000000e+009	 -1.7713870000000000e+001	
  4.1182000000000000e+009	 -1.8059570000000001e+001	
  4.1204000000000000e+009	 -1.8613280000000000e+001	
  4.1226000000000000e+009	 -1.8968750000000000e+001	
  4.1248000000000000e+009	 -1.9366209999999999e+001	
  4.1270000000000000e+009	 -1.9698239999999998e+001	
  4.1292000000000000e+009	 -1.9991209999999999e+001	
  4.1314000000000000e+009	 -2.0234380000000002e+001	
  4.1336000000000000e+009	 -2.0460930000000001e+001	
  4.1358000000000000e+009	 -2.0584959999999999e+001	
  4.1380000000000000e+009	 -2.0739249999999998e+001	
  4.1402000000000000e+009	 -2.0738280000000000e+001	
  4.1424000000000000e+009	 -2.0858400000000000e+001	
  4.1446000000000000e+009	 -2.0795900000000000e+001	
  4.1468000000000000e+009	 -2.0657219999999999e+001	
  4.1490000000000000e+009	 -2.0615230000000000e+001	
  4.1512000000000000e+009	 -2.0395510000000002e+001	
  4.1534000000000000e+009	 -2.0054690000000001e+001	
  4.1556000000000000e+009	 -1.9659179999999999e+001	
  4.1578000000000000e+009	 -1.9125000000000000e+001	
  4.1600000000000000e+009	 -1.8621089999999999e+001	
  4.1622000000000000e+009	 -1.8169920000000001e+001	
  4.1644000000000000e+009	 -1.7901370000000000e+001	
  4.1666000000000000e+009	 -1.7803709999999999e+001	
  4.1688000000000000e+009	 -1.7783200000000001e+001	
  4.1710000000000000e+009	 -1.7981439999999999e+001	
  4.1732000000000000e+009	 -1.8290040000000001e+001	
  4.1754000000000000e+009	 -1.8565429999999999e+001	
  4.1776000000000000e+009	 -1.8946290000000001e+001	
  4.1798000000000000e+009	 -1.9285150000000002e+001	
  4.1820000000000000e+009	 -1.9552730000000000e+001	
  4.1842000000000000e+009	 -1.9853520000000000e+001	
  4.1864000000000000e+009	 -2.0072260000000000e+001	
  4.1886000000000000e+009	 -2.0239260000000002e+001	
  4.1908000000000000e+009	 -2.0394530000000000e+001	
  4.1930000000000000e+009	 -2.0551760000000002e+001	
  4.1952000000000000e+009	 -2.0653320000000001e+001	
  4.1974000000000000e+009	 -2.0777339999999999e+001	
  4.1996000000000000e+009	 -2.0876950000000001e+001	
  4.2018000000000000e+009	 -2.0983400000000000e+001	
  4.2040000000000000e+009	 -2.1116209999999999e+001	
  4.2062000000000000e+009	 -2.1255859999999998e+001	
  4.2084000000000000e+009	 -2.1204100000000000e+001	
  4.2106000000000000e+009	 -2.1266600000000000e+001	
  4.2128000000000000e+009	 -2.1249020000000002e+001	
  4.2150000000000000e+009	 -2.1330079999999999e+001	
  4.2172000000000000e+009	 -2.1362300000000001e+001	
  4.2194000000000000e+009	 -2.1420900000000000e+001	
  4.2216000000000000e+009	 -2.1547850000000000e+001	
  4.2238000000000000e+009	 -2.1708980000000000e+001	
  4.2260000000000000e+009	 -2.1917970000000000e+001	
  4.2282000000000000e+009	 -2.2135739999999998e+001	
  4.2304000000000000e+009	 -2.2426760000000002e+001	
  4.2326000000000000e+009	 -2.2649410000000000e+001	
  4.2348000000000000e+009	 -2.2912109999999998e+001	
  4.2370000000000000e+009	 -2.3138670000000001e+001	
  4.2392000000000000e+009	 -2.3375000000000000e+001	
  4.2414000000000000e+009	 -2.3525390000000002e+001	
  4.2436000000000000e+009	 -2.3700189999999999e+001	
  4.2458000000000000e+009	 -2.3834959999999999e+001	
  4.2480000000000000e+009	 -2.3913080000000001e+001	
  4.2502000000000000e+009	 -2.3938469999999999e+001	
  4.2524000000000000e+009	 -2.3967770000000002e+001	
  4.2546000000000000e+009	 -2.3959959999999999e+001	
  4.2568000000000000e+009	 -2.3889650000000000e+001	
  4.2590000000000000e+009	 -2.3875000000000000e+001	
  4.2612000000000000e+009	 -2.3846679999999999e+001	
  4.2634000000000000e+009	 -2.3813479999999998e+001	
  4.2656000000000000e+009	 -2.3696290000000001e+001	
  4.2678000000000000e+009	 -2.3798829999999999e+001	
  4.2700000000000000e+009	 -2.3887699999999999e+001	
  4.2722000000000000e+009	 -2.3950199999999999e+001	
  4.2744000000000000e+009	 -2.3970700000000001e+001	
  4.2766000000000000e+009	 -2.4097650000000002e+001	
  4.2788000000000000e+009	 -2.4199220000000000e+001	
  4.2810000000000000e+009	 -2.4202150000000000e+001	
  4.2832000000000000e+009	 -2.4279290000000000e+001	
  4.2854000000000000e+009	 -2.4313469999999999e+001	
  4.2876000000000000e+009	 -2.4334959999999999e+001	
  4.2898000000000000e+009	 -2.4304690000000001e+001	
  4.2920000000000000e+009	 -2.4275390000000002e+001	
  4.2942000000000000e+009	 -2.4197260000000000e+001	
  4.2964000000000000e+009	 -2.4170890000000000e+001	
  4.2986000000000000e+009	 -2.4125979999999998e+001	
  4.3008000000000000e+009	 -2.4215820000000001e+001	
  4.3030000000000000e+009	 -2.4262699999999999e+001	
  4.3052000000000000e+009	 -2.4423829999999999e+001	
  4.3074000000000000e+009	 -2.4569330000000001e+001	
  4.3096000000000000e+009	 -2.4803709999999999e+001	
  4.3118000000000000e+009	 -2.5081050000000001e+001	
  4.3140000000000000e+009	 -2.5371089999999999e+001	
  4.3162000000000000e+009	 -2.5689450000000001e+001	
  4.3184000000000000e+009	 -2.6013670000000001e+001	
  4.3206000000000000e+009	 -2.6299800000000001e+001	
  4.3228000000000000e+009	 -2.6516600000000000e+001	
  4.3250000000000000e+009	 -2.6776370000000000e+001	
  4.3272000000000000e+009	 -2.6793939999999999e+001	
  4.3294000000000000e+009	 -2.6964839999999999e+001	
  4.3316000000000000e+009	 -2.6916989999999998e+001	
  4.3338000000000000e+009	 -2.6878910000000001e+001	
  4.3360000000000000e+009	 -2.6648440000000001e+001	
  4.3382000000000000e+009	 -2.6525390000000002e+001	
  4.3404000000000000e+009	 -2.6288080000000001e+001	
  4.3426000000000000e+009	 -2.5943359999999998e+001	
  4.3448000000000000e+009	 -2.5699210000000001e+001	
  4.3470000000000000e+009	 -2.5416010000000000e+001	
  4.3492000000000000e+009	 -2.5197260000000000e+001	
  4.3514000000000000e+009	 -2.4989260000000002e+001	
  4.3536000000000000e+009	 -2.4916010000000000e+001	
  4.3558000000000000e+009	 -2.4807620000000000e+001	
  4.3580000000000000e+009	 -2.4870110000000000e+001	
  4.3602000000000000e+009	 -2.4975590000000000e+001	
  4.3624000000000000e+009	 -2.5090820000000001e+001	
  4.3646000000000000e+009	 -2.5343750000000000e+001	
  4.3668000000000000e+009	 -2.5588870000000000e+001	
  4.3690000000000000e+009	 -2.5849609999999998e+001	
  4.3712000000000000e+009	 -2.6094719999999999e+001	
  4.3734000000000000e+009	 -2.6381840000000000e+001	
  4.3756000000000000e+009	 -2.6689450000000001e+001	
  4.3778000000000000e+009	 -2.6916989999999998e+001	
  4.3800000000000000e+009	 -2.7138670000000001e+001	
  4.3822000000000000e+009	 -2.7319340000000000e+001	
  4.3844000000000000e+009	 -2.7490230000000000e+001	
  4.3866000000000000e+009	 -2.7619140000000002e+001	
  4.3888000000000000e+009	 -2.7706050000000001e+001	
  4.3910000000000000e+009	 -2.7689450000000001e+001	
  4.3932000000000000e+009	 -2.7695309999999999e+001	
  4.3954000000000000e+009	 -2.7688469999999999e+001	
  4.3976000000000000e+009	 -2.7518550000000001e+001	
  4.3998000000000000e+009	 -2.7393550000000001e+001	
  4.4020000000000000e+009	 -2.7197270000000000e+001	
  4.4042000000000000e+009	 -2.6975580000000001e+001	
  4.4064000000000000e+009	 -2.6821290000000001e+001	
  4.4086000000000000e+009	 -2.6556640000000002e+001	
  4.4108000000000000e+009	 -2.6270499999999998e+001	
  4.4130000000000000e+009	 -2.6042970000000000e+001	
  4.4152000000000000e+009	 -2.5884760000000000e+001	
  4.4174000000000000e+009	 -2.5695309999999999e+001	
  4.4196000000000000e+009	 -2.5618160000000000e+001	
  4.4218000000000000e+009	 -2.5608400000000000e+001	
  4.4240000000000000e+009	 -2.5673829999999999e+001	
  4.4262000000000000e+009	 -2.5797850000000000e+001	
  4.4284000000000000e+009	 -2.5967770000000002e+001	
  4.4306000000000000e+009	 -2.6089839999999999e+001	
  4.4328000000000000e+009	 -2.6401370000000000e+001	
  4.4350000000000000e+009	 -2.6601559999999999e+001	
  4.4372000000000000e+009	 -2.6833980000000000e+001	
  4.4394000000000000e+009	 -2.6997070000000001e+001	
  4.4416000000000000e+009	 -2.7166010000000000e+001	
  4.4438000000000000e+009	 -2.7285160000000001e+001	
  4.4460000000000000e+009	 -2.7338870000000000e+001	
  4.4482000000000000e+009	 -2.7360350000000000e+001	
  4.4504000000000000e+009	 -2.7329100000000000e+001	
  4.4526000000000000e+009	 -2.7312500000000000e+001	
  4.4548000000000000e+009	 -2.7241209999999999e+001	
  4.4570000000000000e+009	 -2.7149410000000000e+001	
  4.4592000000000000e+009	 -2.6999020000000002e+001	
  4.4614000000000000e+009	 -2.6937500000000000e+001	
  4.4636000000000000e+009	 -2.6830079999999999e+001	
  4.4658000000000000e+009	 -2.6817380000000000e+001	
  4.4680000000000000e+009	 -2.6764650000000000e+001	
  4.4702000000000000e+009	 -2.6820309999999999e+001	
  4.4724000000000000e+009	 -2.6769530000000000e+001	
  4.4746000000000000e+009	 -2.6716790000000000e+001	
  4.4768000000000000e+009	 -2.6718750000000000e+001	
  4.4790000000000000e+009	 -2.6686520000000002e+001	
  4.4812000000000000e+009	 -2.6643550000000001e+001	
  4.4834000000000000e+009	 -2.6562500000000000e+001	
  4.4856000000000000e+009	 -2.6382809999999999e+001	
  4.4878000000000000e+009	 -2.6230470000000000e+001	
  4.4900000000000000e+009	 -2.6092770000000002e+001	
  4.4922000000000000e+009	 -2.5884760000000000e+001	
  4.4944000000000000e+009	 -2.5663080000000001e+001	
  4.4966000000000000e+009	 -2.5405270000000002e+001	
  4.4988000000000000e+009	 -2.5261720000000000e+001	
  4.5010000000000000e+009	 -2.5124020000000002e+001	
  4.5032000000000000e+009	 -2.5060540000000000e+001	
  4.5054000000000000e+009	 -2.5068359999999998e+001	
  4.5076000000000000e+009	 -2.5183589999999999e+001	
  4.5098000000000000e+009	 -2.5301760000000002e+001	
  4.5120000000000000e+009	 -2.5492190000000001e+001	
  4.5142000000000000e+009	 -2.5638670000000001e+001	
  4.5164000000000000e+009	 -2.5815429999999999e+001	
  4.5186000000000000e+009	 -2.6025390000000002e+001	
  4.5208000000000000e+009	 -2.6042970000000000e+001	
  4.5230000000000000e+009	 -2.6079100000000000e+001	
  4.5252000000000000e+009	 -2.5964839999999999e+001	
  4.5274000000000000e+009	 -2.5754880000000000e+001	
  4.5296000000000000e+009	 -2.5222650000000002e+001	
  4.5318000000000000e+009	 -2.4585930000000001e+001	
  4.5340000000000000e+009	 -2.3840820000000001e+001	
  4.5362000000000000e+009	 -2.4457030000000000e+001	
  4.5384000000000000e+009	 -2.8949220000000000e+001	
  4.5406000000000000e+009	 -3.2738280000000003e+001	
  4.5428000000000000e+009	 -3.2021479999999997e+001	
  4.5450000000000000e+009	 -3.0545900000000000e+001	
  4.5472000000000000e+009	 -2.9372070000000001e+001	
  4.5494000000000000e+009	 -2.8485350000000000e+001	
  4.5516000000000000e+009	 -2.7754880000000000e+001	
  4.5538000000000000e+009	 -2.7271480000000000e+001	
  4.5560000000000000e+009	 -2.6815429999999999e+001	
  4.5582000000000000e+009	 -2.6528320000000001e+001	
  4.5604000000000000e+009	 -2.6274410000000000e+001	
  4.5626000000000000e+009	 -2.6167960000000001e+001	
  4.5648000000000000e+009	 -2.6109369999999998e+001	
  4.5670000000000000e+009	 -2.6107420000000001e+001	
  4.5692000000000000e+009	 -2.6206050000000001e+001	
  4.5714000000000000e+009	 -2.6330079999999999e+001	
  4.5736000000000000e+009	 -2.6449220000000000e+001	
  4.5758000000000000e+009	 -2.6626950000000001e+001	
  4.5780000000000000e+009	 -2.6755859999999998e+001	
  4.5802000000000000e+009	 -2.6936520000000002e+001	
  4.5824000000000000e+009	 -2.7020510000000002e+001	
  4.5846000000000000e+009	 -2.7153320000000001e+001	
  4.5868000000000000e+009	 -2.7200189999999999e+001	
  4.5890000000000000e+009	 -2.7273440000000001e+001	
  4.5912000000000000e+009	 -2.7274410000000000e+001	
  4.5934000000000000e+009	 -2.7084959999999999e+001	
  4.5956000000000000e+009	 -2.7006840000000000e+001	
  4.5978000000000000e+009	 -2.6888670000000001e+001	
  4.6000000000000000e+009	 -2.6635739999999998e+001	
  4.6022000000000000e+009	 -2.6483400000000000e+001	
  4.6044000000000000e+009	 -2.6166010000000000e+001	
  4.6066000000000000e+009	 -2.5845700000000001e+001	
  4.6088000000000000e+009	 -2.5551760000000002e+001	
  4.6110000000000000e+009	 -2.5235350000000000e+001	
  4.6132000000000000e+009	 -2.4965820000000001e+001	
  4.6154000000000000e+009	 -2.4674800000000001e+001	
  4.6176000000000000e+009	 -2.4475580000000001e+001	
  4.6198000000000000e+009	 -2.4291010000000000e+001	
  4.6220000000000000e+009	 -2.4207030000000000e+001	
  4.6242000000000000e+009	 -2.4155270000000002e+001	
  4.6264000000000000e+009	 -2.4233400000000000e+001	
  4.6286000000000000e+009	 -2.4287109999999998e+001	
  4.6308000000000000e+009	 -2.4336910000000000e+001	
  4.6330000000000000e+009	 -2.4411130000000000e+001	
  4.6352000000000000e+009	 -2.4495120000000000e+001	
  4.6374000000000000e+009	 -2.4542970000000000e+001	
  4.6396000000000000e+009	 -2.4581050000000001e+001	
  4.6418000000000000e+009	 -2.4599609999999998e+001	
  4.6440000000000000e+009	 -2.4589839999999999e+001	
  4.6462000000000000e+009	 -2.4534179999999999e+001	
  4.6484000000000000e+009	 -2.4559570000000001e+001	
  4.6506000000000000e+009	 -2.4512689999999999e+001	
  4.6528000000000000e+009	 -2.4325189999999999e+001	
  4.6550000000000000e+009	 -2.4281250000000000e+001	
  4.6572000000000000e+009	 -2.4207030000000000e+001	
  4.6594000000000000e+009	 -2.4117180000000001e+001	
  4.6616000000000000e+009	 -2.4042970000000000e+001	
  4.6638000000000000e+009	 -2.4071290000000001e+001	
  4.6660000000000000e+009	 -2.4037109999999998e+001	
  4.6682000000000000e+009	 -2.4074220000000000e+001	
  4.6704000000000000e+009	 -2.4070309999999999e+001	
  4.6726000000000000e+009	 -2.4095700000000001e+001	
  4.6748000000000000e+009	 -2.4041010000000000e+001	
  4.6770000000000000e+009	 -2.4056640000000002e+001	
  4.6792000000000000e+009	 -2.3907229999999998e+001	
  4.6814000000000000e+009	 -2.3834959999999999e+001	
  4.6836000000000000e+009	 -2.3719729999999998e+001	
  4.6858000000000000e+009	 -2.3483400000000000e+001	
  4.6880000000000000e+009	 -2.3262699999999999e+001	
  4.6902000000000000e+009	 -2.3020510000000002e+001	
  4.6924000000000000e+009	 -2.2750969999999999e+001	
  4.6946000000000000e+009	 -2.2457999999999998e+001	
  4.6968000000000000e+009	 -2.2199220000000000e+001	
  4.6990000000000000e+009	 -2.1999020000000002e+001	
  4.7012000000000000e+009	 -2.1813469999999999e+001	
  4.7034000000000000e+009	 -2.1637689999999999e+001	
  4.7056000000000000e+009	 -2.1542970000000000e+001	
  4.7078000000000000e+009	 -2.1518550000000001e+001	
  4.7100000000000000e+009	 -2.1379880000000000e+001	
  4.7122000000000000e+009	 -2.1483400000000000e+001	
  4.7144000000000000e+009	 -2.1554680000000001e+001	
  4.7166000000000000e+009	 -2.1675780000000000e+001	
  4.7188000000000000e+009	 -2.1911130000000000e+001	
  4.7210000000000000e+009	 -2.2023430000000001e+001	
  4.7232000000000000e+009	 -2.2146480000000000e+001	
  4.7254000000000000e+009	 -2.2241209999999999e+001	
  4.7276000000000000e+009	 -2.2344729999999998e+001	
  4.7298000000000000e+009	 -2.2346679999999999e+001	
  4.7320000000000000e+009	 -2.2343750000000000e+001	
  4.7342000000000000e+009	 -2.2375969999999999e+001	
  4.7364000000000000e+009	 -2.2282219999999999e+001	
  4.7386000000000000e+009	 -2.2146480000000000e+001	
  4.7408000000000000e+009	 -2.1976559999999999e+001	
  4.7430000000000000e+009	 -2.1749020000000002e+001	
  4.7452000000000000e+009	 -2.1498049999999999e+001	
  4.7474000000000000e+009	 -2.1205079999999999e+001	
  4.7496000000000000e+009	 -2.0918949999999999e+001	
  4.7518000000000000e+009	 -2.0598630000000000e+001	
  4.7540000000000000e+009	 -2.0211910000000000e+001	
  4.7562000000000000e+009	 -1.9991209999999999e+001	
  4.7584000000000000e+009	 -1.9611329999999999e+001	
  4.7606000000000000e+009	 -1.9366209999999999e+001	
  4.7628000000000000e+009	 -1.9099609999999998e+001	
  4.7650000000000000e+009	 -1.8863280000000000e+001	
  4.7672000000000000e+009	 -1.8729489999999998e+001	
  4.7694000000000000e+009	 -1.8684570000000001e+001	
  4.7716000000000000e+009	 -1.8620120000000000e+001	
  4.7738000000000000e+009	 -1.8663080000000001e+001	
  4.7760000000000000e+009	 -1.8767579999999999e+001	
  4.7782000000000000e+009	 -1.8861329999999999e+001	
  4.7804000000000000e+009	 -1.9034179999999999e+001	
  4.7826000000000000e+009	 -1.9177730000000000e+001	
  4.7848000000000000e+009	 -1.9260739999999998e+001	
  4.7870000000000000e+009	 -1.9293939999999999e+001	
  4.7892000000000000e+009	 -1.9318359999999998e+001	
  4.7914000000000000e+009	 -1.9300780000000000e+001	
  4.7936000000000000e+009	 -1.9213870000000000e+001	
  4.7958000000000000e+009	 -1.9109369999999998e+001	
  4.7980000000000000e+009	 -1.8864260000000002e+001	
  4.8002000000000000e+009	 -1.8566410000000001e+001	
  4.8024000000000000e+009	 -1.8232420000000001e+001	
  4.8046000000000000e+009	 -1.7875000000000000e+001	
  4.8068000000000000e+009	 -1.7496089999999999e+001	
  4.8090000000000000e+009	 -1.6990230000000000e+001	
  4.8112000000000000e+009	 -1.6623049999999999e+001	
  4.8134000000000000e+009	 -1.6202150000000000e+001	
  4.8156000000000000e+009	 -1.5857910000000000e+001	
  4.8178000000000000e+009	 -1.5387700000000001e+001	
  4.8200000000000000e+009	 -1.5136229999999999e+001	
  4.8222000000000000e+009	 -1.4826169999999999e+001	
  4.8244000000000000e+009	 -1.4600590000000000e+001	
  4.8266000000000000e+009	 -1.4285159999999999e+001	
  4.8288000000000000e+009	 -1.4169919999999999e+001	
  4.8310000000000000e+009	 -1.3923830000000001e+001	
  4.8332000000000000e+009	 -1.3720700000000001e+001	
  4.8354000000000000e+009	 -1.3490720000000000e+001	
  4.8376000000000000e+009	 -1.3228999999999999e+001	
  4.8398000000000000e+009	 -1.3021000000000001e+001	
  4.8420000000000000e+009	 -1.2604979999999999e+001	
  4.8442000000000000e+009	 -1.2316890000000001e+001	
  4.8464000000000000e+009	 -1.1913570000000000e+001	
  4.8486000000000000e+009	 -1.1574220000000000e+001	
  4.8508000000000000e+009	 -1.1186040000000000e+001	
  4.8530000000000000e+009	 -1.0819820000000000e+001	
  4.8552000000000000e+009	 -1.0452640000000001e+001	
  4.8574000000000000e+009	 -1.0088380000000001e+001	
  4.8596000000000000e+009	 -9.7792969999999997e+000	
  4.8618000000000000e+009	 -9.4516600000000004e+000	
  4.8640000000000000e+009	 -9.1650390000000002e+000	
  4.8662000000000000e+009	 -8.8969729999999991e+000	
  4.8684000000000000e+009	 -8.6206049999999994e+000	
  4.8706000000000000e+009	 -8.4199219999999997e+000	
  4.8728000000000000e+009	 -8.0961909999999992e+000	
  4.8750000000000000e+009	 -7.8906250000000000e+000	
  4.8772000000000000e+009	 -7.7104489999999997e+000	
  4.8794000000000000e+009	 -7.5891109999999999e+000	
  4.8816000000000000e+009	 -7.5603030000000002e+000	
  4.8838000000000000e+009	 -7.6354980000000001e+000	
  4.8860000000000000e+009	 -7.7644039999999999e+000	
  4.8882000000000000e+009	 -7.9155270000000000e+000	
  4.8904000000000000e+009	 -8.1914060000000006e+000	
  4.8926000000000000e+009	 -8.4057619999999993e+000	
  4.8948000000000000e+009	 -8.6352539999999998e+000	
  4.8970000000000000e+009	 -8.8588869999999993e+000	
  4.8992000000000000e+009	 -8.9599609999999998e+000	
  4.9014000000000000e+009	 -9.1303710000000002e+000	
  4.9036000000000000e+009	 -9.2519530000000003e+000	
  4.9058000000000000e+009	 -9.3852539999999998e+000	
  4.9080000000000000e+009	 -9.5478520000000007e+000	
  4.9102000000000000e+009	 -9.7290039999999998e+000	
  4.9124000000000000e+009	 -9.9707030000000003e+000	
  4.9146000000000000e+009	 -1.0269040000000000e+001	
  4.9168000000000000e+009	 -1.0526370000000000e+001	
  4.9190000000000000e+009	 -1.0910640000000001e+001	
  4.9212000000000000e+009	 -1.1331049999999999e+001	
  4.9234000000000000e+009	 -1.1791020000000000e+001	
  4.9256000000000000e+009	 -1.2278320000000001e+001	
  4.9278000000000000e+009	 -1.2800290000000000e+001	
  4.9300000000000000e+009	 -1.3396000000000001e+001	
  4.9322000000000000e+009	 -1.3881349999999999e+001	
  4.9344000000000000e+009	 -1.4327640000000001e+001	
  4.9366000000000000e+009	 -1.4806640000000000e+001	
  4.9388000000000000e+009	 -1.5215820000000001e+001	
  4.9410000000000000e+009	 -1.5609859999999999e+001	
  4.9432000000000000e+009	 -1.5916499999999999e+001	
  4.9454000000000000e+009	 -1.6209959999999999e+001	
  4.9476000000000000e+009	 -1.6424800000000001e+001	
  4.9498000000000000e+009	 -1.6548829999999999e+001	
  4.9520000000000000e+009	 -1.6714839999999999e+001	
  4.9542000000000000e+009	 -1.6747070000000001e+001	
  4.9564000000000000e+009	 -1.6843750000000000e+001	
  4.9586000000000000e+009	 -1.6694340000000000e+001	
  4.9608000000000000e+009	 -1.6721679999999999e+001	
  4.9630000000000000e+009	 -1.6592770000000002e+001	
  4.9652000000000000e+009	 -1.6484380000000002e+001	
  4.9674000000000000e+009	 -1.6342770000000002e+001	
  4.9696000000000000e+009	 -1.6250000000000000e+001	
  4.9718000000000000e+009	 -1.6191410000000001e+001	
  4.9740000000000000e+009	 -1.6238280000000000e+001	
  4.9762000000000000e+009	 -1.6366209999999999e+001	
  4.9784000000000000e+009	 -1.6484380000000002e+001	
  4.9806000000000000e+009	 -1.6812500000000000e+001	
  4.9828000000000000e+009	 -1.6990230000000000e+001	
  4.9850000000000000e+009	 -1.7399410000000000e+001	
  4.9872000000000000e+009	 -1.7810540000000000e+001	
  4.9894000000000000e+009	 -1.8216799999999999e+001	
  4.9916000000000000e+009	 -1.8579100000000000e+001	
  4.9938000000000000e+009	 -1.8949220000000000e+001	
  4.9960000000000000e+009	 -1.9290040000000001e+001	
  4.9982000000000000e+009	 -1.9583980000000000e+001	
  5.0004000000000000e+009	 -1.9791989999999998e+001	
  5.0026000000000000e+009	 -2.0006830000000001e+001	
  5.0048000000000000e+009	 -2.0158200000000001e+001	
  5.0070000000000000e+009	 -2.0188469999999999e+001	
  5.0092000000000000e+009	 -2.0247070000000001e+001	
  5.0114000000000000e+009	 -2.0241209999999999e+001	
  5.0136000000000000e+009	 -2.0239260000000002e+001	
  5.0158000000000000e+009	 -2.0244140000000002e+001	
  5.0180000000000000e+009	 -2.0140619999999998e+001	
  5.0202000000000000e+009	 -2.0167970000000000e+001	
  5.0224000000000000e+009	 -2.0155270000000002e+001	
  5.0246000000000000e+009	 -2.0162109999999998e+001	
  5.0268000000000000e+009	 -2.0109369999999998e+001	
  5.0290000000000000e+009	 -2.0106439999999999e+001	
  5.0312000000000000e+009	 -2.0145510000000002e+001	
  5.0334000000000000e+009	 -2.0166989999999998e+001	
  5.0356000000000000e+009	 -2.0162109999999998e+001	
  5.0378000000000000e+009	 -2.0209959999999999e+001	
  5.0400000000000000e+009	 -2.0208010000000002e+001	
  5.0422000000000000e+009	 -2.0189450000000001e+001	
  5.0444000000000000e+009	 -2.0177730000000000e+001	
  5.0466000000000000e+009	 -2.0301760000000002e+001	
  5.0488000000000000e+009	 -2.0277339999999999e+001	
  5.0510000000000000e+009	 -2.0299800000000001e+001	
  5.0532000000000000e+009	 -2.0344719999999999e+001	
  5.0554000000000000e+009	 -2.0424800000000001e+001	
  5.0576000000000000e+009	 -2.0507809999999999e+001	
  5.0598000000000000e+009	 -2.0685540000000000e+001	
  5.0620000000000000e+009	 -2.0884770000000000e+001	
  5.0642000000000000e+009	 -2.1129880000000000e+001	
  5.0664000000000000e+009	 -2.1389650000000000e+001	
  5.0686000000000000e+009	 -2.1644530000000000e+001	
  5.0708000000000000e+009	 -2.1875000000000000e+001	
  5.0730000000000000e+009	 -2.2144530000000000e+001	
  5.0752000000000000e+009	 -2.2445309999999999e+001	
  5.0774000000000000e+009	 -2.2664059999999999e+001	
  5.0796000000000000e+009	 -2.2810540000000000e+001	
  5.0818000000000000e+009	 -2.2995110000000000e+001	
  5.0840000000000000e+009	 -2.3073239999999998e+001	
  5.0862000000000000e+009	 -2.3050780000000000e+001	
  5.0884000000000000e+009	 -2.3031250000000000e+001	
  5.0906000000000000e+009	 -2.2953119999999998e+001	
  5.0928000000000000e+009	 -2.2837890000000002e+001	
  5.0950000000000000e+009	 -2.2637699999999999e+001	
  5.0972000000000000e+009	 -2.2424800000000001e+001	
  5.0994000000000000e+009	 -2.2172850000000000e+001	
  5.1016000000000000e+009	 -2.1916989999999998e+001	
  5.1038000000000000e+009	 -2.1622070000000001e+001	
  5.1060000000000000e+009	 -2.1409179999999999e+001	
  5.1082000000000000e+009	 -2.1195309999999999e+001	
  5.1104000000000000e+009	 -2.1044920000000001e+001	
  5.1126000000000000e+009	 -2.0949220000000000e+001	
  5.1148000000000000e+009	 -2.0857420000000001e+001	
  5.1170000000000000e+009	 -2.0877929999999999e+001	
  5.1192000000000000e+009	 -2.0952150000000000e+001	
  5.1214000000000000e+009	 -2.1202150000000000e+001	
  5.1236000000000000e+009	 -2.1426760000000002e+001	
  5.1258000000000000e+009	 -2.1712890000000002e+001	
  5.1280000000000000e+009	 -2.2025390000000002e+001	
  5.1302000000000000e+009	 -2.2411130000000000e+001	
  5.1324000000000000e+009	 -2.2720700000000001e+001	
  5.1346000000000000e+009	 -2.3092770000000002e+001	
  5.1368000000000000e+009	 -2.3420900000000000e+001	
  5.1390000000000000e+009	 -2.3612300000000001e+001	
  5.1412000000000000e+009	 -2.3920900000000000e+001	
  5.1434000000000000e+009	 -2.3979489999999998e+001	
  5.1456000000000000e+009	 -2.4127929999999999e+001	
  5.1478000000000000e+009	 -2.4150390000000002e+001	
  5.1500000000000000e+009	 -2.4110350000000000e+001	
  5.1522000000000000e+009	 -2.3942380000000000e+001	
  5.1544000000000000e+009	 -2.3824220000000000e+001	
  5.1566000000000000e+009	 -2.3617190000000001e+001	
  5.1588000000000000e+009	 -2.3349609999999998e+001	
  5.1610000000000000e+009	 -2.3020510000000002e+001	
  5.1632000000000000e+009	 -2.2687500000000000e+001	
  5.1654000000000000e+009	 -2.2323239999999998e+001	
  5.1676000000000000e+009	 -2.1988280000000000e+001	
  5.1698000000000000e+009	 -2.1748049999999999e+001	
  5.1720000000000000e+009	 -2.1491209999999999e+001	
  5.1742000000000000e+009	 -2.1333990000000000e+001	
  5.1764000000000000e+009	 -2.1249020000000002e+001	
  5.1786000000000000e+009	 -2.1286130000000000e+001	
  5.1808000000000000e+009	 -2.1319340000000000e+001	
  5.1830000000000000e+009	 -2.1455079999999999e+001	
  5.1852000000000000e+009	 -2.1603510000000000e+001	
  5.1874000000000000e+009	 -2.1848630000000000e+001	
  5.1896000000000000e+009	 -2.2079100000000000e+001	
  5.1918000000000000e+009	 -2.2354489999999998e+001	
  5.1940000000000000e+009	 -2.2613280000000000e+001	
  5.1962000000000000e+009	 -2.2884760000000000e+001	
  5.1984000000000000e+009	 -2.3111329999999999e+001	
  5.2006000000000000e+009	 -2.3318359999999998e+001	
  5.2028000000000000e+009	 -2.3543939999999999e+001	
  5.2050000000000000e+009	 -2.3796869999999998e+001	
  5.2072000000000000e+009	 -2.3919920000000001e+001	
  5.2094000000000000e+009	 -2.4055660000000000e+001	
  5.2116000000000000e+009	 -2.4216790000000000e+001	
  5.2138000000000000e+009	 -2.4240230000000000e+001	
  5.2160000000000000e+009	 -2.4411130000000000e+001	
  5.2182000000000000e+009	 -2.4471679999999999e+001	
  5.2204000000000000e+009	 -2.4498040000000000e+001	
  5.2226000000000000e+009	 -2.4434570000000001e+001	
  5.2248000000000000e+009	 -2.4407219999999999e+001	
  5.2270000000000000e+009	 -2.4305660000000000e+001	
  5.2292000000000000e+009	 -2.4173829999999999e+001	
  5.2314000000000000e+009	 -2.4022459999999999e+001	
  5.2336000000000000e+009	 -2.3821290000000001e+001	
  5.2358000000000000e+009	 -2.3592770000000002e+001	
  5.2380000000000000e+009	 -2.3374020000000002e+001	
  5.2402000000000000e+009	 -2.3262699999999999e+001	
  5.2424000000000000e+009	 -2.3020510000000002e+001	
  5.2446000000000000e+009	 -2.2796869999999998e+001	
  5.2468000000000000e+009	 -2.2666020000000000e+001	
  5.2490000000000000e+009	 -2.2640619999999998e+001	
  5.2512000000000000e+009	 -2.2650390000000002e+001	
  5.2534000000000000e+009	 -2.2687500000000000e+001	
  5.2556000000000000e+009	 -2.2793949999999999e+001	
  5.2578000000000000e+009	 -2.2960930000000001e+001	
  5.2600000000000000e+009	 -2.3164059999999999e+001	
