  4.5000000000000000e+009	 -2.3129880000000000e+001	
  4.5009000000000000e+009	 -2.3098630000000000e+001	
  4.5018000000000000e+009	 -2.3092770000000002e+001	
  4.5027000000000000e+009	 -2.3115230000000000e+001	
  4.5036000000000000e+009	 -2.3082030000000000e+001	
  4.5045000000000000e+009	 -2.3123040000000000e+001	
  4.5054000000000000e+009	 -2.3096679999999999e+001	
  4.5063000000000000e+009	 -2.3140630000000002e+001	
  4.5072000000000000e+009	 -2.3206050000000001e+001	
  4.5081000000000000e+009	 -2.3257809999999999e+001	
  4.5090000000000000e+009	 -2.3357420000000001e+001	
  4.5099000000000000e+009	 -2.3442380000000000e+001	
  4.5108000000000000e+009	 -2.3539059999999999e+001	
  4.5117000000000000e+009	 -2.3649410000000000e+001	
  4.5126000000000000e+009	 -2.3748040000000000e+001	
  4.5135000000000000e+009	 -2.3844719999999999e+001	
  4.5144000000000000e+009	 -2.3954100000000000e+001	
  4.5153000000000000e+009	 -2.4056640000000002e+001	
  4.5162000000000000e+009	 -2.4189450000000001e+001	
  4.5171000000000000e+009	 -2.4286130000000000e+001	
  4.5180000000000000e+009	 -2.4322260000000000e+001	
  4.5189000000000000e+009	 -2.4449210000000001e+001	
  4.5198000000000000e+009	 -2.4608400000000000e+001	
  4.5207000000000000e+009	 -2.4685540000000000e+001	
  4.5216000000000000e+009	 -2.4750979999999998e+001	
  4.5225000000000000e+009	 -2.4812500000000000e+001	
  4.5234000000000000e+009	 -2.4851559999999999e+001	
  4.5243000000000000e+009	 -2.4886720000000000e+001	
  4.5252000000000000e+009	 -2.4872070000000001e+001	
  4.5261000000000000e+009	 -2.4913080000000001e+001	
  4.5270000000000000e+009	 -2.4862300000000001e+001	
  4.5279000000000000e+009	 -2.4891600000000000e+001	
  4.5288000000000000e+009	 -2.4875000000000000e+001	
  4.5297000000000000e+009	 -2.4815429999999999e+001	
  4.5306000000000000e+009	 -2.4726559999999999e+001	
  4.5315000000000000e+009	 -2.4644530000000000e+001	
  4.5324000000000000e+009	 -2.4551749999999998e+001	
  4.5333000000000000e+009	 -2.4409179999999999e+001	
  4.5342000000000000e+009	 -2.4191400000000002e+001	
  4.5351000000000000e+009	 -2.4012689999999999e+001	
  4.5360000000000000e+009	 -2.3863280000000000e+001	
  4.5369000000000000e+009	 -2.3592770000000002e+001	
  4.5378000000000000e+009	 -2.3335940000000001e+001	
  4.5387000000000000e+009	 -2.3032229999999998e+001	
  4.5396000000000000e+009	 -2.2786130000000000e+001	
  4.5405000000000000e+009	 -2.2440429999999999e+001	
  4.5414000000000000e+009	 -2.2182620000000000e+001	
  4.5423000000000000e+009	 -2.1995120000000000e+001	
  4.5432000000000000e+009	 -2.2088870000000000e+001	
  4.5441000000000000e+009	 -2.2758790000000001e+001	
  4.5450000000000000e+009	 -2.3997070000000001e+001	
  4.5459000000000000e+009	 -2.5721679999999999e+001	
  4.5468000000000000e+009	 -2.7284179999999999e+001	
  4.5477000000000000e+009	 -2.8209959999999999e+001	
  4.5486000000000000e+009	 -2.8343750000000000e+001	
  4.5495000000000000e+009	 -2.8045900000000000e+001	
  4.5504000000000000e+009	 -2.7555660000000000e+001	
  4.5513000000000000e+009	 -2.7067380000000000e+001	
  4.5522000000000000e+009	 -2.6659179999999999e+001	
  4.5531000000000000e+009	 -2.6209959999999999e+001	
  4.5540000000000000e+009	 -2.5845700000000001e+001	
  4.5549000000000000e+009	 -2.5570309999999999e+001	
  4.5558000000000000e+009	 -2.5365230000000000e+001	
  4.5567000000000000e+009	 -2.5125979999999998e+001	
  4.5576000000000000e+009	 -2.4931640000000002e+001	
  4.5585000000000000e+009	 -2.4759760000000000e+001	
  4.5594000000000000e+009	 -2.4631830000000001e+001	
  4.5603000000000000e+009	 -2.4559570000000001e+001	
  4.5612000000000000e+009	 -2.4440429999999999e+001	
  4.5621000000000000e+009	 -2.4341790000000000e+001	
  4.5630000000000000e+009	 -2.4325189999999999e+001	
  4.5639000000000000e+009	 -2.4243160000000000e+001	
  4.5648000000000000e+009	 -2.4287109999999998e+001	
  4.5657000000000000e+009	 -2.4250000000000000e+001	
  4.5666000000000000e+009	 -2.4244140000000002e+001	
  4.5675000000000000e+009	 -2.4308589999999999e+001	
  4.5684000000000000e+009	 -2.4351559999999999e+001	
  4.5693000000000000e+009	 -2.4355470000000000e+001	
  4.5702000000000000e+009	 -2.4429680000000001e+001	
  4.5711000000000000e+009	 -2.4462890000000002e+001	
  4.5720000000000000e+009	 -2.4541020000000000e+001	
  4.5729000000000000e+009	 -2.4589839999999999e+001	
  4.5738000000000000e+009	 -2.4679680000000001e+001	
  4.5747000000000000e+009	 -2.4727540000000001e+001	
  4.5756000000000000e+009	 -2.4827150000000000e+001	
  4.5765000000000000e+009	 -2.4885739999999998e+001	
  4.5774000000000000e+009	 -2.4968750000000000e+001	
  4.5783000000000000e+009	 -2.5021480000000000e+001	
  4.5792000000000000e+009	 -2.5137689999999999e+001	
  4.5801000000000000e+009	 -2.5161130000000000e+001	
  4.5810000000000000e+009	 -2.5220700000000001e+001	
  4.5819000000000000e+009	 -2.5321290000000001e+001	
  4.5828000000000000e+009	 -2.5356449999999999e+001	
  4.5837000000000000e+009	 -2.5431640000000002e+001	
  4.5846000000000000e+009	 -2.5518550000000001e+001	
  4.5855000000000000e+009	 -2.5512699999999999e+001	
  4.5864000000000000e+009	 -2.5555660000000000e+001	
  4.5873000000000000e+009	 -2.5579100000000000e+001	
  4.5882000000000000e+009	 -2.5586910000000000e+001	
  4.5891000000000000e+009	 -2.5531250000000000e+001	
  4.5900000000000000e+009	 -2.5549800000000001e+001	
  4.5909000000000000e+009	 -2.5666010000000000e+001	
  4.5918000000000000e+009	 -2.5597650000000002e+001	
  4.5927000000000000e+009	 -2.5609369999999998e+001	
  4.5936000000000000e+009	 -2.5575189999999999e+001	
  4.5945000000000000e+009	 -2.5629880000000000e+001	
  4.5954000000000000e+009	 -2.5529290000000000e+001	
  4.5963000000000000e+009	 -2.5424800000000001e+001	
  4.5972000000000000e+009	 -2.5398440000000001e+001	
  4.5981000000000000e+009	 -2.5310540000000000e+001	
  4.5990000000000000e+009	 -2.5227540000000001e+001	
  4.5999000000000000e+009	 -2.5117190000000001e+001	
  4.6008000000000000e+009	 -2.4976559999999999e+001	
  4.6017000000000000e+009	 -2.4907229999999998e+001	
  4.6026000000000000e+009	 -2.4776360000000000e+001	
  4.6035000000000000e+009	 -2.4729489999999998e+001	
  4.6044000000000000e+009	 -2.4615230000000000e+001	
  4.6053000000000000e+009	 -2.4461910000000000e+001	
  4.6062000000000000e+009	 -2.4362300000000001e+001	
  4.6071000000000000e+009	 -2.4211910000000000e+001	
  4.6080000000000000e+009	 -2.4081050000000001e+001	
  4.6089000000000000e+009	 -2.3955079999999999e+001	
  4.6098000000000000e+009	 -2.3830079999999999e+001	
  4.6107000000000000e+009	 -2.3691410000000001e+001	
  4.6116000000000000e+009	 -2.3568359999999998e+001	
  4.6125000000000000e+009	 -2.3458010000000002e+001	
  4.6134000000000000e+009	 -2.3345700000000001e+001	
  4.6143000000000000e+009	 -2.3209959999999999e+001	
  4.6152000000000000e+009	 -2.3172850000000000e+001	
  4.6161000000000000e+009	 -2.3029290000000000e+001	
  4.6170000000000000e+009	 -2.2930669999999999e+001	
  4.6179000000000000e+009	 -2.2875979999999998e+001	
  4.6188000000000000e+009	 -2.2790040000000001e+001	
  4.6197000000000000e+009	 -2.2722650000000002e+001	
  4.6206000000000000e+009	 -2.2720700000000001e+001	
  4.6215000000000000e+009	 -2.2696290000000001e+001	
  4.6224000000000000e+009	 -2.2678709999999999e+001	
  4.6233000000000000e+009	 -2.2621089999999999e+001	
  4.6242000000000000e+009	 -2.2674800000000001e+001	
  4.6251000000000000e+009	 -2.2631840000000000e+001	
  4.6260000000000000e+009	 -2.2666989999999998e+001	
  4.6269000000000000e+009	 -2.2777339999999999e+001	
  4.6278000000000000e+009	 -2.2737300000000001e+001	
  4.6287000000000000e+009	 -2.2723630000000000e+001	
  4.6296000000000000e+009	 -2.2845700000000001e+001	
  4.6305000000000000e+009	 -2.2876950000000001e+001	
  4.6314000000000000e+009	 -2.2918939999999999e+001	
  4.6323000000000000e+009	 -2.2942380000000000e+001	
  4.6332000000000000e+009	 -2.2980470000000000e+001	
  4.6341000000000000e+009	 -2.2984380000000002e+001	
  4.6350000000000000e+009	 -2.3045900000000000e+001	
  4.6359000000000000e+009	 -2.3097650000000002e+001	
  4.6368000000000000e+009	 -2.3119140000000002e+001	
  4.6377000000000000e+009	 -2.3166989999999998e+001	
  4.6386000000000000e+009	 -2.3209959999999999e+001	
  4.6395000000000000e+009	 -2.3198239999999998e+001	
  4.6404000000000000e+009	 -2.3197260000000000e+001	
  4.6413000000000000e+009	 -2.3237300000000001e+001	
  4.6422000000000000e+009	 -2.3245120000000000e+001	
  4.6431000000000000e+009	 -2.3225580000000001e+001	
  4.6440000000000000e+009	 -2.3223630000000000e+001	
  4.6449000000000000e+009	 -2.3218750000000000e+001	
  4.6458000000000000e+009	 -2.3250979999999998e+001	
  4.6467000000000000e+009	 -2.3268550000000001e+001	
  4.6476000000000000e+009	 -2.3117180000000001e+001	
  4.6485000000000000e+009	 -2.3182620000000000e+001	
  4.6494000000000000e+009	 -2.3097650000000002e+001	
  4.6503000000000000e+009	 -2.3101559999999999e+001	
  4.6512000000000000e+009	 -2.3077150000000000e+001	
  4.6521000000000000e+009	 -2.3051760000000002e+001	
  4.6530000000000000e+009	 -2.3025390000000002e+001	
  4.6539000000000000e+009	 -2.2930669999999999e+001	
  4.6548000000000000e+009	 -2.2890630000000002e+001	
  4.6557000000000000e+009	 -2.2916020000000000e+001	
  4.6566000000000000e+009	 -2.2908200000000001e+001	
  4.6575000000000000e+009	 -2.2788090000000000e+001	
  4.6584000000000000e+009	 -2.2868160000000000e+001	
  4.6593000000000000e+009	 -2.2818359999999998e+001	
  4.6602000000000000e+009	 -2.2800780000000000e+001	
  4.6611000000000000e+009	 -2.2727540000000001e+001	
  4.6620000000000000e+009	 -2.2770499999999998e+001	
  4.6629000000000000e+009	 -2.2737300000000001e+001	
  4.6638000000000000e+009	 -2.2731439999999999e+001	
  4.6647000000000000e+009	 -2.2715820000000001e+001	
  4.6656000000000000e+009	 -2.2697260000000000e+001	
  4.6665000000000000e+009	 -2.2740240000000000e+001	
  4.6674000000000000e+009	 -2.2694330000000001e+001	
  4.6683000000000000e+009	 -2.2747070000000001e+001	
  4.6692000000000000e+009	 -2.2751950000000001e+001	
  4.6701000000000000e+009	 -2.2760739999999998e+001	
  4.6710000000000000e+009	 -2.2757809999999999e+001	
  4.6719000000000000e+009	 -2.2763670000000001e+001	
  4.6728000000000000e+009	 -2.2753910000000001e+001	
  4.6737000000000000e+009	 -2.2745120000000000e+001	
  4.6746000000000000e+009	 -2.2749020000000002e+001	
  4.6755000000000000e+009	 -2.2748049999999999e+001	
  4.6764000000000000e+009	 -2.2737300000000001e+001	
  4.6773000000000000e+009	 -2.2680660000000000e+001	
  4.6782000000000000e+009	 -2.2656250000000000e+001	
  4.6791000000000000e+009	 -2.2612300000000001e+001	
  4.6800000000000000e+009	 -2.2576170000000001e+001	
  4.6809000000000000e+009	 -2.2488280000000000e+001	
  4.6818000000000000e+009	 -2.2419920000000001e+001	
  4.6827000000000000e+009	 -2.2427740000000000e+001	
  4.6836000000000000e+009	 -2.2351559999999999e+001	
  4.6845000000000000e+009	 -2.2320309999999999e+001	
  4.6854000000000000e+009	 -2.2164059999999999e+001	
  4.6863000000000000e+009	 -2.2077150000000000e+001	
  4.6872000000000000e+009	 -2.1960940000000001e+001	
  4.6881000000000000e+009	 -2.1890630000000002e+001	
  4.6890000000000000e+009	 -2.1800780000000000e+001	
  4.6899000000000000e+009	 -2.1662109999999998e+001	
  4.6908000000000000e+009	 -2.1584959999999999e+001	
  4.6917000000000000e+009	 -2.1454100000000000e+001	
  4.6926000000000000e+009	 -2.1297850000000000e+001	
  4.6935000000000000e+009	 -2.1173829999999999e+001	
  4.6944000000000000e+009	 -2.1057620000000000e+001	
  4.6953000000000000e+009	 -2.0973630000000000e+001	
  4.6962000000000000e+009	 -2.0798829999999999e+001	
  4.6971000000000000e+009	 -2.0714839999999999e+001	
  4.6980000000000000e+009	 -2.0638670000000001e+001	
  4.6989000000000000e+009	 -2.0487300000000001e+001	
  4.6998000000000000e+009	 -2.0407219999999999e+001	
  4.7007000000000000e+009	 -2.0373040000000000e+001	
  4.7016000000000000e+009	 -2.0302730000000000e+001	
  4.7025000000000000e+009	 -2.0211910000000000e+001	
  4.7034000000000000e+009	 -2.0179690000000001e+001	
  4.7043000000000000e+009	 -2.0137699999999999e+001	
  4.7052000000000000e+009	 -2.0108400000000000e+001	
  4.7061000000000000e+009	 -2.0071290000000001e+001	
  4.7070000000000000e+009	 -2.0061520000000002e+001	
  4.7079000000000000e+009	 -2.0049810000000001e+001	
  4.7088000000000000e+009	 -2.0063479999999998e+001	
  4.7097000000000000e+009	 -2.0102540000000001e+001	
  4.7106000000000000e+009	 -1.9983400000000000e+001	
  4.7115000000000000e+009	 -1.9983400000000000e+001	
  4.7124000000000000e+009	 -2.0064450000000001e+001	
  4.7133000000000000e+009	 -2.0140619999999998e+001	
  4.7142000000000000e+009	 -2.0193359999999998e+001	
  4.7151000000000000e+009	 -2.0249020000000002e+001	
  4.7160000000000000e+009	 -2.0286130000000000e+001	
  4.7169000000000000e+009	 -2.0442380000000000e+001	
  4.7178000000000000e+009	 -2.0506830000000001e+001	
  4.7187000000000000e+009	 -2.0526370000000000e+001	
  4.7196000000000000e+009	 -2.0553709999999999e+001	
  4.7205000000000000e+009	 -2.0646480000000000e+001	
  4.7214000000000000e+009	 -2.0691400000000002e+001	
  4.7223000000000000e+009	 -2.0743169999999999e+001	
  4.7232000000000000e+009	 -2.0817380000000000e+001	
  4.7241000000000000e+009	 -2.0871089999999999e+001	
  4.7250000000000000e+009	 -2.0898440000000001e+001	
  4.7259000000000000e+009	 -2.0919920000000001e+001	
  4.7268000000000000e+009	 -2.0952150000000000e+001	
  4.7277000000000000e+009	 -2.0996089999999999e+001	
  4.7286000000000000e+009	 -2.0987310000000001e+001	
  4.7295000000000000e+009	 -2.1007809999999999e+001	
  4.7304000000000000e+009	 -2.1008790000000001e+001	
  4.7313000000000000e+009	 -2.1009760000000000e+001	
  4.7322000000000000e+009	 -2.0991209999999999e+001	
  4.7331000000000000e+009	 -2.0955079999999999e+001	
  4.7340000000000000e+009	 -2.0935540000000000e+001	
  4.7349000000000000e+009	 -2.0879880000000000e+001	
  4.7358000000000000e+009	 -2.0824220000000000e+001	
  4.7367000000000000e+009	 -2.0804690000000001e+001	
  4.7376000000000000e+009	 -2.0724609999999998e+001	
  4.7385000000000000e+009	 -2.0647459999999999e+001	
  4.7394000000000000e+009	 -2.0570309999999999e+001	
  4.7403000000000000e+009	 -2.0447260000000000e+001	
  4.7412000000000000e+009	 -2.0407219999999999e+001	
  4.7421000000000000e+009	 -2.0279299999999999e+001	
  4.7430000000000000e+009	 -2.0161130000000000e+001	
  4.7439000000000000e+009	 -2.0041989999999998e+001	
  4.7448000000000000e+009	 -1.9971679999999999e+001	
  4.7457000000000000e+009	 -1.9801760000000002e+001	
  4.7466000000000000e+009	 -1.9654299999999999e+001	
  4.7475000000000000e+009	 -1.9557620000000000e+001	
  4.7484000000000000e+009	 -1.9447260000000000e+001	
  4.7493000000000000e+009	 -1.9256830000000001e+001	
  4.7502000000000000e+009	 -1.9096679999999999e+001	
  4.7511000000000000e+009	 -1.8954100000000000e+001	
  4.7520000000000000e+009	 -1.8830079999999999e+001	
  4.7529000000000000e+009	 -1.8580079999999999e+001	
  4.7538000000000000e+009	 -1.8453119999999998e+001	
  4.7547000000000000e+009	 -1.8314450000000001e+001	
  4.7556000000000000e+009	 -1.8160150000000002e+001	
  4.7565000000000000e+009	 -1.8094729999999998e+001	
  4.7574000000000000e+009	 -1.7874020000000002e+001	
  4.7583000000000000e+009	 -1.7702150000000000e+001	
  4.7592000000000000e+009	 -1.7586910000000000e+001	
  4.7601000000000000e+009	 -1.7423829999999999e+001	
  4.7610000000000000e+009	 -1.7319340000000000e+001	
  4.7619000000000000e+009	 -1.7226559999999999e+001	
  4.7628000000000000e+009	 -1.7121089999999999e+001	
  4.7637000000000000e+009	 -1.6983400000000000e+001	
  4.7646000000000000e+009	 -1.6912109999999998e+001	
  4.7655000000000000e+009	 -1.6849609999999998e+001	
  4.7664000000000000e+009	 -1.6786130000000000e+001	
  4.7673000000000000e+009	 -1.6733400000000000e+001	
  4.7682000000000000e+009	 -1.6701170000000001e+001	
  4.7691000000000000e+009	 -1.6682620000000000e+001	
  4.7700000000000000e+009	 -1.6654299999999999e+001	
  4.7709000000000000e+009	 -1.6715820000000001e+001	
  4.7718000000000000e+009	 -1.6687500000000000e+001	
  4.7727000000000000e+009	 -1.6764650000000000e+001	
  4.7736000000000000e+009	 -1.6747070000000001e+001	
  4.7745000000000000e+009	 -1.6820309999999999e+001	
  4.7754000000000000e+009	 -1.6861329999999999e+001	
  4.7763000000000000e+009	 -1.6966799999999999e+001	
  4.7772000000000000e+009	 -1.7026370000000000e+001	
  4.7781000000000000e+009	 -1.7043939999999999e+001	
  4.7790000000000000e+009	 -1.7117190000000001e+001	
  4.7799000000000000e+009	 -1.7275390000000002e+001	
  4.7808000000000000e+009	 -1.7285160000000001e+001	
  4.7817000000000000e+009	 -1.7248049999999999e+001	
  4.7826000000000000e+009	 -1.7418939999999999e+001	
  4.7835000000000000e+009	 -1.7481439999999999e+001	
  4.7844000000000000e+009	 -1.7501950000000001e+001	
  4.7853000000000000e+009	 -1.7482420000000001e+001	
  4.7862000000000000e+009	 -1.7551760000000002e+001	
  4.7871000000000000e+009	 -1.7625000000000000e+001	
  4.7880000000000000e+009	 -1.7599609999999998e+001	
  4.7889000000000000e+009	 -1.7627929999999999e+001	
  4.7898000000000000e+009	 -1.7593750000000000e+001	
  4.7907000000000000e+009	 -1.7595700000000001e+001	
  4.7916000000000000e+009	 -1.7599609999999998e+001	
  4.7925000000000000e+009	 -1.7534179999999999e+001	
  4.7934000000000000e+009	 -1.7476559999999999e+001	
  4.7943000000000000e+009	 -1.7427730000000000e+001	
  4.7952000000000000e+009	 -1.7352540000000001e+001	
  4.7961000000000000e+009	 -1.7250000000000000e+001	
  4.7970000000000000e+009	 -1.7133790000000001e+001	
  4.7979000000000000e+009	 -1.7050780000000000e+001	
  4.7988000000000000e+009	 -1.6901370000000000e+001	
  4.7997000000000000e+009	 -1.6749020000000002e+001	
  4.8006000000000000e+009	 -1.6609369999999998e+001	
  4.8015000000000000e+009	 -1.6474609999999998e+001	
  4.8024000000000000e+009	 -1.6289059999999999e+001	
  4.8033000000000000e+009	 -1.6116209999999999e+001	
  4.8042000000000000e+009	 -1.5922850000000000e+001	
  4.8051000000000000e+009	 -1.5759280000000000e+001	
  4.8060000000000000e+009	 -1.5615230000000000e+001	
  4.8069000000000000e+009	 -1.5407710000000000e+001	
  4.8078000000000000e+009	 -1.5160159999999999e+001	
  4.8087000000000000e+009	 -1.5005369999999999e+001	
  4.8096000000000000e+009	 -1.4867190000000001e+001	
  4.8105000000000000e+009	 -1.4667479999999999e+001	
  4.8114000000000000e+009	 -1.4489260000000000e+001	
  4.8123000000000000e+009	 -1.4279299999999999e+001	
  4.8132000000000000e+009	 -1.4097659999999999e+001	
  4.8141000000000000e+009	 -1.4023440000000001e+001	
  4.8150000000000000e+009	 -1.3743650000000001e+001	
  4.8159000000000000e+009	 -1.3596679999999999e+001	
  4.8168000000000000e+009	 -1.3525390000000000e+001	
  4.8177000000000000e+009	 -1.3402830000000000e+001	
  4.8186000000000000e+009	 -1.3259770000000000e+001	
  4.8195000000000000e+009	 -1.3134770000000000e+001	
  4.8204000000000000e+009	 -1.3098140000000001e+001	
  4.8213000000000000e+009	 -1.2985840000000000e+001	
  4.8222000000000000e+009	 -1.2903810000000000e+001	
  4.8231000000000000e+009	 -1.2816409999999999e+001	
  4.8240000000000000e+009	 -1.2729490000000000e+001	
  4.8249000000000000e+009	 -1.2693849999999999e+001	
  4.8258000000000000e+009	 -1.2666990000000000e+001	
  4.8267000000000000e+009	 -1.2601070000000000e+001	
  4.8276000000000000e+009	 -1.2503909999999999e+001	
  4.8285000000000000e+009	 -1.2479490000000000e+001	
  4.8294000000000000e+009	 -1.2416020000000000e+001	
  4.8303000000000000e+009	 -1.2351559999999999e+001	
  4.8312000000000000e+009	 -1.2307130000000001e+001	
  4.8321000000000000e+009	 -1.2225099999999999e+001	
  4.8330000000000000e+009	 -1.2149410000000000e+001	
  4.8339000000000000e+009	 -1.2099119999999999e+001	
  4.8348000000000000e+009	 -1.1994140000000000e+001	
  4.8357000000000000e+009	 -1.1932130000000001e+001	
  4.8366000000000000e+009	 -1.1866210000000001e+001	
  4.8375000000000000e+009	 -1.1738280000000000e+001	
  4.8384000000000000e+009	 -1.1604979999999999e+001	
  4.8393000000000000e+009	 -1.1509770000000000e+001	
  4.8402000000000000e+009	 -1.1425780000000000e+001	
  4.8411000000000000e+009	 -1.1329590000000000e+001	
  4.8420000000000000e+009	 -1.1196289999999999e+001	
  4.8429000000000000e+009	 -1.1038090000000000e+001	
  4.8438000000000000e+009	 -1.0925290000000000e+001	
  4.8447000000000000e+009	 -1.0784179999999999e+001	
  4.8456000000000000e+009	 -1.0636229999999999e+001	
  4.8465000000000000e+009	 -1.0566890000000001e+001	
  4.8474000000000000e+009	 -1.0358890000000001e+001	
  4.8483000000000000e+009	 -1.0266109999999999e+001	
  4.8492000000000000e+009	 -1.0183590000000001e+001	
  4.8501000000000000e+009	 -1.0028320000000001e+001	
  4.8510000000000000e+009	 -9.9057619999999993e+000	
  4.8519000000000000e+009	 -9.7338869999999993e+000	
  4.8528000000000000e+009	 -9.6230469999999997e+000	
  4.8537000000000000e+009	 -9.5000000000000000e+000	
  4.8546000000000000e+009	 -9.4179689999999994e+000	
  4.8555000000000000e+009	 -9.3403320000000001e+000	
  4.8564000000000000e+009	 -9.2412109999999998e+000	
  4.8573000000000000e+009	 -9.1279299999999992e+000	
  4.8582000000000000e+009	 -9.0371089999999992e+000	
  4.8591000000000000e+009	 -8.9326170000000005e+000	
  4.8600000000000000e+009	 -8.8535160000000008e+000	
  4.8609000000000000e+009	 -8.7675780000000003e+000	
  4.8618000000000000e+009	 -8.6987299999999994e+000	
  4.8627000000000000e+009	 -8.5976560000000006e+000	
  4.8636000000000000e+009	 -8.5209960000000002e+000	
  4.8645000000000000e+009	 -8.4506840000000008e+000	
  4.8654000000000000e+009	 -8.3598630000000007e+000	
  4.8663000000000000e+009	 -8.2968750000000000e+000	
  4.8672000000000000e+009	 -8.1870119999999993e+000	
  4.8681000000000000e+009	 -8.0961909999999992e+000	
  4.8690000000000000e+009	 -8.0092770000000009e+000	
  4.8699000000000000e+009	 -7.8779300000000001e+000	
  4.8708000000000000e+009	 -7.7768550000000003e+000	
  4.8717000000000000e+009	 -7.6796879999999996e+000	
  4.8726000000000000e+009	 -7.5292969999999997e+000	
  4.8735000000000000e+009	 -7.5100100000000003e+000	
  4.8744000000000000e+009	 -7.3513180000000000e+000	
  4.8753000000000000e+009	 -7.1711429999999998e+000	
  4.8762000000000000e+009	 -7.0961910000000001e+000	
  4.8771000000000000e+009	 -7.0263669999999996e+000	
  4.8780000000000000e+009	 -6.9326169999999996e+000	
  4.8789000000000000e+009	 -6.8105469999999997e+000	
  4.8798000000000000e+009	 -6.7463379999999997e+000	
  4.8807000000000000e+009	 -6.6860350000000004e+000	
  4.8816000000000000e+009	 -6.6105960000000001e+000	
  4.8825000000000000e+009	 -6.5864260000000003e+000	
  4.8834000000000000e+009	 -6.5622559999999996e+000	
  4.8843000000000000e+009	 -6.5178219999999998e+000	
  4.8852000000000000e+009	 -6.5300289999999999e+000	
  4.8861000000000000e+009	 -6.5322269999999998e+000	
  4.8870000000000000e+009	 -6.5500489999999996e+000	
  4.8879000000000000e+009	 -6.5991210000000002e+000	
  4.8888000000000000e+009	 -6.5773929999999998e+000	
  4.8897000000000000e+009	 -6.6926269999999999e+000	
  4.8906000000000000e+009	 -6.7204590000000000e+000	
  4.8915000000000000e+009	 -6.6889649999999996e+000	
  4.8924000000000000e+009	 -6.7866210000000002e+000	
  4.8933000000000000e+009	 -6.8474120000000003e+000	
  4.8942000000000000e+009	 -6.8735350000000004e+000	
  4.8951000000000000e+009	 -6.9787600000000003e+000	
  4.8960000000000000e+009	 -6.9882809999999997e+000	
  4.8969000000000000e+009	 -6.9875489999999996e+000	
  4.8978000000000000e+009	 -7.0385739999999997e+000	
  4.8987000000000000e+009	 -7.1225589999999999e+000	
  4.8996000000000000e+009	 -7.1354980000000001e+000	
  4.9005000000000000e+009	 -7.1818850000000003e+000	
  4.9014000000000000e+009	 -7.2131350000000003e+000	
  4.9023000000000000e+009	 -7.2382809999999997e+000	
  4.9032000000000000e+009	 -7.3146969999999998e+000	
  4.9041000000000000e+009	 -7.3256839999999999e+000	
  4.9050000000000000e+009	 -7.4035640000000003e+000	
  4.9059000000000000e+009	 -7.4443359999999998e+000	
  4.9068000000000000e+009	 -7.4567870000000003e+000	
  4.9077000000000000e+009	 -7.5417480000000001e+000	
  4.9086000000000000e+009	 -7.6188960000000003e+000	
  4.9095000000000000e+009	 -7.6818850000000003e+000	
  4.9104000000000000e+009	 -7.7392580000000004e+000	
  4.9113000000000000e+009	 -7.8325199999999997e+000	
  4.9122000000000000e+009	 -7.9675289999999999e+000	
  4.9131000000000000e+009	 -8.0551759999999994e+000	
  4.9140000000000000e+009	 -8.1362299999999994e+000	
  4.9149000000000000e+009	 -8.2900390000000002e+000	
  4.9158000000000000e+009	 -8.3554689999999994e+000	
  4.9167000000000000e+009	 -8.6030270000000009e+000	
  4.9176000000000000e+009	 -8.7402339999999992e+000	
  4.9185000000000000e+009	 -8.8808589999999992e+000	
  4.9194000000000000e+009	 -9.0805659999999992e+000	
  4.9203000000000000e+009	 -9.2226560000000006e+000	
  4.9212000000000000e+009	 -9.3925780000000003e+000	
  4.9221000000000000e+009	 -9.5834960000000002e+000	
  4.9230000000000000e+009	 -9.8701170000000005e+000	
  4.9239000000000000e+009	 -1.0120609999999999e+001	
  4.9248000000000000e+009	 -1.0291499999999999e+001	
  4.9257000000000000e+009	 -1.0490230000000000e+001	
  4.9266000000000000e+009	 -1.0741210000000001e+001	
  4.9275000000000000e+009	 -1.0957030000000000e+001	
  4.9284000000000000e+009	 -1.1154790000000000e+001	
  4.9293000000000000e+009	 -1.1388669999999999e+001	
  4.9302000000000000e+009	 -1.1635249999999999e+001	
  4.9311000000000000e+009	 -1.1870120000000000e+001	
  4.9320000000000000e+009	 -1.2055660000000000e+001	
  4.9329000000000000e+009	 -1.2321780000000000e+001	
  4.9338000000000000e+009	 -1.2540530000000000e+001	
  4.9347000000000000e+009	 -1.2728999999999999e+001	
  4.9356000000000000e+009	 -1.2931150000000001e+001	
  4.9365000000000000e+009	 -1.3164059999999999e+001	
  4.9374000000000000e+009	 -1.3361820000000000e+001	
  4.9383000000000000e+009	 -1.3553710000000001e+001	
  4.9392000000000000e+009	 -1.3754390000000001e+001	
  4.9401000000000000e+009	 -1.3939450000000001e+001	
  4.9410000000000000e+009	 -1.4073729999999999e+001	
  4.9419000000000000e+009	 -1.4225099999999999e+001	
  4.9428000000000000e+009	 -1.4376950000000001e+001	
  4.9437000000000000e+009	 -1.4483890000000001e+001	
  4.9446000000000000e+009	 -1.4620609999999999e+001	
  4.9455000000000000e+009	 -1.4731930000000000e+001	
  4.9464000000000000e+009	 -1.4927250000000001e+001	
  4.9473000000000000e+009	 -1.5015630000000000e+001	
  4.9482000000000000e+009	 -1.5115720000000000e+001	
  4.9491000000000000e+009	 -1.5241700000000000e+001	
  4.9500000000000000e+009	 -1.5325680000000000e+001	
  4.9509000000000000e+009	 -1.5423340000000000e+001	
  4.9518000000000000e+009	 -1.5436040000000000e+001	
  4.9527000000000000e+009	 -1.5433109999999999e+001	
  4.9536000000000000e+009	 -1.5528320000000001e+001	
  4.9545000000000000e+009	 -1.5536130000000000e+001	
  4.9554000000000000e+009	 -1.5600590000000000e+001	
  4.9563000000000000e+009	 -1.5609859999999999e+001	
  4.9572000000000000e+009	 -1.5626460000000000e+001	
  4.9581000000000000e+009	 -1.5657230000000000e+001	
  4.9590000000000000e+009	 -1.5685060000000000e+001	
  4.9599000000000000e+009	 -1.5684570000000001e+001	
  4.9608000000000000e+009	 -1.5723140000000001e+001	
  4.9617000000000000e+009	 -1.5708500000000001e+001	
  4.9626000000000000e+009	 -1.5685060000000000e+001	
  4.9635000000000000e+009	 -1.5679200000000000e+001	
  4.9644000000000000e+009	 -1.5687989999999999e+001	
  4.9653000000000000e+009	 -1.5677250000000001e+001	
  4.9662000000000000e+009	 -1.5663090000000000e+001	
  4.9671000000000000e+009	 -1.5648440000000001e+001	
  4.9680000000000000e+009	 -1.5686520000000000e+001	
  4.9689000000000000e+009	 -1.5691409999999999e+001	
  4.9698000000000000e+009	 -1.5727050000000000e+001	
  4.9707000000000000e+009	 -1.5732419999999999e+001	
  4.9716000000000000e+009	 -1.5751950000000001e+001	
  4.9725000000000000e+009	 -1.5759770000000000e+001	
  4.9734000000000000e+009	 -1.5800780000000000e+001	
  4.9743000000000000e+009	 -1.5896480000000000e+001	
  4.9752000000000000e+009	 -1.5978520000000000e+001	
  4.9761000000000000e+009	 -1.6068359999999998e+001	
  4.9770000000000000e+009	 -1.6224609999999998e+001	
  4.9779000000000000e+009	 -1.6283200000000001e+001	
  4.9788000000000000e+009	 -1.6432620000000000e+001	
  4.9797000000000000e+009	 -1.6640630000000002e+001	
  4.9806000000000000e+009	 -1.6692380000000000e+001	
  4.9815000000000000e+009	 -1.6916989999999998e+001	
  4.9824000000000000e+009	 -1.7041020000000000e+001	
  4.9833000000000000e+009	 -1.7211910000000000e+001	
  4.9842000000000000e+009	 -1.7238280000000000e+001	
  4.9851000000000000e+009	 -1.7535150000000002e+001	
  4.9860000000000000e+009	 -1.7648440000000001e+001	
  4.9869000000000000e+009	 -1.7833980000000000e+001	
  4.9878000000000000e+009	 -1.8029299999999999e+001	
  4.9887000000000000e+009	 -1.8235350000000000e+001	
  4.9896000000000000e+009	 -1.8464839999999999e+001	
  4.9905000000000000e+009	 -1.8637699999999999e+001	
  4.9914000000000000e+009	 -1.8793949999999999e+001	
  4.9923000000000000e+009	 -1.8964839999999999e+001	
  4.9932000000000000e+009	 -1.9078119999999998e+001	
  4.9941000000000000e+009	 -1.9305660000000000e+001	
  4.9950000000000000e+009	 -1.9420900000000000e+001	
  4.9959000000000000e+009	 -1.9600580000000001e+001	
  4.9968000000000000e+009	 -1.9745120000000000e+001	
  4.9977000000000000e+009	 -1.9850590000000000e+001	
  4.9986000000000000e+009	 -1.9959959999999999e+001	
  4.9995000000000000e+009	 -2.0109369999999998e+001	
  5.0004000000000000e+009	 -2.0207030000000000e+001	
  5.0013000000000000e+009	 -2.0291989999999998e+001	
  5.0022000000000000e+009	 -2.0384760000000000e+001	
  5.0031000000000000e+009	 -2.0478520000000000e+001	
  5.0040000000000000e+009	 -2.0532229999999998e+001	
  5.0049000000000000e+009	 -2.0621089999999999e+001	
  5.0058000000000000e+009	 -2.0679690000000001e+001	
  5.0067000000000000e+009	 -2.0713870000000000e+001	
  5.0076000000000000e+009	 -2.0808589999999999e+001	
  5.0085000000000000e+009	 -2.0774410000000000e+001	
  5.0094000000000000e+009	 -2.0799800000000001e+001	
  5.0103000000000000e+009	 -2.0886720000000000e+001	
  5.0112000000000000e+009	 -2.0915040000000001e+001	
  5.0121000000000000e+009	 -2.0932620000000000e+001	
  5.0130000000000000e+009	 -2.0969719999999999e+001	
  5.0139000000000000e+009	 -2.0973630000000000e+001	
  5.0148000000000000e+009	 -2.0979489999999998e+001	
  5.0157000000000000e+009	 -2.0985350000000000e+001	
  5.0166000000000000e+009	 -2.0978510000000000e+001	
  5.0175000000000000e+009	 -2.0938479999999998e+001	
  5.0184000000000000e+009	 -2.0972660000000001e+001	
  5.0193000000000000e+009	 -2.0954100000000000e+001	
  5.0202000000000000e+009	 -2.0988280000000000e+001	
  5.0211000000000000e+009	 -2.0961910000000000e+001	
  5.0220000000000000e+009	 -2.0968750000000000e+001	
  5.0229000000000000e+009	 -2.1079100000000000e+001	
  5.0238000000000000e+009	 -2.1003900000000002e+001	
  5.0247000000000000e+009	 -2.1050780000000000e+001	
  5.0256000000000000e+009	 -2.1069340000000000e+001	
  5.0265000000000000e+009	 -2.1099609999999998e+001	
  5.0274000000000000e+009	 -2.1094729999999998e+001	
  5.0283000000000000e+009	 -2.1109380000000002e+001	
  5.0292000000000000e+009	 -2.1129880000000000e+001	
  5.0301000000000000e+009	 -2.1136720000000000e+001	
  5.0310000000000000e+009	 -2.1164059999999999e+001	
  5.0319000000000000e+009	 -2.1164059999999999e+001	
  5.0328000000000000e+009	 -2.1194330000000001e+001	
  5.0337000000000000e+009	 -2.1237300000000001e+001	
  5.0346000000000000e+009	 -2.1240230000000000e+001	
  5.0355000000000000e+009	 -2.1285160000000001e+001	
  5.0364000000000000e+009	 -2.1278320000000001e+001	
  5.0373000000000000e+009	 -2.1309570000000001e+001	
  5.0382000000000000e+009	 -2.1335940000000001e+001	
  5.0391000000000000e+009	 -2.1336910000000000e+001	
  5.0400000000000000e+009	 -2.1418939999999999e+001	
  5.0409000000000000e+009	 -2.1397459999999999e+001	
  5.0418000000000000e+009	 -2.1433589999999999e+001	
  5.0427000000000000e+009	 -2.1465820000000001e+001	
  5.0436000000000000e+009	 -2.1416020000000000e+001	
  5.0445000000000000e+009	 -2.1466790000000000e+001	
  5.0454000000000000e+009	 -2.1489260000000002e+001	
  5.0463000000000000e+009	 -2.1476559999999999e+001	
  5.0472000000000000e+009	 -2.1557620000000000e+001	
  5.0481000000000000e+009	 -2.1566410000000001e+001	
  5.0490000000000000e+009	 -2.1612310000000001e+001	
  5.0499000000000000e+009	 -2.1596679999999999e+001	
  5.0508000000000000e+009	 -2.1567380000000000e+001	
  5.0517000000000000e+009	 -2.1671869999999998e+001	
  5.0526000000000000e+009	 -2.1677730000000000e+001	
  5.0535000000000000e+009	 -2.1713870000000000e+001	
  5.0544000000000000e+009	 -2.1783200000000001e+001	
  5.0553000000000000e+009	 -2.1813469999999999e+001	
  5.0562000000000000e+009	 -2.1863280000000000e+001	
  5.0571000000000000e+009	 -2.1939450000000001e+001	
  5.0580000000000000e+009	 -2.2036130000000000e+001	
  5.0589000000000000e+009	 -2.2075199999999999e+001	
  5.0598000000000000e+009	 -2.2149419999999999e+001	
  5.0607000000000000e+009	 -2.2191410000000001e+001	
  5.0616000000000000e+009	 -2.2301749999999998e+001	
  5.0625000000000000e+009	 -2.2397459999999999e+001	
  5.0634000000000000e+009	 -2.2523440000000001e+001	
  5.0643000000000000e+009	 -2.2643550000000001e+001	
  5.0652000000000000e+009	 -2.2754880000000000e+001	
  5.0661000000000000e+009	 -2.2808589999999999e+001	
  5.0670000000000000e+009	 -2.2931640000000002e+001	
  5.0679000000000000e+009	 -2.3040040000000001e+001	
  5.0688000000000000e+009	 -2.3157219999999999e+001	
  5.0697000000000000e+009	 -2.3200189999999999e+001	
  5.0706000000000000e+009	 -2.3377929999999999e+001	
  5.0715000000000000e+009	 -2.3467770000000002e+001	
  5.0724000000000000e+009	 -2.3577150000000000e+001	
  5.0733000000000000e+009	 -2.3703119999999998e+001	
  5.0742000000000000e+009	 -2.3790040000000001e+001	
  5.0751000000000000e+009	 -2.3851559999999999e+001	
  5.0760000000000000e+009	 -2.3948239999999998e+001	
  5.0769000000000000e+009	 -2.3992190000000001e+001	
  5.0778000000000000e+009	 -2.4150390000000002e+001	
  5.0787000000000000e+009	 -2.4224609999999998e+001	
  5.0796000000000000e+009	 -2.4275390000000002e+001	
  5.0805000000000000e+009	 -2.4315429999999999e+001	
  5.0814000000000000e+009	 -2.4352540000000001e+001	
  5.0823000000000000e+009	 -2.4375969999999999e+001	
  5.0832000000000000e+009	 -2.4402339999999999e+001	
  5.0841000000000000e+009	 -2.4478510000000000e+001	
  5.0850000000000000e+009	 -2.4547850000000000e+001	
  5.0859000000000000e+009	 -2.4556640000000002e+001	
  5.0868000000000000e+009	 -2.4558589999999999e+001	
  5.0877000000000000e+009	 -2.4617190000000001e+001	
  5.0886000000000000e+009	 -2.4529290000000000e+001	
  5.0895000000000000e+009	 -2.4496089999999999e+001	
  5.0904000000000000e+009	 -2.4505859999999998e+001	
  5.0913000000000000e+009	 -2.4451170000000001e+001	
  5.0922000000000000e+009	 -2.4447260000000000e+001	
  5.0931000000000000e+009	 -2.4327140000000000e+001	
  5.0940000000000000e+009	 -2.4277339999999999e+001	
  5.0949000000000000e+009	 -2.4234369999999998e+001	
  5.0958000000000000e+009	 -2.4150390000000002e+001	
  5.0967000000000000e+009	 -2.4125979999999998e+001	
  5.0976000000000000e+009	 -2.4000969999999999e+001	
  5.0985000000000000e+009	 -2.3937500000000000e+001	
  5.0994000000000000e+009	 -2.3870120000000000e+001	
  5.1003000000000000e+009	 -2.3793949999999999e+001	
  5.1012000000000000e+009	 -2.3654290000000000e+001	
  5.1021000000000000e+009	 -2.3584959999999999e+001	
  5.1030000000000000e+009	 -2.3466799999999999e+001	
  5.1039000000000000e+009	 -2.3396480000000000e+001	
  5.1048000000000000e+009	 -2.3301760000000002e+001	
  5.1057000000000000e+009	 -2.3204100000000000e+001	
  5.1066000000000000e+009	 -2.3154299999999999e+001	
  5.1075000000000000e+009	 -2.3053709999999999e+001	
  5.1084000000000000e+009	 -2.3008790000000001e+001	
  5.1093000000000000e+009	 -2.2928709999999999e+001	
  5.1102000000000000e+009	 -2.2892579999999999e+001	
  5.1111000000000000e+009	 -2.2841799999999999e+001	
  5.1120000000000000e+009	 -2.2718750000000000e+001	
  5.1129000000000000e+009	 -2.2675780000000000e+001	
  5.1138000000000000e+009	 -2.2785150000000002e+001	
  5.1147000000000000e+009	 -2.2649410000000000e+001	
  5.1156000000000000e+009	 -2.2670900000000000e+001	
  5.1165000000000000e+009	 -2.2719729999999998e+001	
  5.1174000000000000e+009	 -2.2795900000000000e+001	
  5.1183000000000000e+009	 -2.2823239999999998e+001	
  5.1192000000000000e+009	 -2.2915040000000001e+001	
  5.1201000000000000e+009	 -2.2960930000000001e+001	
  5.1210000000000000e+009	 -2.3029290000000000e+001	
  5.1219000000000000e+009	 -2.3077150000000000e+001	
  5.1228000000000000e+009	 -2.3195309999999999e+001	
  5.1237000000000000e+009	 -2.3314450000000001e+001	
  5.1246000000000000e+009	 -2.3405270000000002e+001	
  5.1255000000000000e+009	 -2.3531250000000000e+001	
  5.1264000000000000e+009	 -2.3677740000000000e+001	
  5.1273000000000000e+009	 -2.3791989999999998e+001	
  5.1282000000000000e+009	 -2.3954100000000000e+001	
  5.1291000000000000e+009	 -2.4111329999999999e+001	
  5.1300000000000000e+009	 -2.4272459999999999e+001	
  5.1309000000000000e+009	 -2.4401360000000000e+001	
  5.1318000000000000e+009	 -2.4492190000000001e+001	
  5.1327000000000000e+009	 -2.4654290000000000e+001	
  5.1336000000000000e+009	 -2.4828119999999998e+001	
  5.1345000000000000e+009	 -2.4988280000000000e+001	
  5.1354000000000000e+009	 -2.5100580000000001e+001	
  5.1363000000000000e+009	 -2.5162109999999998e+001	
  5.1372000000000000e+009	 -2.5366209999999999e+001	
  5.1381000000000000e+009	 -2.5457030000000000e+001	
  5.1390000000000000e+009	 -2.5571290000000001e+001	
  5.1399000000000000e+009	 -2.5650390000000002e+001	
  5.1408000000000000e+009	 -2.5681640000000002e+001	
  5.1417000000000000e+009	 -2.5868160000000000e+001	
  5.1426000000000000e+009	 -2.5960940000000001e+001	
  5.1435000000000000e+009	 -2.5974609999999998e+001	
  5.1444000000000000e+009	 -2.6034179999999999e+001	
  5.1453000000000000e+009	 -2.6106439999999999e+001	
  5.1462000000000000e+009	 -2.6083980000000000e+001	
  5.1471000000000000e+009	 -2.6095700000000001e+001	
  5.1480000000000000e+009	 -2.6097660000000001e+001	
  5.1489000000000000e+009	 -2.6083010000000002e+001	
  5.1498000000000000e+009	 -2.6055660000000000e+001	
  5.1507000000000000e+009	 -2.6048829999999999e+001	
  5.1516000000000000e+009	 -2.5969719999999999e+001	
  5.1525000000000000e+009	 -2.6012689999999999e+001	
  5.1534000000000000e+009	 -2.5935540000000000e+001	
  5.1543000000000000e+009	 -2.5837890000000002e+001	
  5.1552000000000000e+009	 -2.5846679999999999e+001	
  5.1561000000000000e+009	 -2.5684570000000001e+001	
  5.1570000000000000e+009	 -2.5570309999999999e+001	
  5.1579000000000000e+009	 -2.5474609999999998e+001	
  5.1588000000000000e+009	 -2.5336910000000000e+001	
  5.1597000000000000e+009	 -2.5199220000000000e+001	
  5.1606000000000000e+009	 -2.5081050000000001e+001	
  5.1615000000000000e+009	 -2.4924800000000001e+001	
  5.1624000000000000e+009	 -2.4827150000000000e+001	
  5.1633000000000000e+009	 -2.4650390000000002e+001	
  5.1642000000000000e+009	 -2.4505859999999998e+001	
  5.1651000000000000e+009	 -2.4363280000000000e+001	
  5.1660000000000000e+009	 -2.4236329999999999e+001	
  5.1669000000000000e+009	 -2.4111329999999999e+001	
  5.1678000000000000e+009	 -2.3926760000000002e+001	
  5.1687000000000000e+009	 -2.3812500000000000e+001	
  5.1696000000000000e+009	 -2.3693359999999998e+001	
  5.1705000000000000e+009	 -2.3558589999999999e+001	
  5.1714000000000000e+009	 -2.3449220000000000e+001	
  5.1723000000000000e+009	 -2.3292970000000000e+001	
  5.1732000000000000e+009	 -2.3252929999999999e+001	
  5.1741000000000000e+009	 -2.3112300000000001e+001	
  5.1750000000000000e+009	 -2.3119140000000002e+001	
  5.1759000000000000e+009	 -2.3065429999999999e+001	
  5.1768000000000000e+009	 -2.3126950000000001e+001	
  5.1777000000000000e+009	 -2.3027339999999999e+001	
  5.1786000000000000e+009	 -2.2976559999999999e+001	
  5.1795000000000000e+009	 -2.3043939999999999e+001	
  5.1804000000000000e+009	 -2.3033200000000001e+001	
  5.1813000000000000e+009	 -2.3083980000000000e+001	
  5.1822000000000000e+009	 -2.3441410000000001e+001	
  5.1831000000000000e+009	 -2.4097650000000002e+001	
  5.1840000000000000e+009	 -2.4808589999999999e+001	
  5.1849000000000000e+009	 -2.5381830000000001e+001	
  5.1858000000000000e+009	 -2.5612300000000001e+001	
  5.1867000000000000e+009	 -2.5735350000000000e+001	
  5.1876000000000000e+009	 -2.5782219999999999e+001	
  5.1885000000000000e+009	 -2.5845700000000001e+001	
  5.1894000000000000e+009	 -2.5835930000000001e+001	
  5.1903000000000000e+009	 -2.5831050000000001e+001	
  5.1912000000000000e+009	 -2.5891600000000000e+001	
  5.1921000000000000e+009	 -2.5886720000000000e+001	
  5.1930000000000000e+009	 -2.5923819999999999e+001	
  5.1939000000000000e+009	 -2.5969719999999999e+001	
  5.1948000000000000e+009	 -2.5989260000000002e+001	
  5.1957000000000000e+009	 -2.6090820000000001e+001	
  5.1966000000000000e+009	 -2.6124020000000002e+001	
  5.1975000000000000e+009	 -2.6125969999999999e+001	
  5.1984000000000000e+009	 -2.6159179999999999e+001	
  5.1993000000000000e+009	 -2.6228510000000000e+001	
  5.2002000000000000e+009	 -2.6334959999999999e+001	
  5.2011000000000000e+009	 -2.6307620000000000e+001	
  5.2020000000000000e+009	 -2.6313479999999998e+001	
  5.2029000000000000e+009	 -2.6374020000000002e+001	
  5.2038000000000000e+009	 -2.6358390000000000e+001	
  5.2047000000000000e+009	 -2.6409179999999999e+001	
  5.2056000000000000e+009	 -2.6479489999999998e+001	
  5.2065000000000000e+009	 -2.6505859999999998e+001	
  5.2074000000000000e+009	 -2.6563469999999999e+001	
  5.2083000000000000e+009	 -2.6503910000000001e+001	
  5.2092000000000000e+009	 -2.6519530000000000e+001	
  5.2101000000000000e+009	 -2.6526370000000000e+001	
  5.2110000000000000e+009	 -2.6616209999999999e+001	
  5.2119000000000000e+009	 -2.6584959999999999e+001	
  5.2128000000000000e+009	 -2.6586910000000000e+001	
  5.2137000000000000e+009	 -2.6572270000000000e+001	
  5.2146000000000000e+009	 -2.6577150000000000e+001	
  5.2155000000000000e+009	 -2.6653320000000001e+001	
  5.2164000000000000e+009	 -2.6583980000000000e+001	
  5.2173000000000000e+009	 -2.6596679999999999e+001	
  5.2182000000000000e+009	 -2.6525390000000002e+001	
  5.2191000000000000e+009	 -2.6513670000000001e+001	
  5.2200000000000000e+009	 -2.6480460000000001e+001	
