  3.5000000000000000e+009	 -2.6380859999999998e+001	
  3.5027000000000000e+009	 -2.6648440000000001e+001	
  3.5054000000000000e+009	 -2.6841790000000000e+001	
  3.5081000000000000e+009	 -2.6938479999999998e+001	
  3.5108000000000000e+009	 -2.7065429999999999e+001	
  3.5135000000000000e+009	 -2.7057610000000000e+001	
  3.5162000000000000e+009	 -2.7079100000000000e+001	
  3.5189000000000000e+009	 -2.7086910000000000e+001	
  3.5216000000000000e+009	 -2.7007809999999999e+001	
  3.5243000000000000e+009	 -2.7018550000000001e+001	
  3.5270000000000000e+009	 -2.6967770000000002e+001	
  3.5297000000000000e+009	 -2.6984369999999998e+001	
  3.5324000000000000e+009	 -2.7061520000000002e+001	
  3.5351000000000000e+009	 -2.7183589999999999e+001	
  3.5378000000000000e+009	 -2.7333980000000000e+001	
  3.5405000000000000e+009	 -2.7574210000000001e+001	
  3.5432000000000000e+009	 -2.7787109999999998e+001	
  3.5459000000000000e+009	 -2.8098630000000000e+001	
  3.5486000000000000e+009	 -2.8446290000000001e+001	
  3.5513000000000000e+009	 -2.8770499999999998e+001	
  3.5540000000000000e+009	 -2.9046869999999998e+001	
  3.5567000000000000e+009	 -2.9227540000000001e+001	
  3.5594000000000000e+009	 -2.9257809999999999e+001	
  3.5621000000000000e+009	 -2.9178709999999999e+001	
  3.5648000000000000e+009	 -2.9124020000000002e+001	
  3.5675000000000000e+009	 -2.9144530000000000e+001	
  3.5702000000000000e+009	 -2.9136710000000001e+001	
  3.5729000000000000e+009	 -2.9056640000000002e+001	
  3.5756000000000000e+009	 -2.8914059999999999e+001	
  3.5783000000000000e+009	 -2.8631830000000001e+001	
  3.5810000000000000e+009	 -2.8314450000000001e+001	
  3.5837000000000000e+009	 -2.7978520000000000e+001	
  3.5864000000000000e+009	 -2.7703119999999998e+001	
  3.5891000000000000e+009	 -2.7458980000000000e+001	
  3.5918000000000000e+009	 -2.7201170000000001e+001	
  3.5945000000000000e+009	 -2.7024410000000000e+001	
  3.5972000000000000e+009	 -2.7010739999999998e+001	
  3.5999000000000000e+009	 -2.6987300000000001e+001	
  3.6026000000000000e+009	 -2.7060549999999999e+001	
  3.6053000000000000e+009	 -2.7188469999999999e+001	
  3.6080000000000000e+009	 -2.7375969999999999e+001	
  3.6107000000000000e+009	 -2.7567380000000000e+001	
  3.6134000000000000e+009	 -2.7634760000000000e+001	
  3.6161000000000000e+009	 -2.7765619999999998e+001	
  3.6188000000000000e+009	 -2.7825189999999999e+001	
  3.6215000000000000e+009	 -2.7833980000000000e+001	
  3.6242000000000000e+009	 -2.7817380000000000e+001	
  3.6269000000000000e+009	 -2.7766600000000000e+001	
  3.6296000000000000e+009	 -2.7655270000000002e+001	
  3.6323000000000000e+009	 -2.7534179999999999e+001	
  3.6350000000000000e+009	 -2.7399410000000000e+001	
  3.6377000000000000e+009	 -2.7225580000000001e+001	
  3.6404000000000000e+009	 -2.7050780000000000e+001	
  3.6431000000000000e+009	 -2.6821290000000001e+001	
  3.6458000000000000e+009	 -2.6576170000000001e+001	
  3.6485000000000000e+009	 -2.6271480000000000e+001	
  3.6512000000000000e+009	 -2.5977540000000001e+001	
  3.6539000000000000e+009	 -2.5596679999999999e+001	
  3.6566000000000000e+009	 -2.5301760000000002e+001	
  3.6593000000000000e+009	 -2.4947260000000000e+001	
  3.6620000000000000e+009	 -2.4622070000000001e+001	
  3.6647000000000000e+009	 -2.4331050000000001e+001	
  3.6674000000000000e+009	 -2.4093750000000000e+001	
  3.6701000000000000e+009	 -2.3878900000000002e+001	
  3.6728000000000000e+009	 -2.3731449999999999e+001	
  3.6755000000000000e+009	 -2.3733400000000000e+001	
  3.6782000000000000e+009	 -2.3666989999999998e+001	
  3.6809000000000000e+009	 -2.3721679999999999e+001	
  3.6836000000000000e+009	 -2.3745120000000000e+001	
  3.6863000000000000e+009	 -2.3853520000000000e+001	
  3.6890000000000000e+009	 -2.3857420000000001e+001	
  3.6917000000000000e+009	 -2.3832030000000000e+001	
  3.6944000000000000e+009	 -2.3749020000000002e+001	
  3.6971000000000000e+009	 -2.3635739999999998e+001	
  3.6998000000000000e+009	 -2.3434570000000001e+001	
  3.7025000000000000e+009	 -2.3255859999999998e+001	
  3.7052000000000000e+009	 -2.3010739999999998e+001	
  3.7079000000000000e+009	 -2.2677730000000000e+001	
  3.7106000000000000e+009	 -2.2269530000000000e+001	
  3.7133000000000000e+009	 -2.1823239999999998e+001	
  3.7160000000000000e+009	 -2.1428709999999999e+001	
  3.7187000000000000e+009	 -2.0884770000000000e+001	
  3.7214000000000000e+009	 -2.0435549999999999e+001	
  3.7241000000000000e+009	 -2.0077150000000000e+001	
  3.7268000000000000e+009	 -1.9644530000000000e+001	
  3.7295000000000000e+009	 -1.9228520000000000e+001	
  3.7322000000000000e+009	 -1.8691410000000001e+001	
  3.7349000000000000e+009	 -1.8223630000000000e+001	
  3.7376000000000000e+009	 -1.7791989999999998e+001	
  3.7403000000000000e+009	 -1.7398440000000001e+001	
  3.7430000000000000e+009	 -1.7219719999999999e+001	
  3.7457000000000000e+009	 -1.7005859999999998e+001	
  3.7484000000000000e+009	 -1.6848630000000000e+001	
  3.7511000000000000e+009	 -1.6836910000000000e+001	
  3.7538000000000000e+009	 -1.6786130000000000e+001	
  3.7565000000000000e+009	 -1.6670900000000000e+001	
  3.7592000000000000e+009	 -1.6534179999999999e+001	
  3.7619000000000000e+009	 -1.6336910000000000e+001	
  3.7646000000000000e+009	 -1.5990720000000000e+001	
  3.7673000000000000e+009	 -1.5608890000000001e+001	
  3.7700000000000000e+009	 -1.5078130000000000e+001	
  3.7727000000000000e+009	 -1.4423830000000001e+001	
  3.7754000000000000e+009	 -1.3708980000000000e+001	
  3.7781000000000000e+009	 -1.2825200000000001e+001	
  3.7808000000000000e+009	 -1.1963380000000001e+001	
  3.7835000000000000e+009	 -1.1157710000000000e+001	
  3.7862000000000000e+009	 -1.0305660000000000e+001	
  3.7889000000000000e+009	 -9.6196289999999998e+000	
  3.7916000000000000e+009	 -8.9350590000000008e+000	
  3.7943000000000000e+009	 -8.4389649999999996e+000	
  3.7970000000000000e+009	 -8.1147460000000002e+000	
  3.7997000000000000e+009	 -7.8789059999999997e+000	
  3.8024000000000000e+009	 -7.7272949999999998e+000	
  3.8051000000000000e+009	 -7.6621090000000001e+000	
  3.8078000000000000e+009	 -7.7060550000000001e+000	
  3.8105000000000000e+009	 -7.8317870000000003e+000	
  3.8132000000000000e+009	 -8.1186520000000009e+000	
  3.8159000000000000e+009	 -8.4384770000000007e+000	
  3.8186000000000000e+009	 -8.8696289999999998e+000	
  3.8213000000000000e+009	 -9.2724609999999998e+000	
  3.8240000000000000e+009	 -9.8720700000000008e+000	
  3.8267000000000000e+009	 -1.0433590000000001e+001	
  3.8294000000000000e+009	 -1.0969730000000000e+001	
  3.8321000000000000e+009	 -1.1510249999999999e+001	
  3.8348000000000000e+009	 -1.1994630000000001e+001	
  3.8375000000000000e+009	 -1.2506840000000000e+001	
  3.8402000000000000e+009	 -1.2928220000000000e+001	
  3.8429000000000000e+009	 -1.3184080000000000e+001	
  3.8456000000000000e+009	 -1.3623540000000000e+001	
  3.8483000000000000e+009	 -1.3882320000000000e+001	
  3.8510000000000000e+009	 -1.4040530000000000e+001	
  3.8537000000000000e+009	 -1.4194340000000000e+001	
  3.8564000000000000e+009	 -1.4278810000000000e+001	
  3.8591000000000000e+009	 -1.4296390000000001e+001	
  3.8618000000000000e+009	 -1.4302250000000001e+001	
  3.8645000000000000e+009	 -1.4309080000000000e+001	
  3.8672000000000000e+009	 -1.4338380000000001e+001	
  3.8699000000000000e+009	 -1.4384280000000000e+001	
  3.8726000000000000e+009	 -1.4492190000000001e+001	
  3.8753000000000000e+009	 -1.4659179999999999e+001	
  3.8780000000000000e+009	 -1.4944820000000000e+001	
  3.8807000000000000e+009	 -1.5229490000000000e+001	
  3.8834000000000000e+009	 -1.5554690000000001e+001	
  3.8861000000000000e+009	 -1.5905270000000000e+001	
  3.8888000000000000e+009	 -1.6260739999999998e+001	
  3.8915000000000000e+009	 -1.6620120000000000e+001	
  3.8942000000000000e+009	 -1.6916020000000000e+001	
  3.8969000000000000e+009	 -1.7170900000000000e+001	
  3.8996000000000000e+009	 -1.7416010000000000e+001	
  3.9023000000000000e+009	 -1.7555660000000000e+001	
  3.9050000000000000e+009	 -1.7626950000000001e+001	
  3.9077000000000000e+009	 -1.7716799999999999e+001	
  3.9104000000000000e+009	 -1.7753910000000001e+001	
  3.9131000000000000e+009	 -1.7700199999999999e+001	
  3.9158000000000000e+009	 -1.7671869999999998e+001	
  3.9185000000000000e+009	 -1.7623049999999999e+001	
  3.9212000000000000e+009	 -1.7590820000000001e+001	
  3.9239000000000000e+009	 -1.7481439999999999e+001	
  3.9266000000000000e+009	 -1.7402339999999999e+001	
  3.9293000000000000e+009	 -1.7277339999999999e+001	
  3.9320000000000000e+009	 -1.7130859999999998e+001	
  3.9347000000000000e+009	 -1.6916020000000000e+001	
  3.9374000000000000e+009	 -1.6840820000000001e+001	
  3.9401000000000000e+009	 -1.6515619999999998e+001	
  3.9428000000000000e+009	 -1.6374020000000002e+001	
  3.9455000000000000e+009	 -1.6307620000000000e+001	
  3.9482000000000000e+009	 -1.6261720000000000e+001	
  3.9509000000000000e+009	 -1.6306640000000002e+001	
  3.9536000000000000e+009	 -1.6403320000000001e+001	
  3.9563000000000000e+009	 -1.6625000000000000e+001	
  3.9590000000000000e+009	 -1.6836910000000000e+001	
  3.9617000000000000e+009	 -1.7094729999999998e+001	
  3.9644000000000000e+009	 -1.7392579999999999e+001	
  3.9671000000000000e+009	 -1.7602540000000001e+001	
  3.9698000000000000e+009	 -1.7711910000000000e+001	
  3.9725000000000000e+009	 -1.7769530000000000e+001	
  3.9752000000000000e+009	 -1.7819340000000000e+001	
  3.9779000000000000e+009	 -1.7660160000000001e+001	
  3.9806000000000000e+009	 -1.7516600000000000e+001	
  3.9833000000000000e+009	 -1.7222650000000002e+001	
  3.9860000000000000e+009	 -1.6882809999999999e+001	
  3.9887000000000000e+009	 -1.6506830000000001e+001	
  3.9914000000000000e+009	 -1.6069340000000000e+001	
  3.9941000000000000e+009	 -1.5612790000000000e+001	
  3.9968000000000000e+009	 -1.5247560000000000e+001	
  3.9995000000000000e+009	 -1.4900880000000001e+001	
  4.0022000000000000e+009	 -1.4501950000000001e+001	
  4.0049000000000000e+009	 -1.4192869999999999e+001	
  4.0076000000000000e+009	 -1.4021000000000001e+001	
  4.0103000000000000e+009	 -1.3950200000000001e+001	
  4.0130000000000000e+009	 -1.3854490000000000e+001	
  4.0157000000000000e+009	 -1.3851559999999999e+001	
  4.0184000000000000e+009	 -1.3906739999999999e+001	
  4.0211000000000000e+009	 -1.3952150000000000e+001	
  4.0238000000000000e+009	 -1.3996090000000001e+001	
  4.0265000000000000e+009	 -1.4005860000000000e+001	
  4.0292000000000000e+009	 -1.3958010000000000e+001	
  4.0319000000000000e+009	 -1.3775390000000000e+001	
  4.0346000000000000e+009	 -1.3675780000000000e+001	
  4.0373000000000000e+009	 -1.3470700000000001e+001	
  4.0400000000000000e+009	 -1.3232910000000000e+001	
  4.0427000000000000e+009	 -1.2851070000000000e+001	
  4.0454000000000000e+009	 -1.2469239999999999e+001	
  4.0481000000000000e+009	 -1.2055180000000000e+001	
  4.0508000000000000e+009	 -1.1637700000000001e+001	
  4.0535000000000000e+009	 -1.1271000000000001e+001	
  4.0562000000000000e+009	 -1.0889650000000000e+001	
  4.0589000000000000e+009	 -1.0497560000000000e+001	
  4.0616000000000000e+009	 -1.0180180000000000e+001	
  4.0643000000000000e+009	 -9.8686520000000009e+000	
  4.0670000000000000e+009	 -9.7578130000000005e+000	
  4.0697000000000000e+009	 -9.6708979999999993e+000	
  4.0724000000000000e+009	 -9.5737299999999994e+000	
  4.0751000000000000e+009	 -9.5410160000000008e+000	
  4.0778000000000000e+009	 -9.6074219999999997e+000	
  4.0805000000000000e+009	 -9.7045899999999996e+000	
  4.0832000000000000e+009	 -9.8061520000000009e+000	
  4.0859000000000000e+009	 -1.0033690000000000e+001	
  4.0886000000000000e+009	 -1.0212400000000001e+001	
  4.0913000000000000e+009	 -1.0530270000000000e+001	
  4.0940000000000000e+009	 -1.0809080000000000e+001	
  4.0967000000000000e+009	 -1.1137700000000001e+001	
  4.0994000000000000e+009	 -1.1503420000000000e+001	
  4.1021000000000000e+009	 -1.1930180000000000e+001	
  4.1048000000000000e+009	 -1.2372070000000001e+001	
  4.1075000000000000e+009	 -1.2884280000000000e+001	
  4.1102000000000000e+009	 -1.3444820000000000e+001	
  4.1129000000000000e+009	 -1.3958010000000000e+001	
  4.1156000000000000e+009	 -1.4573240000000000e+001	
  4.1183000000000000e+009	 -1.5155270000000000e+001	
  4.1210000000000000e+009	 -1.5825200000000001e+001	
  4.1237000000000000e+009	 -1.6316400000000002e+001	
  4.1264000000000000e+009	 -1.6836910000000000e+001	
  4.1291000000000000e+009	 -1.7238280000000000e+001	
  4.1318000000000000e+009	 -1.7615230000000000e+001	
  4.1345000000000000e+009	 -1.7910160000000001e+001	
  4.1372000000000000e+009	 -1.8127929999999999e+001	
  4.1399000000000000e+009	 -1.8267579999999999e+001	
  4.1426000000000000e+009	 -1.8415040000000001e+001	
  4.1453000000000000e+009	 -1.8636720000000000e+001	
  4.1480000000000000e+009	 -1.8745120000000000e+001	
  4.1507000000000000e+009	 -1.8814450000000001e+001	
  4.1534000000000000e+009	 -1.8902339999999999e+001	
  4.1561000000000000e+009	 -1.8906250000000000e+001	
  4.1588000000000000e+009	 -1.8681640000000002e+001	
  4.1615000000000000e+009	 -1.8250000000000000e+001	
  4.1642000000000000e+009	 -1.7671869999999998e+001	
  4.1669000000000000e+009	 -1.7006840000000000e+001	
  4.1696000000000000e+009	 -1.6418939999999999e+001	
  4.1723000000000000e+009	 -1.6013670000000001e+001	
  4.1750000000000000e+009	 -1.5973140000000001e+001	
  4.1777000000000000e+009	 -1.6078119999999998e+001	
  4.1804000000000000e+009	 -1.6394530000000000e+001	
  4.1831000000000000e+009	 -1.6761720000000000e+001	
  4.1858000000000000e+009	 -1.7153320000000001e+001	
  4.1885000000000000e+009	 -1.7478510000000000e+001	
  4.1912000000000000e+009	 -1.7793939999999999e+001	
  4.1939000000000000e+009	 -1.8041989999999998e+001	
  4.1966000000000000e+009	 -1.8243160000000000e+001	
  4.1993000000000000e+009	 -1.8338870000000000e+001	
  4.2020000000000000e+009	 -1.8412109999999998e+001	
  4.2047000000000000e+009	 -1.8515630000000002e+001	
  4.2074000000000000e+009	 -1.8553709999999999e+001	
  4.2101000000000000e+009	 -1.8718750000000000e+001	
  4.2128000000000000e+009	 -1.8772459999999999e+001	
  4.2155000000000000e+009	 -1.8940429999999999e+001	
  4.2182000000000000e+009	 -1.9169920000000001e+001	
  4.2209000000000000e+009	 -1.9461910000000000e+001	
  4.2236000000000000e+009	 -1.9781250000000000e+001	
  4.2263000000000000e+009	 -2.0104489999999998e+001	
  4.2290000000000000e+009	 -2.0471679999999999e+001	
  4.2317000000000000e+009	 -2.0873049999999999e+001	
  4.2344000000000000e+009	 -2.1257809999999999e+001	
  4.2371000000000000e+009	 -2.1614260000000002e+001	
  4.2398000000000000e+009	 -2.1987300000000001e+001	
  4.2425000000000000e+009	 -2.2297850000000000e+001	
  4.2452000000000000e+009	 -2.2560540000000000e+001	
  4.2479000000000000e+009	 -2.2713870000000000e+001	
  4.2506000000000000e+009	 -2.2796869999999998e+001	
  4.2533000000000000e+009	 -2.2817380000000000e+001	
  4.2560000000000000e+009	 -2.2872070000000001e+001	
  4.2587000000000000e+009	 -2.2819330000000001e+001	
  4.2614000000000000e+009	 -2.2785150000000002e+001	
  4.2641000000000000e+009	 -2.2836910000000000e+001	
  4.2668000000000000e+009	 -2.2833980000000000e+001	
  4.2695000000000000e+009	 -2.2978520000000000e+001	
  4.2722000000000000e+009	 -2.2958980000000000e+001	
  4.2749000000000000e+009	 -2.3149410000000000e+001	
  4.2776000000000000e+009	 -2.3260739999999998e+001	
  4.2803000000000000e+009	 -2.3363280000000000e+001	
  4.2830000000000000e+009	 -2.3423829999999999e+001	
  4.2857000000000000e+009	 -2.3477540000000001e+001	
  4.2884000000000000e+009	 -2.3509760000000000e+001	
  4.2911000000000000e+009	 -2.3458980000000000e+001	
  4.2938000000000000e+009	 -2.3460940000000001e+001	
  4.2965000000000000e+009	 -2.3419920000000001e+001	
  4.2992000000000000e+009	 -2.3389650000000000e+001	
  4.3019000000000000e+009	 -2.3482420000000001e+001	
  4.3046000000000000e+009	 -2.3536130000000000e+001	
  4.3073000000000000e+009	 -2.3850580000000001e+001	
  4.3100000000000000e+009	 -2.4131830000000001e+001	
  4.3127000000000000e+009	 -2.4493160000000000e+001	
  4.3154000000000000e+009	 -2.4885739999999998e+001	
  4.3181000000000000e+009	 -2.5294920000000001e+001	
  4.3208000000000000e+009	 -2.5691400000000002e+001	
  4.3235000000000000e+009	 -2.5949220000000000e+001	
  4.3262000000000000e+009	 -2.6177730000000000e+001	
  4.3289000000000000e+009	 -2.6282219999999999e+001	
  4.3316000000000000e+009	 -2.6343750000000000e+001	
  4.3343000000000000e+009	 -2.6205079999999999e+001	
  4.3370000000000000e+009	 -2.5914059999999999e+001	
  4.3397000000000000e+009	 -2.5724609999999998e+001	
  4.3424000000000000e+009	 -2.5406250000000000e+001	
  4.3451000000000000e+009	 -2.5020499999999998e+001	
  4.3478000000000000e+009	 -2.4723630000000000e+001	
  4.3505000000000000e+009	 -2.4453130000000002e+001	
  4.3532000000000000e+009	 -2.4276370000000000e+001	
  4.3559000000000000e+009	 -2.4206050000000001e+001	
  4.3586000000000000e+009	 -2.4264650000000000e+001	
  4.3613000000000000e+009	 -2.4436520000000002e+001	
  4.3640000000000000e+009	 -2.4587890000000002e+001	
  4.3667000000000000e+009	 -2.4934570000000001e+001	
  4.3694000000000000e+009	 -2.5298819999999999e+001	
  4.3721000000000000e+009	 -2.5636720000000000e+001	
  4.3748000000000000e+009	 -2.6017579999999999e+001	
  4.3775000000000000e+009	 -2.6348630000000000e+001	
  4.3802000000000000e+009	 -2.6634760000000000e+001	
  4.3829000000000000e+009	 -2.6837890000000002e+001	
  4.3856000000000000e+009	 -2.7033200000000001e+001	
  4.3883000000000000e+009	 -2.7173819999999999e+001	
  4.3910000000000000e+009	 -2.7229489999999998e+001	
  4.3937000000000000e+009	 -2.7178709999999999e+001	
  4.3964000000000000e+009	 -2.7137689999999999e+001	
  4.3991000000000000e+009	 -2.6913080000000001e+001	
  4.4018000000000000e+009	 -2.6785150000000002e+001	
  4.4045000000000000e+009	 -2.6454100000000000e+001	
  4.4072000000000000e+009	 -2.6254880000000000e+001	
  4.4099000000000000e+009	 -2.5971679999999999e+001	
  4.4126000000000000e+009	 -2.5641600000000000e+001	
  4.4153000000000000e+009	 -2.5366209999999999e+001	
  4.4180000000000000e+009	 -2.5208010000000002e+001	
  4.4207000000000000e+009	 -2.5124020000000002e+001	
  4.4234000000000000e+009	 -2.5149410000000000e+001	
  4.4261000000000000e+009	 -2.5260739999999998e+001	
  4.4288000000000000e+009	 -2.5522459999999999e+001	
  4.4315000000000000e+009	 -2.5743160000000000e+001	
  4.4342000000000000e+009	 -2.6051749999999998e+001	
  4.4369000000000000e+009	 -2.6356439999999999e+001	
  4.4396000000000000e+009	 -2.6582030000000000e+001	
  4.4423000000000000e+009	 -2.6747070000000001e+001	
  4.4450000000000000e+009	 -2.6839839999999999e+001	
  4.4477000000000000e+009	 -2.6904299999999999e+001	
  4.4504000000000000e+009	 -2.6898440000000001e+001	
  4.4531000000000000e+009	 -2.6843750000000000e+001	
  4.4558000000000000e+009	 -2.6735350000000000e+001	
  4.4585000000000000e+009	 -2.6602540000000001e+001	
  4.4612000000000000e+009	 -2.6515619999999998e+001	
  4.4639000000000000e+009	 -2.6382809999999999e+001	
  4.4666000000000000e+009	 -2.6329100000000000e+001	
  4.4693000000000000e+009	 -2.6401370000000000e+001	
  4.4720000000000000e+009	 -2.6348630000000000e+001	
  4.4747000000000000e+009	 -2.6324210000000001e+001	
  4.4774000000000000e+009	 -2.6265619999999998e+001	
  4.4801000000000000e+009	 -2.6214839999999999e+001	
  4.4828000000000000e+009	 -2.6124020000000002e+001	
  4.4855000000000000e+009	 -2.5977540000000001e+001	
  4.4882000000000000e+009	 -2.5702150000000000e+001	
  4.4909000000000000e+009	 -2.5557610000000000e+001	
  4.4936000000000000e+009	 -2.5197260000000000e+001	
  4.4963000000000000e+009	 -2.5040040000000001e+001	
  4.4990000000000000e+009	 -2.4784179999999999e+001	
  4.5017000000000000e+009	 -2.4552730000000000e+001	
  4.5044000000000000e+009	 -2.4555660000000000e+001	
  4.5071000000000000e+009	 -2.4609380000000002e+001	
  4.5098000000000000e+009	 -2.4802730000000000e+001	
  4.5125000000000000e+009	 -2.4971679999999999e+001	
  4.5152000000000000e+009	 -2.5257809999999999e+001	
  4.5179000000000000e+009	 -2.5468750000000000e+001	
  4.5206000000000000e+009	 -2.5534179999999999e+001	
  4.5233000000000000e+009	 -2.5539059999999999e+001	
  4.5260000000000000e+009	 -2.5401360000000000e+001	
  4.5287000000000000e+009	 -2.5206050000000001e+001	
  4.5314000000000000e+009	 -2.4882809999999999e+001	
  4.5341000000000000e+009	 -2.4913080000000001e+001	
  4.5368000000000000e+009	 -2.6529290000000000e+001	
  4.5395000000000000e+009	 -2.9332030000000000e+001	
  4.5422000000000000e+009	 -3.0079100000000000e+001	
  4.5449000000000000e+009	 -2.9287109999999998e+001	
  4.5476000000000000e+009	 -2.8252929999999999e+001	
  4.5503000000000000e+009	 -2.7383790000000001e+001	
  4.5530000000000000e+009	 -2.6628900000000002e+001	
  4.5557000000000000e+009	 -2.6108400000000000e+001	
  4.5584000000000000e+009	 -2.5735350000000000e+001	
  4.5611000000000000e+009	 -2.5420890000000000e+001	
  4.5638000000000000e+009	 -2.5290040000000001e+001	
  4.5665000000000000e+009	 -2.5375000000000000e+001	
  4.5692000000000000e+009	 -2.5400390000000002e+001	
  4.5719000000000000e+009	 -2.5549800000000001e+001	
  4.5746000000000000e+009	 -2.5730470000000000e+001	
  4.5773000000000000e+009	 -2.5920900000000000e+001	
  4.5800000000000000e+009	 -2.6170900000000000e+001	
  4.5827000000000000e+009	 -2.6322260000000000e+001	
  4.5854000000000000e+009	 -2.6502929999999999e+001	
  4.5881000000000000e+009	 -2.6611329999999999e+001	
  4.5908000000000000e+009	 -2.6621089999999999e+001	
  4.5935000000000000e+009	 -2.6554680000000001e+001	
  4.5962000000000000e+009	 -2.6353510000000000e+001	
  4.5989000000000000e+009	 -2.6174800000000001e+001	
  4.6016000000000000e+009	 -2.5933589999999999e+001	
  4.6043000000000000e+009	 -2.5601559999999999e+001	
  4.6070000000000000e+009	 -2.5218750000000000e+001	
  4.6097000000000000e+009	 -2.4837890000000002e+001	
  4.6124000000000000e+009	 -2.4446290000000001e+001	
  4.6151000000000000e+009	 -2.4125979999999998e+001	
  4.6178000000000000e+009	 -2.3808589999999999e+001	
  4.6205000000000000e+009	 -2.3685549999999999e+001	
  4.6232000000000000e+009	 -2.3541020000000000e+001	
  4.6259000000000000e+009	 -2.3565429999999999e+001	
  4.6286000000000000e+009	 -2.3622070000000001e+001	
  4.6313000000000000e+009	 -2.3753910000000001e+001	
  4.6340000000000000e+009	 -2.3795900000000000e+001	
  4.6367000000000000e+009	 -2.3932610000000000e+001	
  4.6394000000000000e+009	 -2.3994140000000002e+001	
  4.6421000000000000e+009	 -2.3982420000000001e+001	
  4.6448000000000000e+009	 -2.3996089999999999e+001	
  4.6475000000000000e+009	 -2.3970700000000001e+001	
  4.6502000000000000e+009	 -2.3853520000000000e+001	
  4.6529000000000000e+009	 -2.3758790000000001e+001	
  4.6556000000000000e+009	 -2.3598630000000000e+001	
  4.6583000000000000e+009	 -2.3633790000000001e+001	
  4.6610000000000000e+009	 -2.3469719999999999e+001	
  4.6637000000000000e+009	 -2.3485350000000000e+001	
  4.6664000000000000e+009	 -2.3458010000000002e+001	
  4.6691000000000000e+009	 -2.3484369999999998e+001	
  4.6718000000000000e+009	 -2.3505859999999998e+001	
  4.6745000000000000e+009	 -2.3515630000000002e+001	
  4.6772000000000000e+009	 -2.3447270000000000e+001	
  4.6799000000000000e+009	 -2.3322260000000000e+001	
  4.6826000000000000e+009	 -2.3162109999999998e+001	
  4.6853000000000000e+009	 -2.2910160000000001e+001	
  4.6880000000000000e+009	 -2.2658200000000001e+001	
  4.6907000000000000e+009	 -2.2251950000000001e+001	
  4.6934000000000000e+009	 -2.2003900000000002e+001	
  4.6961000000000000e+009	 -2.1544920000000001e+001	
  4.6988000000000000e+009	 -2.1250000000000000e+001	
  4.7015000000000000e+009	 -2.1027339999999999e+001	
  4.7042000000000000e+009	 -2.0859380000000002e+001	
  4.7069000000000000e+009	 -2.0740230000000000e+001	
  4.7096000000000000e+009	 -2.0727540000000001e+001	
  4.7123000000000000e+009	 -2.0666989999999998e+001	
  4.7150000000000000e+009	 -2.0779290000000000e+001	
  4.7177000000000000e+009	 -2.1012689999999999e+001	
  4.7204000000000000e+009	 -2.1243160000000000e+001	
  4.7231000000000000e+009	 -2.1260739999999998e+001	
  4.7258000000000000e+009	 -2.1412109999999998e+001	
  4.7285000000000000e+009	 -2.1506830000000001e+001	
  4.7312000000000000e+009	 -2.1543949999999999e+001	
  4.7339000000000000e+009	 -2.1480470000000000e+001	
  4.7366000000000000e+009	 -2.1378900000000002e+001	
  4.7393000000000000e+009	 -2.1155270000000002e+001	
  4.7420000000000000e+009	 -2.0935540000000000e+001	
  4.7447000000000000e+009	 -2.0606449999999999e+001	
  4.7474000000000000e+009	 -2.0192380000000000e+001	
  4.7501000000000000e+009	 -1.9797850000000000e+001	
  4.7528000000000000e+009	 -1.9320309999999999e+001	
  4.7555000000000000e+009	 -1.8915040000000001e+001	
  4.7582000000000000e+009	 -1.8509760000000000e+001	
  4.7609000000000000e+009	 -1.8108400000000000e+001	
  4.7636000000000000e+009	 -1.7725580000000001e+001	
  4.7663000000000000e+009	 -1.7545900000000000e+001	
  4.7690000000000000e+009	 -1.7416010000000000e+001	
  4.7717000000000000e+009	 -1.7423829999999999e+001	
  4.7744000000000000e+009	 -1.7516600000000000e+001	
  4.7771000000000000e+009	 -1.7641600000000000e+001	
  4.7798000000000000e+009	 -1.7852540000000001e+001	
  4.7825000000000000e+009	 -1.7972660000000001e+001	
  4.7852000000000000e+009	 -1.8076170000000001e+001	
  4.7879000000000000e+009	 -1.8173829999999999e+001	
  4.7906000000000000e+009	 -1.8181640000000002e+001	
  4.7933000000000000e+009	 -1.8050780000000000e+001	
  4.7960000000000000e+009	 -1.7894530000000000e+001	
  4.7987000000000000e+009	 -1.7606439999999999e+001	
  4.8014000000000000e+009	 -1.7217770000000002e+001	
  4.8041000000000000e+009	 -1.6777339999999999e+001	
  4.8068000000000000e+009	 -1.6265619999999998e+001	
  4.8095000000000000e+009	 -1.5792479999999999e+001	
  4.8122000000000000e+009	 -1.5318849999999999e+001	
  4.8149000000000000e+009	 -1.4816890000000001e+001	
  4.8176000000000000e+009	 -1.4420900000000000e+001	
  4.8203000000000000e+009	 -1.4106450000000001e+001	
  4.8230000000000000e+009	 -1.3792479999999999e+001	
  4.8257000000000000e+009	 -1.3522950000000000e+001	
  4.8284000000000000e+009	 -1.3298830000000001e+001	
  4.8311000000000000e+009	 -1.3083010000000000e+001	
  4.8338000000000000e+009	 -1.2840330000000000e+001	
  4.8365000000000000e+009	 -1.2503909999999999e+001	
  4.8392000000000000e+009	 -1.2237299999999999e+001	
  4.8419000000000000e+009	 -1.1878420000000000e+001	
  4.8446000000000000e+009	 -1.1496090000000001e+001	
  4.8473000000000000e+009	 -1.1092770000000000e+001	
  4.8500000000000000e+009	 -1.0719239999999999e+001	
  4.8527000000000000e+009	 -1.0304200000000000e+001	
  4.8554000000000000e+009	 -9.9208979999999993e+000	
  4.8581000000000000e+009	 -9.5595700000000008e+000	
  4.8608000000000000e+009	 -9.2119140000000002e+000	
  4.8635000000000000e+009	 -8.8559570000000001e+000	
  4.8662000000000000e+009	 -8.5209960000000002e+000	
  4.8689000000000000e+009	 -8.2231450000000006e+000	
  4.8716000000000000e+009	 -7.9431149999999997e+000	
  4.8743000000000000e+009	 -7.6276859999999997e+000	
  4.8770000000000000e+009	 -7.3613280000000003e+000	
  4.8797000000000000e+009	 -7.2927249999999999e+000	
  4.8824000000000000e+009	 -7.3139649999999996e+000	
  4.8851000000000000e+009	 -7.4279789999999997e+000	
  4.8878000000000000e+009	 -7.6511230000000001e+000	
  4.8905000000000000e+009	 -7.9157710000000003e+000	
  4.8932000000000000e+009	 -8.1508789999999998e+000	
  4.8959000000000000e+009	 -8.4628910000000008e+000	
  4.8986000000000000e+009	 -8.6508789999999998e+000	
  4.9013000000000000e+009	 -8.8300780000000003e+000	
  4.9040000000000000e+009	 -8.9648439999999994e+000	
  4.9067000000000000e+009	 -9.1279299999999992e+000	
  4.9094000000000000e+009	 -9.3232420000000005e+000	
  4.9121000000000000e+009	 -9.5834960000000002e+000	
  4.9148000000000000e+009	 -9.9121089999999992e+000	
  4.9175000000000000e+009	 -1.0281250000000000e+001	
  4.9202000000000000e+009	 -1.0870609999999999e+001	
  4.9229000000000000e+009	 -1.1419430000000000e+001	
  4.9256000000000000e+009	 -1.1998049999999999e+001	
  4.9283000000000000e+009	 -1.2626950000000001e+001	
  4.9310000000000000e+009	 -1.3302730000000000e+001	
  4.9337000000000000e+009	 -1.3918460000000000e+001	
  4.9364000000000000e+009	 -1.4512700000000001e+001	
  4.9391000000000000e+009	 -1.5070800000000000e+001	
  4.9418000000000000e+009	 -1.5511229999999999e+001	
  4.9445000000000000e+009	 -1.5959470000000000e+001	
  4.9472000000000000e+009	 -1.6288080000000001e+001	
  4.9499000000000000e+009	 -1.6413090000000000e+001	
  4.9526000000000000e+009	 -1.6612300000000001e+001	
  4.9553000000000000e+009	 -1.6702150000000000e+001	
  4.9580000000000000e+009	 -1.6663080000000001e+001	
  4.9607000000000000e+009	 -1.6574220000000000e+001	
  4.9634000000000000e+009	 -1.6512689999999999e+001	
  4.9661000000000000e+009	 -1.6391600000000000e+001	
  4.9688000000000000e+009	 -1.6281250000000000e+001	
  4.9715000000000000e+009	 -1.6225590000000000e+001	
  4.9742000000000000e+009	 -1.6282219999999999e+001	
  4.9769000000000000e+009	 -1.6396480000000000e+001	
  4.9796000000000000e+009	 -1.6703119999999998e+001	
  4.9823000000000000e+009	 -1.7039059999999999e+001	
  4.9850000000000000e+009	 -1.7496089999999999e+001	
  4.9877000000000000e+009	 -1.7899410000000000e+001	
  4.9904000000000000e+009	 -1.8430660000000000e+001	
  4.9931000000000000e+009	 -1.8977540000000001e+001	
  4.9958000000000000e+009	 -1.9419920000000001e+001	
  4.9985000000000000e+009	 -1.9763670000000001e+001	
  5.0012000000000000e+009	 -2.0077150000000000e+001	
  5.0039000000000000e+009	 -2.0287109999999998e+001	
  5.0066000000000000e+009	 -2.0416989999999998e+001	
  5.0093000000000000e+009	 -2.0520510000000002e+001	
  5.0120000000000000e+009	 -2.0565429999999999e+001	
  5.0147000000000000e+009	 -2.0612300000000001e+001	
  5.0174000000000000e+009	 -2.0521480000000000e+001	
  5.0201000000000000e+009	 -2.0484380000000002e+001	
  5.0228000000000000e+009	 -2.0471679999999999e+001	
  5.0255000000000000e+009	 -2.0440429999999999e+001	
  5.0282000000000000e+009	 -2.0445309999999999e+001	
  5.0309000000000000e+009	 -2.0430669999999999e+001	
  5.0336000000000000e+009	 -2.0452150000000000e+001	
  5.0363000000000000e+009	 -2.0518560000000001e+001	
  5.0390000000000000e+009	 -2.0519530000000000e+001	
  5.0417000000000000e+009	 -2.0557620000000000e+001	
  5.0444000000000000e+009	 -2.0574220000000000e+001	
  5.0471000000000000e+009	 -2.0521480000000000e+001	
  5.0498000000000000e+009	 -2.0620120000000000e+001	
  5.0525000000000000e+009	 -2.0663080000000001e+001	
  5.0552000000000000e+009	 -2.0757809999999999e+001	
  5.0579000000000000e+009	 -2.0900390000000002e+001	
  5.0606000000000000e+009	 -2.1087890000000002e+001	
  5.0633000000000000e+009	 -2.1375979999999998e+001	
  5.0660000000000000e+009	 -2.1697260000000000e+001	
  5.0687000000000000e+009	 -2.2030270000000002e+001	
  5.0714000000000000e+009	 -2.2409179999999999e+001	
  5.0741000000000000e+009	 -2.2696290000000001e+001	
  5.0768000000000000e+009	 -2.2997070000000001e+001	
  5.0795000000000000e+009	 -2.3279290000000000e+001	
  5.0822000000000000e+009	 -2.3431640000000002e+001	
  5.0849000000000000e+009	 -2.3527339999999999e+001	
  5.0876000000000000e+009	 -2.3536130000000000e+001	
  5.0903000000000000e+009	 -2.3409179999999999e+001	
  5.0930000000000000e+009	 -2.3315429999999999e+001	
  5.0957000000000000e+009	 -2.3087890000000002e+001	
  5.0984000000000000e+009	 -2.2793949999999999e+001	
  5.1011000000000000e+009	 -2.2480470000000000e+001	
  5.1038000000000000e+009	 -2.2170900000000000e+001	
  5.1065000000000000e+009	 -2.1896480000000000e+001	
  5.1092000000000000e+009	 -2.1590820000000001e+001	
  5.1119000000000000e+009	 -2.1443359999999998e+001	
  5.1146000000000000e+009	 -2.1296869999999998e+001	
  5.1173000000000000e+009	 -2.1383790000000001e+001	
  5.1200000000000000e+009	 -2.1544920000000001e+001	
  5.1227000000000000e+009	 -2.1758790000000001e+001	
  5.1254000000000000e+009	 -2.2101559999999999e+001	
  5.1281000000000000e+009	 -2.2527339999999999e+001	
  5.1308000000000000e+009	 -2.2932620000000000e+001	
  5.1335000000000000e+009	 -2.3399419999999999e+001	
  5.1362000000000000e+009	 -2.3793949999999999e+001	
  5.1389000000000000e+009	 -2.4250000000000000e+001	
  5.1416000000000000e+009	 -2.4467770000000002e+001	
  5.1443000000000000e+009	 -2.4699220000000000e+001	
  5.1470000000000000e+009	 -2.4827150000000000e+001	
  5.1497000000000000e+009	 -2.4793939999999999e+001	
  5.1524000000000000e+009	 -2.4707030000000000e+001	
  5.1551000000000000e+009	 -2.4487300000000001e+001	
  5.1578000000000000e+009	 -2.4197260000000000e+001	
  5.1605000000000000e+009	 -2.3900390000000002e+001	
  5.1632000000000000e+009	 -2.3501950000000001e+001	
  5.1659000000000000e+009	 -2.3114260000000002e+001	
  5.1686000000000000e+009	 -2.2723630000000000e+001	
  5.1713000000000000e+009	 -2.2440429999999999e+001	
  5.1740000000000000e+009	 -2.2302730000000000e+001	
  5.1767000000000000e+009	 -2.2143550000000001e+001	
  5.1794000000000000e+009	 -2.2223630000000000e+001	
  5.1821000000000000e+009	 -2.2291020000000000e+001	
  5.1848000000000000e+009	 -2.2494140000000002e+001	
  5.1875000000000000e+009	 -2.2783200000000001e+001	
  5.1902000000000000e+009	 -2.3083980000000000e+001	
  5.1929000000000000e+009	 -2.3384770000000000e+001	
  5.1956000000000000e+009	 -2.3643560000000001e+001	
  5.1983000000000000e+009	 -2.3873049999999999e+001	
  5.2010000000000000e+009	 -2.4091799999999999e+001	
  5.2037000000000000e+009	 -2.4293939999999999e+001	
  5.2064000000000000e+009	 -2.4446290000000001e+001	
  5.2091000000000000e+009	 -2.4511720000000000e+001	
  5.2118000000000000e+009	 -2.4606439999999999e+001	
  5.2145000000000000e+009	 -2.4647459999999999e+001	
  5.2172000000000000e+009	 -2.4603510000000000e+001	
  5.2199000000000000e+009	 -2.4583010000000002e+001	
  5.2226000000000000e+009	 -2.4456050000000001e+001	
  5.2253000000000000e+009	 -2.4308589999999999e+001	
  5.2280000000000000e+009	 -2.4107420000000001e+001	
  5.2307000000000000e+009	 -2.3887699999999999e+001	
  5.2334000000000000e+009	 -2.3569340000000000e+001	
  5.2361000000000000e+009	 -2.3272459999999999e+001	
  5.2388000000000000e+009	 -2.2885739999999998e+001	
  5.2415000000000000e+009	 -2.2635739999999998e+001	
  5.2442000000000000e+009	 -2.2549810000000001e+001	
  5.2469000000000000e+009	 -2.2313479999999998e+001	
  5.2496000000000000e+009	 -2.2257809999999999e+001	
  5.2523000000000000e+009	 -2.2302730000000000e+001	
  5.2550000000000000e+009	 -2.2429690000000001e+001	
  5.2577000000000000e+009	 -2.2668939999999999e+001	
  5.2604000000000000e+009	 -2.2910160000000001e+001	
  5.2631000000000000e+009	 -2.3191400000000002e+001	
  5.2658000000000000e+009	 -2.3504880000000000e+001	
  5.2685000000000000e+009	 -2.3717770000000002e+001	
  5.2712000000000000e+009	 -2.3904290000000000e+001	
  5.2739000000000000e+009	 -2.3976559999999999e+001	
  5.2766000000000000e+009	 -2.4000000000000000e+001	
  5.2793000000000000e+009	 -2.4005859999999998e+001	
  5.2820000000000000e+009	 -2.3893550000000001e+001	
  5.2847000000000000e+009	 -2.3844719999999999e+001	
  5.2874000000000000e+009	 -2.3682620000000000e+001	
  5.2901000000000000e+009	 -2.3541020000000000e+001	
  5.2928000000000000e+009	 -2.3356439999999999e+001	
  5.2955000000000000e+009	 -2.3256840000000000e+001	
  5.2982000000000000e+009	 -2.3053709999999999e+001	
  5.3009000000000000e+009	 -2.2865230000000000e+001	
  5.3036000000000000e+009	 -2.2756830000000001e+001	
  5.3063000000000000e+009	 -2.2478510000000000e+001	
  5.3090000000000000e+009	 -2.2335930000000001e+001	
  5.3117000000000000e+009	 -2.2124020000000002e+001	
  5.3144000000000000e+009	 -2.1767579999999999e+001	
  5.3171000000000000e+009	 -2.1473630000000000e+001	
  5.3198000000000000e+009	 -2.1288080000000001e+001	
  5.3225000000000000e+009	 -2.1128910000000001e+001	
  5.3252000000000000e+009	 -2.1085930000000001e+001	
  5.3279000000000000e+009	 -2.1154290000000000e+001	
  5.3306000000000000e+009	 -2.1270510000000002e+001	
  5.3333000000000000e+009	 -2.1475590000000000e+001	
  5.3360000000000000e+009	 -2.1824220000000000e+001	
  5.3387000000000000e+009	 -2.2197270000000000e+001	
  5.3414000000000000e+009	 -2.2645510000000002e+001	
  5.3441000000000000e+009	 -2.2853510000000000e+001	
  5.3468000000000000e+009	 -2.3113280000000000e+001	
  5.3495000000000000e+009	 -2.3211910000000000e+001	
  5.3522000000000000e+009	 -2.3229489999999998e+001	
  5.3549000000000000e+009	 -2.3156250000000000e+001	
  5.3576000000000000e+009	 -2.2921869999999998e+001	
  5.3603000000000000e+009	 -2.2590820000000001e+001	
  5.3630000000000000e+009	 -2.2147459999999999e+001	
  5.3657000000000000e+009	 -2.1719729999999998e+001	
  5.3684000000000000e+009	 -2.1102540000000001e+001	
  5.3711000000000000e+009	 -2.0591799999999999e+001	
  5.3738000000000000e+009	 -2.0099609999999998e+001	
  5.3765000000000000e+009	 -1.9658200000000001e+001	
  5.3792000000000000e+009	 -1.9356439999999999e+001	
  5.3819000000000000e+009	 -1.9215820000000001e+001	
  5.3846000000000000e+009	 -1.9164059999999999e+001	
  5.3873000000000000e+009	 -1.9216790000000000e+001	
  5.3900000000000000e+009	 -1.9317380000000000e+001	
  5.3927000000000000e+009	 -1.9454100000000000e+001	
  5.3954000000000000e+009	 -1.9664059999999999e+001	
  5.3981000000000000e+009	 -1.9836910000000000e+001	
  5.4008000000000000e+009	 -1.9994140000000002e+001	
  5.4035000000000000e+009	 -2.0033200000000001e+001	
  5.4062000000000000e+009	 -2.0133790000000001e+001	
  5.4089000000000000e+009	 -2.0067380000000000e+001	
  5.4116000000000000e+009	 -2.0062500000000000e+001	
  5.4143000000000000e+009	 -1.9985350000000000e+001	
  5.4170000000000000e+009	 -1.9823239999999998e+001	
  5.4197000000000000e+009	 -1.9670900000000000e+001	
  5.4224000000000000e+009	 -1.9496089999999999e+001	
  5.4251000000000000e+009	 -1.9237300000000001e+001	
  5.4278000000000000e+009	 -1.9033200000000001e+001	
  5.4305000000000000e+009	 -1.8718750000000000e+001	
  5.4332000000000000e+009	 -1.8371089999999999e+001	
  5.4359000000000000e+009	 -1.8147459999999999e+001	
  5.4386000000000000e+009	 -1.7834959999999999e+001	
  5.4413000000000000e+009	 -1.7538080000000001e+001	
  5.4440000000000000e+009	 -1.7275390000000002e+001	
  5.4467000000000000e+009	 -1.7038090000000000e+001	
  5.4494000000000000e+009	 -1.6865230000000000e+001	
  5.4521000000000000e+009	 -1.6688479999999998e+001	
  5.4548000000000000e+009	 -1.6574220000000000e+001	
  5.4575000000000000e+009	 -1.6485350000000000e+001	
  5.4602000000000000e+009	 -1.6426760000000002e+001	
  5.4629000000000000e+009	 -1.6466799999999999e+001	
  5.4656000000000000e+009	 -1.6451170000000001e+001	
  5.4683000000000000e+009	 -1.6484380000000002e+001	
  5.4710000000000000e+009	 -1.6503910000000001e+001	
  5.4737000000000000e+009	 -1.6526370000000000e+001	
  5.4764000000000000e+009	 -1.6569340000000000e+001	
  5.4791000000000000e+009	 -1.6601559999999999e+001	
  5.4818000000000000e+009	 -1.6625000000000000e+001	
  5.4845000000000000e+009	 -1.6667970000000000e+001	
  5.4872000000000000e+009	 -1.6779299999999999e+001	
  5.4899000000000000e+009	 -1.6803709999999999e+001	
  5.4926000000000000e+009	 -1.6833980000000000e+001	
  5.4953000000000000e+009	 -1.6958980000000000e+001	
  5.4980000000000000e+009	 -1.6944330000000001e+001	
  5.5007000000000000e+009	 -1.6954100000000000e+001	
  5.5034000000000000e+009	 -1.6934570000000001e+001	
  5.5061000000000000e+009	 -1.6873040000000000e+001	
  5.5088000000000000e+009	 -1.6787109999999998e+001	
  5.5115000000000000e+009	 -1.6665040000000001e+001	
  5.5142000000000000e+009	 -1.6463870000000000e+001	
  5.5169000000000000e+009	 -1.6263670000000001e+001	
  5.5196000000000000e+009	 -1.6076170000000001e+001	
  5.5223000000000000e+009	 -1.5894040000000000e+001	
  5.5250000000000000e+009	 -1.5810549999999999e+001	
  5.5277000000000000e+009	 -1.5777340000000001e+001	
  5.5304000000000000e+009	 -1.5822749999999999e+001	
  5.5331000000000000e+009	 -1.6012689999999999e+001	
  5.5358000000000000e+009	 -1.6302730000000000e+001	
  5.5385000000000000e+009	 -1.6755859999999998e+001	
  5.5412000000000000e+009	 -1.7179690000000001e+001	
  5.5439000000000000e+009	 -1.7737300000000001e+001	
  5.5466000000000000e+009	 -1.8257809999999999e+001	
  5.5493000000000000e+009	 -1.8880859999999998e+001	
  5.5520000000000000e+009	 -1.9216790000000000e+001	
  5.5547000000000000e+009	 -1.9666010000000000e+001	
  5.5574000000000000e+009	 -1.9919920000000001e+001	
  5.5601000000000000e+009	 -2.0108400000000000e+001	
  5.5628000000000000e+009	 -2.0270499999999998e+001	
  5.5655000000000000e+009	 -2.0276370000000000e+001	
  5.5682000000000000e+009	 -2.0206060000000001e+001	
  5.5709000000000000e+009	 -2.0053709999999999e+001	
  5.5736000000000000e+009	 -1.9853520000000000e+001	
  5.5763000000000000e+009	 -1.9687500000000000e+001	
  5.5790000000000000e+009	 -1.9398440000000001e+001	
  5.5817000000000000e+009	 -1.9212890000000002e+001	
  5.5844000000000000e+009	 -1.9105470000000000e+001	
  5.5871000000000000e+009	 -1.9014650000000000e+001	
  5.5898000000000000e+009	 -1.9123049999999999e+001	
  5.5925000000000000e+009	 -1.9155270000000002e+001	
  5.5952000000000000e+009	 -1.9204100000000000e+001	
  5.5979000000000000e+009	 -1.9131830000000001e+001	
  5.6006000000000000e+009	 -1.8938469999999999e+001	
  5.6033000000000000e+009	 -1.8499020000000002e+001	
  5.6060000000000000e+009	 -1.8073239999999998e+001	
  5.6087000000000000e+009	 -1.8003900000000002e+001	
  5.6114000000000000e+009	 -1.8410160000000001e+001	
  5.6141000000000000e+009	 -1.8959959999999999e+001	
  5.6168000000000000e+009	 -1.9515619999999998e+001	
  5.6195000000000000e+009	 -1.9916010000000000e+001	
  5.6222000000000000e+009	 -2.0219729999999998e+001	
  5.6249000000000000e+009	 -2.0422850000000000e+001	
  5.6276000000000000e+009	 -2.0559570000000001e+001	
  5.6303000000000000e+009	 -2.0687500000000000e+001	
  5.6330000000000000e+009	 -2.0705079999999999e+001	
  5.6357000000000000e+009	 -2.0736329999999999e+001	
  5.6384000000000000e+009	 -2.0753900000000002e+001	
  5.6411000000000000e+009	 -2.0708990000000000e+001	
  5.6438000000000000e+009	 -2.0697260000000000e+001	
  5.6465000000000000e+009	 -2.0598630000000000e+001	
  5.6492000000000000e+009	 -2.0490230000000000e+001	
  5.6519000000000000e+009	 -2.0507809999999999e+001	
  5.6546000000000000e+009	 -2.0402339999999999e+001	
  5.6573000000000000e+009	 -2.0365230000000000e+001	
  5.6600000000000000e+009	 -2.0369140000000002e+001	
