  4.5000000000000000e+009	 -2.3505859999999998e+001	
  4.5012000000000000e+009	 -2.3468750000000000e+001	
  4.5024000000000000e+009	 -2.3382809999999999e+001	
  4.5036000000000000e+009	 -2.3462890000000002e+001	
  4.5048000000000000e+009	 -2.3370120000000000e+001	
  4.5060000000000000e+009	 -2.3413090000000000e+001	
  4.5072000000000000e+009	 -2.3452150000000000e+001	
  4.5084000000000000e+009	 -2.3529299999999999e+001	
  4.5096000000000000e+009	 -2.3605470000000000e+001	
  4.5108000000000000e+009	 -2.3697270000000000e+001	
  4.5120000000000000e+009	 -2.3813479999999998e+001	
  4.5132000000000000e+009	 -2.3954100000000000e+001	
  4.5144000000000000e+009	 -2.4057620000000000e+001	
  4.5156000000000000e+009	 -2.4233400000000000e+001	
  4.5168000000000000e+009	 -2.4333980000000000e+001	
  4.5180000000000000e+009	 -2.4477540000000001e+001	
  4.5192000000000000e+009	 -2.4534179999999999e+001	
  4.5204000000000000e+009	 -2.4660150000000002e+001	
  4.5216000000000000e+009	 -2.4729489999999998e+001	
  4.5228000000000000e+009	 -2.4785160000000001e+001	
  4.5240000000000000e+009	 -2.4807620000000000e+001	
  4.5252000000000000e+009	 -2.4741209999999999e+001	
  4.5264000000000000e+009	 -2.4800780000000000e+001	
  4.5276000000000000e+009	 -2.4714839999999999e+001	
  4.5288000000000000e+009	 -2.4617190000000001e+001	
  4.5300000000000000e+009	 -2.4496089999999999e+001	
  4.5312000000000000e+009	 -2.4287109999999998e+001	
  4.5324000000000000e+009	 -2.4113280000000000e+001	
  4.5336000000000000e+009	 -2.3750000000000000e+001	
  4.5348000000000000e+009	 -2.3573239999999998e+001	
  4.5360000000000000e+009	 -2.3509760000000000e+001	
  4.5372000000000000e+009	 -2.3788080000000001e+001	
  4.5384000000000000e+009	 -2.4854489999999998e+001	
  4.5396000000000000e+009	 -2.6584959999999999e+001	
  4.5408000000000000e+009	 -2.8168949999999999e+001	
  4.5420000000000000e+009	 -2.8802730000000000e+001	
  4.5432000000000000e+009	 -2.8685549999999999e+001	
  4.5444000000000000e+009	 -2.8181640000000002e+001	
  4.5456000000000000e+009	 -2.7678709999999999e+001	
  4.5468000000000000e+009	 -2.7147459999999999e+001	
  4.5480000000000000e+009	 -2.6725580000000001e+001	
  4.5492000000000000e+009	 -2.6315429999999999e+001	
  4.5504000000000000e+009	 -2.5926760000000002e+001	
  4.5516000000000000e+009	 -2.5606439999999999e+001	
  4.5528000000000000e+009	 -2.5302730000000000e+001	
  4.5540000000000000e+009	 -2.5085940000000001e+001	
  4.5552000000000000e+009	 -2.4789059999999999e+001	
  4.5564000000000000e+009	 -2.4684570000000001e+001	
  4.5576000000000000e+009	 -2.4536130000000000e+001	
  4.5588000000000000e+009	 -2.4368160000000000e+001	
  4.5600000000000000e+009	 -2.4240230000000000e+001	
  4.5612000000000000e+009	 -2.4169920000000001e+001	
  4.5624000000000000e+009	 -2.4118160000000000e+001	
  4.5636000000000000e+009	 -2.4128900000000002e+001	
  4.5648000000000000e+009	 -2.4103510000000000e+001	
  4.5660000000000000e+009	 -2.4094719999999999e+001	
  4.5672000000000000e+009	 -2.4156250000000000e+001	
  4.5684000000000000e+009	 -2.4188479999999998e+001	
  4.5696000000000000e+009	 -2.4260739999999998e+001	
  4.5708000000000000e+009	 -2.4328119999999998e+001	
  4.5720000000000000e+009	 -2.4419920000000001e+001	
  4.5732000000000000e+009	 -2.4500000000000000e+001	
  4.5744000000000000e+009	 -2.4616209999999999e+001	
  4.5756000000000000e+009	 -2.4700189999999999e+001	
  4.5768000000000000e+009	 -2.4840820000000001e+001	
  4.5780000000000000e+009	 -2.4943359999999998e+001	
  4.5792000000000000e+009	 -2.5060540000000000e+001	
  4.5804000000000000e+009	 -2.5136720000000000e+001	
  4.5816000000000000e+009	 -2.5196290000000001e+001	
  4.5828000000000000e+009	 -2.5319330000000001e+001	
  4.5840000000000000e+009	 -2.5408200000000001e+001	
  4.5852000000000000e+009	 -2.5438479999999998e+001	
  4.5864000000000000e+009	 -2.5496089999999999e+001	
  4.5876000000000000e+009	 -2.5515619999999998e+001	
  4.5888000000000000e+009	 -2.5668949999999999e+001	
  4.5900000000000000e+009	 -2.5710940000000001e+001	
  4.5912000000000000e+009	 -2.5745120000000000e+001	
  4.5924000000000000e+009	 -2.5732420000000001e+001	
  4.5936000000000000e+009	 -2.5737300000000001e+001	
  4.5948000000000000e+009	 -2.5657219999999999e+001	
  4.5960000000000000e+009	 -2.5595700000000001e+001	
  4.5972000000000000e+009	 -2.5556640000000002e+001	
  4.5984000000000000e+009	 -2.5403320000000001e+001	
  4.5996000000000000e+009	 -2.5367180000000001e+001	
  4.6008000000000000e+009	 -2.5223630000000000e+001	
  4.6020000000000000e+009	 -2.5053709999999999e+001	
  4.6032000000000000e+009	 -2.4929690000000001e+001	
  4.6044000000000000e+009	 -2.4796869999999998e+001	
  4.6056000000000000e+009	 -2.4600580000000001e+001	
  4.6068000000000000e+009	 -2.4497070000000001e+001	
  4.6080000000000000e+009	 -2.4309570000000001e+001	
  4.6092000000000000e+009	 -2.4135739999999998e+001	
  4.6104000000000000e+009	 -2.3973630000000000e+001	
  4.6116000000000000e+009	 -2.3797850000000000e+001	
  4.6128000000000000e+009	 -2.3608400000000000e+001	
  4.6140000000000000e+009	 -2.3488280000000000e+001	
  4.6152000000000000e+009	 -2.3318359999999998e+001	
  4.6164000000000000e+009	 -2.3239249999999998e+001	
  4.6176000000000000e+009	 -2.3121089999999999e+001	
  4.6188000000000000e+009	 -2.2986329999999999e+001	
  4.6200000000000000e+009	 -2.2892579999999999e+001	
  4.6212000000000000e+009	 -2.2834959999999999e+001	
  4.6224000000000000e+009	 -2.2795900000000000e+001	
  4.6236000000000000e+009	 -2.2783200000000001e+001	
  4.6248000000000000e+009	 -2.2773440000000001e+001	
  4.6260000000000000e+009	 -2.2764650000000000e+001	
  4.6272000000000000e+009	 -2.2834959999999999e+001	
  4.6284000000000000e+009	 -2.2848630000000000e+001	
  4.6296000000000000e+009	 -2.2891600000000000e+001	
  4.6308000000000000e+009	 -2.2913080000000001e+001	
  4.6320000000000000e+009	 -2.3019530000000000e+001	
  4.6332000000000000e+009	 -2.3035150000000002e+001	
  4.6344000000000000e+009	 -2.3104489999999998e+001	
  4.6356000000000000e+009	 -2.3155270000000002e+001	
  4.6368000000000000e+009	 -2.3198239999999998e+001	
  4.6380000000000000e+009	 -2.3254880000000000e+001	
  4.6392000000000000e+009	 -2.3257809999999999e+001	
  4.6404000000000000e+009	 -2.3283200000000001e+001	
  4.6416000000000000e+009	 -2.3299800000000001e+001	
  4.6428000000000000e+009	 -2.3290040000000001e+001	
  4.6440000000000000e+009	 -2.3272459999999999e+001	
  4.6452000000000000e+009	 -2.3249020000000002e+001	
  4.6464000000000000e+009	 -2.3243169999999999e+001	
  4.6476000000000000e+009	 -2.3226559999999999e+001	
  4.6488000000000000e+009	 -2.3157219999999999e+001	
  4.6500000000000000e+009	 -2.3135739999999998e+001	
  4.6512000000000000e+009	 -2.3139650000000000e+001	
  4.6524000000000000e+009	 -2.3094729999999998e+001	
  4.6536000000000000e+009	 -2.3089839999999999e+001	
  4.6548000000000000e+009	 -2.2971679999999999e+001	
  4.6560000000000000e+009	 -2.2930669999999999e+001	
  4.6572000000000000e+009	 -2.3004880000000000e+001	
  4.6584000000000000e+009	 -2.2881840000000000e+001	
  4.6596000000000000e+009	 -2.2857420000000001e+001	
  4.6608000000000000e+009	 -2.2821290000000001e+001	
  4.6620000000000000e+009	 -2.2788090000000000e+001	
  4.6632000000000000e+009	 -2.2849609999999998e+001	
  4.6644000000000000e+009	 -2.2815429999999999e+001	
  4.6656000000000000e+009	 -2.2808589999999999e+001	
  4.6668000000000000e+009	 -2.2788090000000000e+001	
  4.6680000000000000e+009	 -2.2805660000000000e+001	
  4.6692000000000000e+009	 -2.2838860000000000e+001	
  4.6704000000000000e+009	 -2.2812500000000000e+001	
  4.6716000000000000e+009	 -2.2840820000000001e+001	
  4.6728000000000000e+009	 -2.2808589999999999e+001	
  4.6740000000000000e+009	 -2.2821290000000001e+001	
  4.6752000000000000e+009	 -2.2821290000000001e+001	
  4.6764000000000000e+009	 -2.2814450000000001e+001	
  4.6776000000000000e+009	 -2.2768550000000001e+001	
  4.6788000000000000e+009	 -2.2688469999999999e+001	
  4.6800000000000000e+009	 -2.2643550000000001e+001	
  4.6812000000000000e+009	 -2.2602540000000001e+001	
  4.6824000000000000e+009	 -2.2558589999999999e+001	
  4.6836000000000000e+009	 -2.2436520000000002e+001	
  4.6848000000000000e+009	 -2.2292970000000000e+001	
  4.6860000000000000e+009	 -2.2217770000000002e+001	
  4.6872000000000000e+009	 -2.2023430000000001e+001	
  4.6884000000000000e+009	 -2.1933589999999999e+001	
  4.6896000000000000e+009	 -2.1869140000000002e+001	
  4.6908000000000000e+009	 -2.1645510000000002e+001	
  4.6920000000000000e+009	 -2.1457030000000000e+001	
  4.6932000000000000e+009	 -2.1335940000000001e+001	
  4.6944000000000000e+009	 -2.1112300000000001e+001	
  4.6956000000000000e+009	 -2.1023440000000001e+001	
  4.6968000000000000e+009	 -2.0833980000000000e+001	
  4.6980000000000000e+009	 -2.0662109999999998e+001	
  4.6992000000000000e+009	 -2.0535150000000002e+001	
  4.7004000000000000e+009	 -2.0403320000000001e+001	
  4.7016000000000000e+009	 -2.0337890000000002e+001	
  4.7028000000000000e+009	 -2.0238280000000000e+001	
  4.7040000000000000e+009	 -2.0125000000000000e+001	
  4.7052000000000000e+009	 -2.0082030000000000e+001	
  4.7064000000000000e+009	 -2.0049810000000001e+001	
  4.7076000000000000e+009	 -2.0023440000000001e+001	
  4.7088000000000000e+009	 -2.0003910000000001e+001	
  4.7100000000000000e+009	 -1.9903320000000001e+001	
  4.7112000000000000e+009	 -1.9878900000000002e+001	
  4.7124000000000000e+009	 -1.9972660000000001e+001	
  4.7136000000000000e+009	 -2.0001950000000001e+001	
  4.7148000000000000e+009	 -2.0076170000000001e+001	
  4.7160000000000000e+009	 -2.0191410000000001e+001	
  4.7172000000000000e+009	 -2.0280270000000002e+001	
  4.7184000000000000e+009	 -2.0315429999999999e+001	
  4.7196000000000000e+009	 -2.0442380000000000e+001	
  4.7208000000000000e+009	 -2.0555660000000000e+001	
  4.7220000000000000e+009	 -2.0654299999999999e+001	
  4.7232000000000000e+009	 -2.0648440000000001e+001	
  4.7244000000000000e+009	 -2.0697260000000000e+001	
  4.7256000000000000e+009	 -2.0748049999999999e+001	
  4.7268000000000000e+009	 -2.0844729999999998e+001	
  4.7280000000000000e+009	 -2.0884770000000000e+001	
  4.7292000000000000e+009	 -2.0877929999999999e+001	
  4.7304000000000000e+009	 -2.0875969999999999e+001	
  4.7316000000000000e+009	 -2.0909179999999999e+001	
  4.7328000000000000e+009	 -2.0857420000000001e+001	
  4.7340000000000000e+009	 -2.0838870000000000e+001	
  4.7352000000000000e+009	 -2.0784179999999999e+001	
  4.7364000000000000e+009	 -2.0707030000000000e+001	
  4.7376000000000000e+009	 -2.0651360000000000e+001	
  4.7388000000000000e+009	 -2.0569330000000001e+001	
  4.7400000000000000e+009	 -2.0446290000000001e+001	
  4.7412000000000000e+009	 -2.0356449999999999e+001	
  4.7424000000000000e+009	 -2.0185549999999999e+001	
  4.7436000000000000e+009	 -2.0051760000000002e+001	
  4.7448000000000000e+009	 -1.9903320000000001e+001	
  4.7460000000000000e+009	 -1.9658200000000001e+001	
  4.7472000000000000e+009	 -1.9546869999999998e+001	
  4.7484000000000000e+009	 -1.9363280000000000e+001	
  4.7496000000000000e+009	 -1.9144530000000000e+001	
  4.7508000000000000e+009	 -1.8898440000000001e+001	
  4.7520000000000000e+009	 -1.8744140000000002e+001	
  4.7532000000000000e+009	 -1.8553709999999999e+001	
  4.7544000000000000e+009	 -1.8287109999999998e+001	
  4.7556000000000000e+009	 -1.8143550000000001e+001	
  4.7568000000000000e+009	 -1.7898440000000001e+001	
  4.7580000000000000e+009	 -1.7717770000000002e+001	
  4.7592000000000000e+009	 -1.7506840000000000e+001	
  4.7604000000000000e+009	 -1.7303709999999999e+001	
  4.7616000000000000e+009	 -1.7155270000000002e+001	
  4.7628000000000000e+009	 -1.6952150000000000e+001	
  4.7640000000000000e+009	 -1.6813479999999998e+001	
  4.7652000000000000e+009	 -1.6715820000000001e+001	
  4.7664000000000000e+009	 -1.6619140000000002e+001	
  4.7676000000000000e+009	 -1.6533200000000001e+001	
  4.7688000000000000e+009	 -1.6484380000000002e+001	
  4.7700000000000000e+009	 -1.6462890000000002e+001	
  4.7712000000000000e+009	 -1.6442380000000000e+001	
  4.7724000000000000e+009	 -1.6443359999999998e+001	
  4.7736000000000000e+009	 -1.6492190000000001e+001	
  4.7748000000000000e+009	 -1.6549800000000001e+001	
  4.7760000000000000e+009	 -1.6630859999999998e+001	
  4.7772000000000000e+009	 -1.6710940000000001e+001	
  4.7784000000000000e+009	 -1.6728520000000000e+001	
  4.7796000000000000e+009	 -1.6846679999999999e+001	
  4.7808000000000000e+009	 -1.6931640000000002e+001	
  4.7820000000000000e+009	 -1.6998049999999999e+001	
  4.7832000000000000e+009	 -1.7055660000000000e+001	
  4.7844000000000000e+009	 -1.7156250000000000e+001	
  4.7856000000000000e+009	 -1.7262689999999999e+001	
  4.7868000000000000e+009	 -1.7236329999999999e+001	
  4.7880000000000000e+009	 -1.7284179999999999e+001	
  4.7892000000000000e+009	 -1.7325189999999999e+001	
  4.7904000000000000e+009	 -1.7276370000000000e+001	
  4.7916000000000000e+009	 -1.7247070000000001e+001	
  4.7928000000000000e+009	 -1.7174800000000001e+001	
  4.7940000000000000e+009	 -1.7086910000000000e+001	
  4.7952000000000000e+009	 -1.7038090000000000e+001	
  4.7964000000000000e+009	 -1.6898440000000001e+001	
  4.7976000000000000e+009	 -1.6744140000000002e+001	
  4.7988000000000000e+009	 -1.6586910000000000e+001	
  4.8000000000000000e+009	 -1.6413090000000000e+001	
  4.8012000000000000e+009	 -1.6209959999999999e+001	
  4.8024000000000000e+009	 -1.6000000000000000e+001	
  4.8036000000000000e+009	 -1.5774410000000000e+001	
  4.8048000000000000e+009	 -1.5494630000000001e+001	
  4.8060000000000000e+009	 -1.5243160000000000e+001	
  4.8072000000000000e+009	 -1.5013180000000000e+001	
  4.8084000000000000e+009	 -1.4749510000000001e+001	
  4.8096000000000000e+009	 -1.4505860000000000e+001	
  4.8108000000000000e+009	 -1.4324710000000000e+001	
  4.8120000000000000e+009	 -1.4015140000000001e+001	
  4.8132000000000000e+009	 -1.3826660000000000e+001	
  4.8144000000000000e+009	 -1.3621090000000001e+001	
  4.8156000000000000e+009	 -1.3451660000000000e+001	
  4.8168000000000000e+009	 -1.3238770000000001e+001	
  4.8180000000000000e+009	 -1.3043460000000000e+001	
  4.8192000000000000e+009	 -1.2913090000000000e+001	
  4.8204000000000000e+009	 -1.2738770000000001e+001	
  4.8216000000000000e+009	 -1.2613770000000001e+001	
  4.8228000000000000e+009	 -1.2508300000000000e+001	
  4.8240000000000000e+009	 -1.2420900000000000e+001	
  4.8252000000000000e+009	 -1.2332520000000001e+001	
  4.8264000000000000e+009	 -1.2224610000000000e+001	
  4.8276000000000000e+009	 -1.2144530000000000e+001	
  4.8288000000000000e+009	 -1.2064450000000001e+001	
  4.8300000000000000e+009	 -1.1967290000000000e+001	
  4.8312000000000000e+009	 -1.1880369999999999e+001	
  4.8324000000000000e+009	 -1.1799320000000000e+001	
  4.8336000000000000e+009	 -1.1678710000000001e+001	
  4.8348000000000000e+009	 -1.1546880000000000e+001	
  4.8360000000000000e+009	 -1.1402340000000001e+001	
  4.8372000000000000e+009	 -1.1310549999999999e+001	
  4.8384000000000000e+009	 -1.1170410000000000e+001	
  4.8396000000000000e+009	 -1.1023440000000001e+001	
  4.8408000000000000e+009	 -1.0870120000000000e+001	
  4.8420000000000000e+009	 -1.0715330000000000e+001	
  4.8432000000000000e+009	 -1.0532710000000000e+001	
  4.8444000000000000e+009	 -1.0329100000000000e+001	
  4.8456000000000000e+009	 -1.0155760000000001e+001	
  4.8468000000000000e+009	 -1.0058109999999999e+001	
  4.8480000000000000e+009	 -9.8652339999999992e+000	
  4.8492000000000000e+009	 -9.6674799999999994e+000	
  4.8504000000000000e+009	 -9.5395509999999994e+000	
  4.8516000000000000e+009	 -9.3696289999999998e+000	
  4.8528000000000000e+009	 -9.2075200000000006e+000	
  4.8540000000000000e+009	 -9.0556640000000002e+000	
  4.8552000000000000e+009	 -8.9604490000000006e+000	
  4.8564000000000000e+009	 -8.8281250000000000e+000	
  4.8576000000000000e+009	 -8.6840820000000001e+000	
  4.8588000000000000e+009	 -8.5664060000000006e+000	
  4.8600000000000000e+009	 -8.4570310000000006e+000	
  4.8612000000000000e+009	 -8.3652339999999992e+000	
  4.8624000000000000e+009	 -8.2436520000000009e+000	
  4.8636000000000000e+009	 -8.1274409999999992e+000	
  4.8648000000000000e+009	 -8.0156250000000000e+000	
  4.8660000000000000e+009	 -7.9580080000000004e+000	
  4.8672000000000000e+009	 -7.8142090000000000e+000	
  4.8684000000000000e+009	 -7.7321780000000002e+000	
  4.8696000000000000e+009	 -7.5908199999999999e+000	
  4.8708000000000000e+009	 -7.5476070000000002e+000	
  4.8720000000000000e+009	 -7.4409179999999999e+000	
  4.8732000000000000e+009	 -7.2470699999999999e+000	
  4.8744000000000000e+009	 -7.2180179999999998e+000	
  4.8756000000000000e+009	 -7.1418460000000001e+000	
  4.8768000000000000e+009	 -7.0976559999999997e+000	
  4.8780000000000000e+009	 -7.0231930000000000e+000	
  4.8792000000000000e+009	 -7.0395510000000003e+000	
  4.8804000000000000e+009	 -7.0324710000000001e+000	
  4.8816000000000000e+009	 -7.0358890000000001e+000	
  4.8828000000000000e+009	 -7.0644530000000003e+000	
  4.8840000000000000e+009	 -7.1206050000000003e+000	
  4.8852000000000000e+009	 -7.1745609999999997e+000	
  4.8864000000000000e+009	 -7.2226559999999997e+000	
  4.8876000000000000e+009	 -7.3376460000000003e+000	
  4.8888000000000000e+009	 -7.3815920000000004e+000	
  4.8900000000000000e+009	 -7.5346679999999999e+000	
  4.8912000000000000e+009	 -7.5837399999999997e+000	
  4.8924000000000000e+009	 -7.6948239999999997e+000	
  4.8936000000000000e+009	 -7.7487789999999999e+000	
  4.8948000000000000e+009	 -7.8464359999999997e+000	
  4.8960000000000000e+009	 -7.9567870000000003e+000	
  4.8972000000000000e+009	 -7.9514160000000000e+000	
  4.8984000000000000e+009	 -7.9985350000000004e+000	
  4.8996000000000000e+009	 -8.0957030000000003e+000	
  4.9008000000000000e+009	 -8.1503910000000008e+000	
  4.9020000000000000e+009	 -8.1562500000000000e+000	
  4.9032000000000000e+009	 -8.2534179999999999e+000	
  4.9044000000000000e+009	 -8.3071289999999998e+000	
  4.9056000000000000e+009	 -8.3881840000000008e+000	
  4.9068000000000000e+009	 -8.4638670000000005e+000	
  4.9080000000000000e+009	 -8.5346679999999999e+000	
  4.9092000000000000e+009	 -8.6118159999999992e+000	
  4.9104000000000000e+009	 -8.7148439999999994e+000	
  4.9116000000000000e+009	 -8.8461909999999992e+000	
  4.9128000000000000e+009	 -8.9887700000000006e+000	
  4.9140000000000000e+009	 -9.1499020000000009e+000	
  4.9152000000000000e+009	 -9.3017579999999995e+000	
  4.9164000000000000e+009	 -9.4990229999999993e+000	
  4.9176000000000000e+009	 -9.7026369999999993e+000	
  4.9188000000000000e+009	 -9.9296880000000005e+000	
  4.9200000000000000e+009	 -1.0100590000000000e+001	
  4.9212000000000000e+009	 -1.0416990000000000e+001	
  4.9224000000000000e+009	 -1.0613280000000000e+001	
  4.9236000000000000e+009	 -1.0926270000000001e+001	
  4.9248000000000000e+009	 -1.1211910000000000e+001	
  4.9260000000000000e+009	 -1.1449220000000000e+001	
  4.9272000000000000e+009	 -1.1755860000000000e+001	
  4.9284000000000000e+009	 -1.2040530000000000e+001	
  4.9296000000000000e+009	 -1.2302730000000000e+001	
  4.9308000000000000e+009	 -1.2621580000000000e+001	
  4.9320000000000000e+009	 -1.2897950000000000e+001	
  4.9332000000000000e+009	 -1.3151859999999999e+001	
  4.9344000000000000e+009	 -1.3455080000000001e+001	
  4.9356000000000000e+009	 -1.3721679999999999e+001	
  4.9368000000000000e+009	 -1.3974119999999999e+001	
  4.9380000000000000e+009	 -1.4227539999999999e+001	
  4.9392000000000000e+009	 -1.4470700000000001e+001	
  4.9404000000000000e+009	 -1.4665530000000000e+001	
  4.9416000000000000e+009	 -1.4901370000000000e+001	
  4.9428000000000000e+009	 -1.5113770000000001e+001	
  4.9440000000000000e+009	 -1.5263180000000000e+001	
  4.9452000000000000e+009	 -1.5475590000000000e+001	
  4.9464000000000000e+009	 -1.5572270000000000e+001	
  4.9476000000000000e+009	 -1.5738770000000001e+001	
  4.9488000000000000e+009	 -1.5922359999999999e+001	
  4.9500000000000000e+009	 -1.5978030000000000e+001	
  4.9512000000000000e+009	 -1.6109369999999998e+001	
  4.9524000000000000e+009	 -1.6202150000000000e+001	
  4.9536000000000000e+009	 -1.6210940000000001e+001	
  4.9548000000000000e+009	 -1.6252929999999999e+001	
  4.9560000000000000e+009	 -1.6305660000000000e+001	
  4.9572000000000000e+009	 -1.6340820000000001e+001	
  4.9584000000000000e+009	 -1.6343750000000000e+001	
  4.9596000000000000e+009	 -1.6327150000000000e+001	
  4.9608000000000000e+009	 -1.6362300000000001e+001	
  4.9620000000000000e+009	 -1.6349609999999998e+001	
  4.9632000000000000e+009	 -1.6337890000000002e+001	
  4.9644000000000000e+009	 -1.6293949999999999e+001	
  4.9656000000000000e+009	 -1.6292970000000000e+001	
  4.9668000000000000e+009	 -1.6309570000000001e+001	
  4.9680000000000000e+009	 -1.6318359999999998e+001	
  4.9692000000000000e+009	 -1.6320309999999999e+001	
  4.9704000000000000e+009	 -1.6329100000000000e+001	
  4.9716000000000000e+009	 -1.6355470000000000e+001	
  4.9728000000000000e+009	 -1.6408200000000001e+001	
  4.9740000000000000e+009	 -1.6460940000000001e+001	
  4.9752000000000000e+009	 -1.6601559999999999e+001	
  4.9764000000000000e+009	 -1.6668939999999999e+001	
  4.9776000000000000e+009	 -1.6832030000000000e+001	
  4.9788000000000000e+009	 -1.7036130000000000e+001	
  4.9800000000000000e+009	 -1.7151370000000000e+001	
  4.9812000000000000e+009	 -1.7313479999999998e+001	
  4.9824000000000000e+009	 -1.7524410000000000e+001	
  4.9836000000000000e+009	 -1.7800780000000000e+001	
  4.9848000000000000e+009	 -1.8006830000000001e+001	
  4.9860000000000000e+009	 -1.8223630000000000e+001	
  4.9872000000000000e+009	 -1.8455079999999999e+001	
  4.9884000000000000e+009	 -1.8720700000000001e+001	
  4.9896000000000000e+009	 -1.8952150000000000e+001	
  4.9908000000000000e+009	 -1.9209959999999999e+001	
  4.9920000000000000e+009	 -1.9367190000000001e+001	
  4.9932000000000000e+009	 -1.9663090000000000e+001	
  4.9944000000000000e+009	 -1.9862300000000001e+001	
  4.9956000000000000e+009	 -2.0060540000000000e+001	
  4.9968000000000000e+009	 -2.0271480000000000e+001	
  4.9980000000000000e+009	 -2.0432620000000000e+001	
  4.9992000000000000e+009	 -2.0619140000000002e+001	
  5.0004000000000000e+009	 -2.0784179999999999e+001	
  5.0016000000000000e+009	 -2.0914059999999999e+001	
  5.0028000000000000e+009	 -2.1049800000000001e+001	
  5.0040000000000000e+009	 -2.1132809999999999e+001	
  5.0052000000000000e+009	 -2.1218750000000000e+001	
  5.0064000000000000e+009	 -2.1303709999999999e+001	
  5.0076000000000000e+009	 -2.1386720000000000e+001	
  5.0088000000000000e+009	 -2.1446290000000001e+001	
  5.0100000000000000e+009	 -2.1502929999999999e+001	
  5.0112000000000000e+009	 -2.1512689999999999e+001	
  5.0124000000000000e+009	 -2.1603510000000000e+001	
  5.0136000000000000e+009	 -2.1588860000000000e+001	
  5.0148000000000000e+009	 -2.1612310000000001e+001	
  5.0160000000000000e+009	 -2.1672850000000000e+001	
  5.0172000000000000e+009	 -2.1688479999999998e+001	
  5.0184000000000000e+009	 -2.1706050000000001e+001	
  5.0196000000000000e+009	 -2.1638670000000001e+001	
  5.0208000000000000e+009	 -2.1720700000000001e+001	
  5.0220000000000000e+009	 -2.1749020000000002e+001	
  5.0232000000000000e+009	 -2.1719729999999998e+001	
  5.0244000000000000e+009	 -2.1755859999999998e+001	
  5.0256000000000000e+009	 -2.1732420000000001e+001	
  5.0268000000000000e+009	 -2.1791010000000000e+001	
  5.0280000000000000e+009	 -2.1756830000000001e+001	
  5.0292000000000000e+009	 -2.1822270000000000e+001	
  5.0304000000000000e+009	 -2.1810549999999999e+001	
  5.0316000000000000e+009	 -2.1856449999999999e+001	
  5.0328000000000000e+009	 -2.1882809999999999e+001	
  5.0340000000000000e+009	 -2.1902339999999999e+001	
  5.0352000000000000e+009	 -2.1936520000000002e+001	
  5.0364000000000000e+009	 -2.1968750000000000e+001	
  5.0376000000000000e+009	 -2.1974609999999998e+001	
  5.0388000000000000e+009	 -2.2037109999999998e+001	
  5.0400000000000000e+009	 -2.2023430000000001e+001	
  5.0412000000000000e+009	 -2.2036130000000000e+001	
  5.0424000000000000e+009	 -2.2070309999999999e+001	
  5.0436000000000000e+009	 -2.2084959999999999e+001	
  5.0448000000000000e+009	 -2.2079100000000000e+001	
  5.0460000000000000e+009	 -2.2075199999999999e+001	
  5.0472000000000000e+009	 -2.2088870000000000e+001	
  5.0484000000000000e+009	 -2.2169920000000001e+001	
  5.0496000000000000e+009	 -2.2219719999999999e+001	
  5.0508000000000000e+009	 -2.2197270000000000e+001	
  5.0520000000000000e+009	 -2.2221679999999999e+001	
  5.0532000000000000e+009	 -2.2286130000000000e+001	
  5.0544000000000000e+009	 -2.2324220000000000e+001	
  5.0556000000000000e+009	 -2.2407229999999998e+001	
  5.0568000000000000e+009	 -2.2451170000000001e+001	
  5.0580000000000000e+009	 -2.2536130000000000e+001	
  5.0592000000000000e+009	 -2.2641600000000000e+001	
  5.0604000000000000e+009	 -2.2731439999999999e+001	
  5.0616000000000000e+009	 -2.2817380000000000e+001	
  5.0628000000000000e+009	 -2.2928709999999999e+001	
  5.0640000000000000e+009	 -2.3059570000000001e+001	
  5.0652000000000000e+009	 -2.3172850000000000e+001	
  5.0664000000000000e+009	 -2.3294920000000001e+001	
  5.0676000000000000e+009	 -2.3465820000000001e+001	
  5.0688000000000000e+009	 -2.3608400000000000e+001	
  5.0700000000000000e+009	 -2.3779299999999999e+001	
  5.0712000000000000e+009	 -2.3842770000000002e+001	
  5.0724000000000000e+009	 -2.4051760000000002e+001	
  5.0736000000000000e+009	 -2.4205069999999999e+001	
  5.0748000000000000e+009	 -2.4258790000000001e+001	
  5.0760000000000000e+009	 -2.4427730000000000e+001	
  5.0772000000000000e+009	 -2.4415040000000001e+001	
  5.0784000000000000e+009	 -2.4639640000000000e+001	
  5.0796000000000000e+009	 -2.4656250000000000e+001	
  5.0808000000000000e+009	 -2.4777339999999999e+001	
  5.0820000000000000e+009	 -2.4865230000000000e+001	
  5.0832000000000000e+009	 -2.4857420000000001e+001	
  5.0844000000000000e+009	 -2.4805660000000000e+001	
  5.0856000000000000e+009	 -2.4905270000000002e+001	
  5.0868000000000000e+009	 -2.4912109999999998e+001	
  5.0880000000000000e+009	 -2.5017579999999999e+001	
  5.0892000000000000e+009	 -2.4945309999999999e+001	
  5.0904000000000000e+009	 -2.4847660000000001e+001	
  5.0916000000000000e+009	 -2.4780270000000002e+001	
  5.0928000000000000e+009	 -2.4576170000000001e+001	
  5.0940000000000000e+009	 -2.4510739999999998e+001	
  5.0952000000000000e+009	 -2.4450189999999999e+001	
  5.0964000000000000e+009	 -2.4388670000000001e+001	
  5.0976000000000000e+009	 -2.4370120000000000e+001	
  5.0988000000000000e+009	 -2.4252929999999999e+001	
  5.1000000000000000e+009	 -2.4155270000000002e+001	
  5.1012000000000000e+009	 -2.4066410000000001e+001	
  5.1024000000000000e+009	 -2.3930660000000000e+001	
  5.1036000000000000e+009	 -2.3812500000000000e+001	
  5.1048000000000000e+009	 -2.3713870000000000e+001	
  5.1060000000000000e+009	 -2.3566400000000002e+001	
  5.1072000000000000e+009	 -2.3470700000000001e+001	
  5.1084000000000000e+009	 -2.3367190000000001e+001	
  5.1096000000000000e+009	 -2.3255859999999998e+001	
  5.1108000000000000e+009	 -2.3125000000000000e+001	
  5.1120000000000000e+009	 -2.3091799999999999e+001	
  5.1132000000000000e+009	 -2.3066410000000001e+001	
  5.1144000000000000e+009	 -2.2949220000000000e+001	
  5.1156000000000000e+009	 -2.2960930000000001e+001	
  5.1168000000000000e+009	 -2.2996089999999999e+001	
  5.1180000000000000e+009	 -2.3028320000000001e+001	
  5.1192000000000000e+009	 -2.3021480000000000e+001	
  5.1204000000000000e+009	 -2.3108400000000000e+001	
  5.1216000000000000e+009	 -2.3235350000000000e+001	
  5.1228000000000000e+009	 -2.3355470000000000e+001	
  5.1240000000000000e+009	 -2.3467770000000002e+001	
  5.1252000000000000e+009	 -2.3595700000000001e+001	
  5.1264000000000000e+009	 -2.3741209999999999e+001	
  5.1276000000000000e+009	 -2.3916020000000000e+001	
  5.1288000000000000e+009	 -2.4107420000000001e+001	
  5.1300000000000000e+009	 -2.4256830000000001e+001	
  5.1312000000000000e+009	 -2.4469719999999999e+001	
  5.1324000000000000e+009	 -2.4659179999999999e+001	
  5.1336000000000000e+009	 -2.4824220000000000e+001	
  5.1348000000000000e+009	 -2.5027339999999999e+001	
  5.1360000000000000e+009	 -2.5172850000000000e+001	
  5.1372000000000000e+009	 -2.5342770000000002e+001	
  5.1384000000000000e+009	 -2.5471679999999999e+001	
  5.1396000000000000e+009	 -2.5610350000000000e+001	
  5.1408000000000000e+009	 -2.5756840000000000e+001	
  5.1420000000000000e+009	 -2.5940429999999999e+001	
  5.1432000000000000e+009	 -2.5957030000000000e+001	
  5.1444000000000000e+009	 -2.6075189999999999e+001	
  5.1456000000000000e+009	 -2.6148430000000001e+001	
  5.1468000000000000e+009	 -2.6209959999999999e+001	
  5.1480000000000000e+009	 -2.6174800000000001e+001	
  5.1492000000000000e+009	 -2.6168939999999999e+001	
  5.1504000000000000e+009	 -2.6166989999999998e+001	
  5.1516000000000000e+009	 -2.6128900000000002e+001	
  5.1528000000000000e+009	 -2.6046869999999998e+001	
  5.1540000000000000e+009	 -2.5925780000000000e+001	
  5.1552000000000000e+009	 -2.5925780000000000e+001	
  5.1564000000000000e+009	 -2.5750979999999998e+001	
  5.1576000000000000e+009	 -2.5627929999999999e+001	
  5.1588000000000000e+009	 -2.5515619999999998e+001	
  5.1600000000000000e+009	 -2.5268550000000001e+001	
  5.1612000000000000e+009	 -2.5096679999999999e+001	
  5.1624000000000000e+009	 -2.4977540000000001e+001	
  5.1636000000000000e+009	 -2.4785160000000001e+001	
  5.1648000000000000e+009	 -2.4579100000000000e+001	
  5.1660000000000000e+009	 -2.4416010000000000e+001	
  5.1672000000000000e+009	 -2.4258790000000001e+001	
  5.1684000000000000e+009	 -2.4152339999999999e+001	
  5.1696000000000000e+009	 -2.3961910000000000e+001	
  5.1708000000000000e+009	 -2.3824220000000000e+001	
  5.1720000000000000e+009	 -2.3690429999999999e+001	
  5.1732000000000000e+009	 -2.3604489999999998e+001	
  5.1744000000000000e+009	 -2.3535160000000001e+001	
  5.1756000000000000e+009	 -2.3484369999999998e+001	
  5.1768000000000000e+009	 -2.3539059999999999e+001	
  5.1780000000000000e+009	 -2.3477540000000001e+001	
  5.1792000000000000e+009	 -2.3472660000000001e+001	
  5.1804000000000000e+009	 -2.3529299999999999e+001	
  5.1816000000000000e+009	 -2.3611329999999999e+001	
  5.1828000000000000e+009	 -2.3671880000000002e+001	
  5.1840000000000000e+009	 -2.3850580000000001e+001	
  5.1852000000000000e+009	 -2.4134760000000000e+001	
  5.1864000000000000e+009	 -2.4354489999999998e+001	
  5.1876000000000000e+009	 -2.4647459999999999e+001	
  5.1888000000000000e+009	 -2.4890619999999998e+001	
  5.1900000000000000e+009	 -2.5113280000000000e+001	
  5.1912000000000000e+009	 -2.5369140000000002e+001	
  5.1924000000000000e+009	 -2.5532229999999998e+001	
  5.1936000000000000e+009	 -2.5731439999999999e+001	
  5.1948000000000000e+009	 -2.5928709999999999e+001	
  5.1960000000000000e+009	 -2.6031250000000000e+001	
  5.1972000000000000e+009	 -2.6164059999999999e+001	
  5.1984000000000000e+009	 -2.6322260000000000e+001	
  5.1996000000000000e+009	 -2.6355470000000000e+001	
  5.2008000000000000e+009	 -2.6503910000000001e+001	
  5.2020000000000000e+009	 -2.6588860000000000e+001	
  5.2032000000000000e+009	 -2.6626950000000001e+001	
  5.2044000000000000e+009	 -2.6691400000000002e+001	
  5.2056000000000000e+009	 -2.6665040000000001e+001	
  5.2068000000000000e+009	 -2.6750969999999999e+001	
  5.2080000000000000e+009	 -2.6809570000000001e+001	
  5.2092000000000000e+009	 -2.6804690000000001e+001	
  5.2104000000000000e+009	 -2.6860350000000000e+001	
  5.2116000000000000e+009	 -2.6837890000000002e+001	
  5.2128000000000000e+009	 -2.6875969999999999e+001	
  5.2140000000000000e+009	 -2.6893550000000001e+001	
  5.2152000000000000e+009	 -2.6892579999999999e+001	
  5.2164000000000000e+009	 -2.6876950000000001e+001	
  5.2176000000000000e+009	 -2.6832999999999998e+001	
  5.2188000000000000e+009	 -2.6852540000000001e+001	
  5.2200000000000000e+009	 -2.6803709999999999e+001	
  5.2212000000000000e+009	 -2.6697260000000000e+001	
  5.2224000000000000e+009	 -2.6630859999999998e+001	
  5.2236000000000000e+009	 -2.6563469999999999e+001	
  5.2248000000000000e+009	 -2.6488280000000000e+001	
  5.2260000000000000e+009	 -2.6428709999999999e+001	
  5.2272000000000000e+009	 -2.6314450000000001e+001	
  5.2284000000000000e+009	 -2.6246089999999999e+001	
  5.2296000000000000e+009	 -2.6157229999999998e+001	
  5.2308000000000000e+009	 -2.5996089999999999e+001	
  5.2320000000000000e+009	 -2.5881830000000001e+001	
  5.2332000000000000e+009	 -2.5743160000000000e+001	
  5.2344000000000000e+009	 -2.5649410000000000e+001	
  5.2356000000000000e+009	 -2.5482420000000001e+001	
  5.2368000000000000e+009	 -2.5347650000000002e+001	
  5.2380000000000000e+009	 -2.5216790000000000e+001	
  5.2392000000000000e+009	 -2.5057620000000000e+001	
  5.2404000000000000e+009	 -2.4931640000000002e+001	
  5.2416000000000000e+009	 -2.4829100000000000e+001	
  5.2428000000000000e+009	 -2.4662109999999998e+001	
  5.2440000000000000e+009	 -2.4651370000000000e+001	
  5.2452000000000000e+009	 -2.4506840000000000e+001	
  5.2464000000000000e+009	 -2.4429680000000001e+001	
  5.2476000000000000e+009	 -2.4414059999999999e+001	
  5.2488000000000000e+009	 -2.4382809999999999e+001	
  5.2500000000000000e+009	 -2.4342770000000002e+001	
  5.2512000000000000e+009	 -2.4361319999999999e+001	
  5.2524000000000000e+009	 -2.4387689999999999e+001	
  5.2536000000000000e+009	 -2.4393550000000001e+001	
  5.2548000000000000e+009	 -2.4440429999999999e+001	
  5.2560000000000000e+009	 -2.4543939999999999e+001	
  5.2572000000000000e+009	 -2.4613280000000000e+001	
  5.2584000000000000e+009	 -2.4732420000000001e+001	
  5.2596000000000000e+009	 -2.4811520000000002e+001	
  5.2608000000000000e+009	 -2.4946290000000001e+001	
  5.2620000000000000e+009	 -2.5037109999999998e+001	
  5.2632000000000000e+009	 -2.5142569999999999e+001	
  5.2644000000000000e+009	 -2.5225580000000001e+001	
  5.2656000000000000e+009	 -2.5407219999999999e+001	
  5.2668000000000000e+009	 -2.5480470000000000e+001	
  5.2680000000000000e+009	 -2.5564450000000001e+001	
  5.2692000000000000e+009	 -2.5620120000000000e+001	
  5.2704000000000000e+009	 -2.5763670000000001e+001	
  5.2716000000000000e+009	 -2.5797850000000000e+001	
  5.2728000000000000e+009	 -2.5892579999999999e+001	
  5.2740000000000000e+009	 -2.5862300000000001e+001	
  5.2752000000000000e+009	 -2.5876950000000001e+001	
  5.2764000000000000e+009	 -2.5966799999999999e+001	
  5.2776000000000000e+009	 -2.5932620000000000e+001	
  5.2788000000000000e+009	 -2.5979489999999998e+001	
  5.2800000000000000e+009	 -2.5990230000000000e+001	
  5.2812000000000000e+009	 -2.5886720000000000e+001	
  5.2824000000000000e+009	 -2.5871089999999999e+001	
  5.2836000000000000e+009	 -2.5883790000000001e+001	
  5.2848000000000000e+009	 -2.5821290000000001e+001	
  5.2860000000000000e+009	 -2.5758790000000001e+001	
  5.2872000000000000e+009	 -2.5720700000000001e+001	
  5.2884000000000000e+009	 -2.5654299999999999e+001	
  5.2896000000000000e+009	 -2.5557610000000000e+001	
  5.2908000000000000e+009	 -2.5513670000000001e+001	
  5.2920000000000000e+009	 -2.5452150000000000e+001	
  5.2932000000000000e+009	 -2.5381830000000001e+001	
  5.2944000000000000e+009	 -2.5309570000000001e+001	
  5.2956000000000000e+009	 -2.5235350000000000e+001	
  5.2968000000000000e+009	 -2.5208010000000002e+001	
  5.2980000000000000e+009	 -2.5138670000000001e+001	
  5.2992000000000000e+009	 -2.5054680000000001e+001	
  5.3004000000000000e+009	 -2.4967770000000002e+001	
  5.3016000000000000e+009	 -2.4917960000000001e+001	
  5.3028000000000000e+009	 -2.4782219999999999e+001	
  5.3040000000000000e+009	 -2.4811520000000002e+001	
  5.3052000000000000e+009	 -2.4688469999999999e+001	
  5.3064000000000000e+009	 -2.4591790000000000e+001	
  5.3076000000000000e+009	 -2.4411130000000000e+001	
  5.3088000000000000e+009	 -2.4375969999999999e+001	
  5.3100000000000000e+009	 -2.4342770000000002e+001	
  5.3112000000000000e+009	 -2.4188479999999998e+001	
  5.3124000000000000e+009	 -2.4104489999999998e+001	
  5.3136000000000000e+009	 -2.3965820000000001e+001	
  5.3148000000000000e+009	 -2.3845700000000001e+001	
  5.3160000000000000e+009	 -2.3755859999999998e+001	
  5.3172000000000000e+009	 -2.3646480000000000e+001	
  5.3184000000000000e+009	 -2.3576170000000001e+001	
  5.3196000000000000e+009	 -2.3510739999999998e+001	
  5.3208000000000000e+009	 -2.3428709999999999e+001	
  5.3220000000000000e+009	 -2.3376950000000001e+001	
  5.3232000000000000e+009	 -2.3325199999999999e+001	
  5.3244000000000000e+009	 -2.3291989999999998e+001	
  5.3256000000000000e+009	 -2.3316410000000001e+001	
  5.3268000000000000e+009	 -2.3332030000000000e+001	
  5.3280000000000000e+009	 -2.3368160000000000e+001	
  5.3292000000000000e+009	 -2.3391600000000000e+001	
  5.3304000000000000e+009	 -2.3548829999999999e+001	
  5.3316000000000000e+009	 -2.3585930000000001e+001	
  5.3328000000000000e+009	 -2.3747070000000001e+001	
  5.3340000000000000e+009	 -2.3896480000000000e+001	
  5.3352000000000000e+009	 -2.4000000000000000e+001	
  5.3364000000000000e+009	 -2.4146480000000000e+001	
  5.3376000000000000e+009	 -2.4341790000000000e+001	
  5.3388000000000000e+009	 -2.4536130000000000e+001	
  5.3400000000000000e+009	 -2.4664059999999999e+001	
  5.3412000000000000e+009	 -2.4857420000000001e+001	
  5.3424000000000000e+009	 -2.5028320000000001e+001	
  5.3436000000000000e+009	 -2.5145510000000002e+001	
  5.3448000000000000e+009	 -2.5270499999999998e+001	
  5.3460000000000000e+009	 -2.5410160000000001e+001	
  5.3472000000000000e+009	 -2.5525390000000002e+001	
  5.3484000000000000e+009	 -2.5650390000000002e+001	
  5.3496000000000000e+009	 -2.5658200000000001e+001	
  5.3508000000000000e+009	 -2.5703130000000002e+001	
  5.3520000000000000e+009	 -2.5734369999999998e+001	
  5.3532000000000000e+009	 -2.5736329999999999e+001	
  5.3544000000000000e+009	 -2.5675780000000000e+001	
  5.3556000000000000e+009	 -2.5658200000000001e+001	
  5.3568000000000000e+009	 -2.5605470000000000e+001	
  5.3580000000000000e+009	 -2.5485350000000000e+001	
  5.3592000000000000e+009	 -2.5345700000000001e+001	
  5.3604000000000000e+009	 -2.5256830000000001e+001	
  5.3616000000000000e+009	 -2.5124020000000002e+001	
  5.3628000000000000e+009	 -2.4921880000000002e+001	
  5.3640000000000000e+009	 -2.4754880000000000e+001	
  5.3652000000000000e+009	 -2.4525390000000002e+001	
  5.3664000000000000e+009	 -2.4295900000000000e+001	
  5.3676000000000000e+009	 -2.4090820000000001e+001	
  5.3688000000000000e+009	 -2.3906250000000000e+001	
  5.3700000000000000e+009	 -2.3627929999999999e+001	
  5.3712000000000000e+009	 -2.3400390000000002e+001	
  5.3724000000000000e+009	 -2.3166989999999998e+001	
  5.3736000000000000e+009	 -2.3022459999999999e+001	
  5.3748000000000000e+009	 -2.2863280000000000e+001	
  5.3760000000000000e+009	 -2.2648430000000001e+001	
  5.3772000000000000e+009	 -2.2417970000000000e+001	
  5.3784000000000000e+009	 -2.2328119999999998e+001	
  5.3796000000000000e+009	 -2.2187500000000000e+001	
  5.3808000000000000e+009	 -2.2146480000000000e+001	
  5.3820000000000000e+009	 -2.2128910000000001e+001	
  5.3832000000000000e+009	 -2.2066410000000001e+001	
  5.3844000000000000e+009	 -2.2047850000000000e+001	
  5.3856000000000000e+009	 -2.2054690000000001e+001	
  5.3868000000000000e+009	 -2.2089839999999999e+001	
  5.3880000000000000e+009	 -2.2150390000000002e+001	
  5.3892000000000000e+009	 -2.2226559999999999e+001	
  5.3904000000000000e+009	 -2.2257809999999999e+001	
  5.3916000000000000e+009	 -2.2398440000000001e+001	
  5.3928000000000000e+009	 -2.2453119999999998e+001	
  5.3940000000000000e+009	 -2.2569340000000000e+001	
  5.3952000000000000e+009	 -2.2669920000000001e+001	
  5.3964000000000000e+009	 -2.2712890000000002e+001	
  5.3976000000000000e+009	 -2.2910160000000001e+001	
  5.3988000000000000e+009	 -2.2977540000000001e+001	
  5.4000000000000000e+009	 -2.3024410000000000e+001	
  5.4012000000000000e+009	 -2.3059570000000001e+001	
  5.4024000000000000e+009	 -2.3222660000000001e+001	
  5.4036000000000000e+009	 -2.3291020000000000e+001	
  5.4048000000000000e+009	 -2.3306640000000002e+001	
  5.4060000000000000e+009	 -2.3360350000000000e+001	
  5.4072000000000000e+009	 -2.3339839999999999e+001	
  5.4084000000000000e+009	 -2.3436520000000002e+001	
  5.4096000000000000e+009	 -2.3432620000000000e+001	
  5.4108000000000000e+009	 -2.3468750000000000e+001	
  5.4120000000000000e+009	 -2.3448239999999998e+001	
  5.4132000000000000e+009	 -2.3376950000000001e+001	
  5.4144000000000000e+009	 -2.3388670000000001e+001	
  5.4156000000000000e+009	 -2.3366209999999999e+001	
  5.4168000000000000e+009	 -2.3317380000000000e+001	
  5.4180000000000000e+009	 -2.3282229999999998e+001	
  5.4192000000000000e+009	 -2.3248049999999999e+001	
  5.4204000000000000e+009	 -2.3228520000000000e+001	
  5.4216000000000000e+009	 -2.3119140000000002e+001	
  5.4228000000000000e+009	 -2.3056640000000002e+001	
  5.4240000000000000e+009	 -2.3000000000000000e+001	
  5.4252000000000000e+009	 -2.2875979999999998e+001	
  5.4264000000000000e+009	 -2.2836910000000000e+001	
  5.4276000000000000e+009	 -2.2709959999999999e+001	
  5.4288000000000000e+009	 -2.2619140000000002e+001	
  5.4300000000000000e+009	 -2.2466799999999999e+001	
  5.4312000000000000e+009	 -2.2373049999999999e+001	
  5.4324000000000000e+009	 -2.2270510000000002e+001	
  5.4336000000000000e+009	 -2.2186520000000002e+001	
  5.4348000000000000e+009	 -2.2076170000000001e+001	
  5.4360000000000000e+009	 -2.1922850000000000e+001	
  5.4372000000000000e+009	 -2.1807620000000000e+001	
  5.4384000000000000e+009	 -2.1681640000000002e+001	
  5.4396000000000000e+009	 -2.1521480000000000e+001	
  5.4408000000000000e+009	 -2.1381840000000000e+001	
  5.4420000000000000e+009	 -2.1294920000000001e+001	
  5.4432000000000000e+009	 -2.1203119999999998e+001	
  5.4444000000000000e+009	 -2.1067380000000000e+001	
  5.4456000000000000e+009	 -2.0948239999999998e+001	
  5.4468000000000000e+009	 -2.0835940000000001e+001	
  5.4480000000000000e+009	 -2.0750979999999998e+001	
  5.4492000000000000e+009	 -2.0679690000000001e+001	
  5.4504000000000000e+009	 -2.0625000000000000e+001	
  5.4516000000000000e+009	 -2.0540040000000001e+001	
  5.4528000000000000e+009	 -2.0470700000000001e+001	
  5.4540000000000000e+009	 -2.0437500000000000e+001	
  5.4552000000000000e+009	 -2.0388670000000001e+001	
  5.4564000000000000e+009	 -2.0357420000000001e+001	
  5.4576000000000000e+009	 -2.0318359999999998e+001	
  5.4588000000000000e+009	 -2.0250000000000000e+001	
  5.4600000000000000e+009	 -2.0296869999999998e+001	
