  4.5000000000000000e+009	 -2.4841790000000000e+001	
  4.5012000000000000e+009	 -2.4754880000000000e+001	
  4.5024000000000000e+009	 -2.4666989999999998e+001	
  4.5036000000000000e+009	 -2.4730470000000000e+001	
  4.5048000000000000e+009	 -2.4675780000000000e+001	
  4.5060000000000000e+009	 -2.4693359999999998e+001	
  4.5072000000000000e+009	 -2.4707030000000000e+001	
  4.5084000000000000e+009	 -2.4785160000000001e+001	
  4.5096000000000000e+009	 -2.4838870000000000e+001	
  4.5108000000000000e+009	 -2.4906250000000000e+001	
  4.5120000000000000e+009	 -2.4957030000000000e+001	
  4.5132000000000000e+009	 -2.5048829999999999e+001	
  4.5144000000000000e+009	 -2.5160160000000001e+001	
  4.5156000000000000e+009	 -2.5223630000000000e+001	
  4.5168000000000000e+009	 -2.5317380000000000e+001	
  4.5180000000000000e+009	 -2.5313469999999999e+001	
  4.5192000000000000e+009	 -2.5315429999999999e+001	
  4.5204000000000000e+009	 -2.5347650000000002e+001	
  4.5216000000000000e+009	 -2.5355470000000000e+001	
  4.5228000000000000e+009	 -2.5314450000000001e+001	
  4.5240000000000000e+009	 -2.5149410000000000e+001	
  4.5252000000000000e+009	 -2.5083010000000002e+001	
  4.5264000000000000e+009	 -2.4753900000000002e+001	
  4.5276000000000000e+009	 -2.4614260000000002e+001	
  4.5288000000000000e+009	 -2.4340820000000001e+001	
  4.5300000000000000e+009	 -2.4208010000000002e+001	
  4.5312000000000000e+009	 -2.4337890000000002e+001	
  4.5324000000000000e+009	 -2.5066400000000002e+001	
  4.5336000000000000e+009	 -2.6748049999999999e+001	
  4.5348000000000000e+009	 -2.9121089999999999e+001	
  4.5360000000000000e+009	 -3.1205079999999999e+001	
  4.5372000000000000e+009	 -3.2244140000000002e+001	
  4.5384000000000000e+009	 -3.2248040000000003e+001	
  4.5396000000000000e+009	 -3.1708980000000000e+001	
  4.5408000000000000e+009	 -3.1080069999999999e+001	
  4.5420000000000000e+009	 -3.0446290000000001e+001	
  4.5432000000000000e+009	 -2.9895510000000002e+001	
  4.5444000000000000e+009	 -2.9377929999999999e+001	
  4.5456000000000000e+009	 -2.8894530000000000e+001	
  4.5468000000000000e+009	 -2.8490230000000000e+001	
  4.5480000000000000e+009	 -2.8102540000000001e+001	
  4.5492000000000000e+009	 -2.7762689999999999e+001	
  4.5504000000000000e+009	 -2.7436520000000002e+001	
  4.5516000000000000e+009	 -2.7150390000000002e+001	
  4.5528000000000000e+009	 -2.6885739999999998e+001	
  4.5540000000000000e+009	 -2.6693359999999998e+001	
  4.5552000000000000e+009	 -2.6459959999999999e+001	
  4.5564000000000000e+009	 -2.6284179999999999e+001	
  4.5576000000000000e+009	 -2.6148430000000001e+001	
  4.5588000000000000e+009	 -2.6090820000000001e+001	
  4.5600000000000000e+009	 -2.5867190000000001e+001	
  4.5612000000000000e+009	 -2.5861329999999999e+001	
  4.5624000000000000e+009	 -2.5791020000000000e+001	
  4.5636000000000000e+009	 -2.5734369999999998e+001	
  4.5648000000000000e+009	 -2.5746089999999999e+001	
  4.5660000000000000e+009	 -2.5733390000000000e+001	
  4.5672000000000000e+009	 -2.5732420000000001e+001	
  4.5684000000000000e+009	 -2.5774410000000000e+001	
  4.5696000000000000e+009	 -2.5853510000000000e+001	
  4.5708000000000000e+009	 -2.5928709999999999e+001	
  4.5720000000000000e+009	 -2.6009760000000000e+001	
  4.5732000000000000e+009	 -2.6083980000000000e+001	
  4.5744000000000000e+009	 -2.6188469999999999e+001	
  4.5756000000000000e+009	 -2.6264650000000000e+001	
  4.5768000000000000e+009	 -2.6392569999999999e+001	
  4.5780000000000000e+009	 -2.6462890000000002e+001	
  4.5792000000000000e+009	 -2.6548819999999999e+001	
  4.5804000000000000e+009	 -2.6640630000000002e+001	
  4.5816000000000000e+009	 -2.6648440000000001e+001	
  4.5828000000000000e+009	 -2.6660160000000001e+001	
  4.5840000000000000e+009	 -2.6665040000000001e+001	
  4.5852000000000000e+009	 -2.6649410000000000e+001	
  4.5864000000000000e+009	 -2.6745110000000000e+001	
  4.5876000000000000e+009	 -2.6812500000000000e+001	
  4.5888000000000000e+009	 -2.6815429999999999e+001	
  4.5900000000000000e+009	 -2.6803709999999999e+001	
  4.5912000000000000e+009	 -2.6872070000000001e+001	
  4.5924000000000000e+009	 -2.6829100000000000e+001	
  4.5936000000000000e+009	 -2.6797850000000000e+001	
  4.5948000000000000e+009	 -2.6753900000000002e+001	
  4.5960000000000000e+009	 -2.6717770000000002e+001	
  4.5972000000000000e+009	 -2.6631830000000001e+001	
  4.5984000000000000e+009	 -2.6521480000000000e+001	
  4.5996000000000000e+009	 -2.6419920000000001e+001	
  4.6008000000000000e+009	 -2.6293949999999999e+001	
  4.6020000000000000e+009	 -2.6200189999999999e+001	
  4.6032000000000000e+009	 -2.6030270000000002e+001	
  4.6044000000000000e+009	 -2.5879880000000000e+001	
  4.6056000000000000e+009	 -2.5700189999999999e+001	
  4.6068000000000000e+009	 -2.5569330000000001e+001	
  4.6080000000000000e+009	 -2.5397459999999999e+001	
  4.6092000000000000e+009	 -2.5244140000000002e+001	
  4.6104000000000000e+009	 -2.5078130000000002e+001	
  4.6116000000000000e+009	 -2.4891600000000000e+001	
  4.6128000000000000e+009	 -2.4739260000000002e+001	
  4.6140000000000000e+009	 -2.4579100000000000e+001	
  4.6152000000000000e+009	 -2.4464839999999999e+001	
  4.6164000000000000e+009	 -2.4277339999999999e+001	
  4.6176000000000000e+009	 -2.4225580000000001e+001	
  4.6188000000000000e+009	 -2.4110350000000000e+001	
  4.6200000000000000e+009	 -2.4008790000000001e+001	
  4.6212000000000000e+009	 -2.3973630000000000e+001	
  4.6224000000000000e+009	 -2.3972650000000002e+001	
  4.6236000000000000e+009	 -2.3952150000000000e+001	
  4.6248000000000000e+009	 -2.3929690000000001e+001	
  4.6260000000000000e+009	 -2.3947260000000000e+001	
  4.6272000000000000e+009	 -2.3957030000000000e+001	
  4.6284000000000000e+009	 -2.4015619999999998e+001	
  4.6296000000000000e+009	 -2.4057620000000000e+001	
  4.6308000000000000e+009	 -2.4072270000000000e+001	
  4.6320000000000000e+009	 -2.4104489999999998e+001	
  4.6332000000000000e+009	 -2.4158200000000001e+001	
  4.6344000000000000e+009	 -2.4166010000000000e+001	
  4.6356000000000000e+009	 -2.4262699999999999e+001	
  4.6368000000000000e+009	 -2.4306640000000002e+001	
  4.6380000000000000e+009	 -2.4316410000000001e+001	
  4.6392000000000000e+009	 -2.4343750000000000e+001	
  4.6404000000000000e+009	 -2.4356439999999999e+001	
  4.6416000000000000e+009	 -2.4331050000000001e+001	
  4.6428000000000000e+009	 -2.4347650000000002e+001	
  4.6440000000000000e+009	 -2.4333980000000000e+001	
  4.6452000000000000e+009	 -2.4339839999999999e+001	
  4.6464000000000000e+009	 -2.4274410000000000e+001	
  4.6476000000000000e+009	 -2.4229489999999998e+001	
  4.6488000000000000e+009	 -2.4230470000000000e+001	
  4.6500000000000000e+009	 -2.4117180000000001e+001	
  4.6512000000000000e+009	 -2.4145510000000002e+001	
  4.6524000000000000e+009	 -2.4123040000000000e+001	
  4.6536000000000000e+009	 -2.4060540000000000e+001	
  4.6548000000000000e+009	 -2.3949220000000000e+001	
  4.6560000000000000e+009	 -2.3971679999999999e+001	
  4.6572000000000000e+009	 -2.3853520000000000e+001	
  4.6584000000000000e+009	 -2.3886720000000000e+001	
  4.6596000000000000e+009	 -2.3849609999999998e+001	
  4.6608000000000000e+009	 -2.3822260000000000e+001	
  4.6620000000000000e+009	 -2.3775390000000002e+001	
  4.6632000000000000e+009	 -2.3747070000000001e+001	
  4.6644000000000000e+009	 -2.3759770000000000e+001	
  4.6656000000000000e+009	 -2.3731449999999999e+001	
  4.6668000000000000e+009	 -2.3747070000000001e+001	
  4.6680000000000000e+009	 -2.3754880000000000e+001	
  4.6692000000000000e+009	 -2.3755859999999998e+001	
  4.6704000000000000e+009	 -2.3746089999999999e+001	
  4.6716000000000000e+009	 -2.3735350000000000e+001	
  4.6728000000000000e+009	 -2.3756830000000001e+001	
  4.6740000000000000e+009	 -2.3731449999999999e+001	
  4.6752000000000000e+009	 -2.3711919999999999e+001	
  4.6764000000000000e+009	 -2.3726559999999999e+001	
  4.6776000000000000e+009	 -2.3617190000000001e+001	
  4.6788000000000000e+009	 -2.3611329999999999e+001	
  4.6800000000000000e+009	 -2.3505859999999998e+001	
  4.6812000000000000e+009	 -2.3523440000000001e+001	
  4.6824000000000000e+009	 -2.3378910000000001e+001	
  4.6836000000000000e+009	 -2.3251950000000001e+001	
  4.6848000000000000e+009	 -2.3189450000000001e+001	
  4.6860000000000000e+009	 -2.3065429999999999e+001	
  4.6872000000000000e+009	 -2.2928709999999999e+001	
  4.6884000000000000e+009	 -2.2857420000000001e+001	
  4.6896000000000000e+009	 -2.2673829999999999e+001	
  4.6908000000000000e+009	 -2.2456050000000001e+001	
  4.6920000000000000e+009	 -2.2361329999999999e+001	
  4.6932000000000000e+009	 -2.2208980000000000e+001	
  4.6944000000000000e+009	 -2.2060549999999999e+001	
  4.6956000000000000e+009	 -2.1781250000000000e+001	
  4.6968000000000000e+009	 -2.1734380000000002e+001	
  4.6980000000000000e+009	 -2.1558589999999999e+001	
  4.6992000000000000e+009	 -2.1408200000000001e+001	
  4.7004000000000000e+009	 -2.1314450000000001e+001	
  4.7016000000000000e+009	 -2.1190429999999999e+001	
  4.7028000000000000e+009	 -2.1113280000000000e+001	
  4.7040000000000000e+009	 -2.1069340000000000e+001	
  4.7052000000000000e+009	 -2.0998040000000000e+001	
  4.7064000000000000e+009	 -2.0947270000000000e+001	
  4.7076000000000000e+009	 -2.0941410000000001e+001	
  4.7088000000000000e+009	 -2.0924800000000001e+001	
  4.7100000000000000e+009	 -2.0797850000000000e+001	
  4.7112000000000000e+009	 -2.0824220000000000e+001	
  4.7124000000000000e+009	 -2.0890619999999998e+001	
  4.7136000000000000e+009	 -2.0924800000000001e+001	
  4.7148000000000000e+009	 -2.0940429999999999e+001	
  4.7160000000000000e+009	 -2.1006840000000000e+001	
  4.7172000000000000e+009	 -2.1071290000000001e+001	
  4.7184000000000000e+009	 -2.1188469999999999e+001	
  4.7196000000000000e+009	 -2.1259770000000000e+001	
  4.7208000000000000e+009	 -2.1367190000000001e+001	
  4.7220000000000000e+009	 -2.1375000000000000e+001	
  4.7232000000000000e+009	 -2.1438469999999999e+001	
  4.7244000000000000e+009	 -2.1491209999999999e+001	
  4.7256000000000000e+009	 -2.1585940000000001e+001	
  4.7268000000000000e+009	 -2.1653320000000001e+001	
  4.7280000000000000e+009	 -2.1639650000000000e+001	
  4.7292000000000000e+009	 -2.1629880000000000e+001	
  4.7304000000000000e+009	 -2.1649410000000000e+001	
  4.7316000000000000e+009	 -2.1628900000000002e+001	
  4.7328000000000000e+009	 -2.1613280000000000e+001	
  4.7340000000000000e+009	 -2.1555660000000000e+001	
  4.7352000000000000e+009	 -2.1504880000000000e+001	
  4.7364000000000000e+009	 -2.1415040000000001e+001	
  4.7376000000000000e+009	 -2.1355470000000000e+001	
  4.7388000000000000e+009	 -2.1228510000000000e+001	
  4.7400000000000000e+009	 -2.1138670000000001e+001	
  4.7412000000000000e+009	 -2.1020510000000002e+001	
  4.7424000000000000e+009	 -2.0875969999999999e+001	
  4.7436000000000000e+009	 -2.0798829999999999e+001	
  4.7448000000000000e+009	 -2.0607420000000001e+001	
  4.7460000000000000e+009	 -2.0416989999999998e+001	
  4.7472000000000000e+009	 -2.0252929999999999e+001	
  4.7484000000000000e+009	 -2.0053709999999999e+001	
  4.7496000000000000e+009	 -1.9848630000000000e+001	
  4.7508000000000000e+009	 -1.9672850000000000e+001	
  4.7520000000000000e+009	 -1.9444330000000001e+001	
  4.7532000000000000e+009	 -1.9228520000000000e+001	
  4.7544000000000000e+009	 -1.9106449999999999e+001	
  4.7556000000000000e+009	 -1.8842770000000002e+001	
  4.7568000000000000e+009	 -1.8614260000000002e+001	
  4.7580000000000000e+009	 -1.8442380000000000e+001	
  4.7592000000000000e+009	 -1.8250000000000000e+001	
  4.7604000000000000e+009	 -1.8061520000000002e+001	
  4.7616000000000000e+009	 -1.7885739999999998e+001	
  4.7628000000000000e+009	 -1.7736329999999999e+001	
  4.7640000000000000e+009	 -1.7590820000000001e+001	
  4.7652000000000000e+009	 -1.7481439999999999e+001	
  4.7664000000000000e+009	 -1.7388670000000001e+001	
  4.7676000000000000e+009	 -1.7299800000000001e+001	
  4.7688000000000000e+009	 -1.7272459999999999e+001	
  4.7700000000000000e+009	 -1.7233400000000000e+001	
  4.7712000000000000e+009	 -1.7237300000000001e+001	
  4.7724000000000000e+009	 -1.7233400000000000e+001	
  4.7736000000000000e+009	 -1.7278320000000001e+001	
  4.7748000000000000e+009	 -1.7244140000000002e+001	
  4.7760000000000000e+009	 -1.7375969999999999e+001	
  4.7772000000000000e+009	 -1.7414059999999999e+001	
  4.7784000000000000e+009	 -1.7498040000000000e+001	
  4.7796000000000000e+009	 -1.7579100000000000e+001	
  4.7808000000000000e+009	 -1.7595700000000001e+001	
  4.7820000000000000e+009	 -1.7621089999999999e+001	
  4.7832000000000000e+009	 -1.7775390000000002e+001	
  4.7844000000000000e+009	 -1.7739260000000002e+001	
  4.7856000000000000e+009	 -1.7840820000000001e+001	
  4.7868000000000000e+009	 -1.7910160000000001e+001	
  4.7880000000000000e+009	 -1.7923829999999999e+001	
  4.7892000000000000e+009	 -1.7867190000000001e+001	
  4.7904000000000000e+009	 -1.7850580000000001e+001	
  4.7916000000000000e+009	 -1.7791010000000000e+001	
  4.7928000000000000e+009	 -1.7740230000000000e+001	
  4.7940000000000000e+009	 -1.7645510000000002e+001	
  4.7952000000000000e+009	 -1.7537109999999998e+001	
  4.7964000000000000e+009	 -1.7424800000000001e+001	
  4.7976000000000000e+009	 -1.7276370000000000e+001	
  4.7988000000000000e+009	 -1.7104489999999998e+001	
  4.8000000000000000e+009	 -1.6903320000000001e+001	
  4.8012000000000000e+009	 -1.6728520000000000e+001	
  4.8024000000000000e+009	 -1.6482420000000001e+001	
  4.8036000000000000e+009	 -1.6257809999999999e+001	
  4.8048000000000000e+009	 -1.6016600000000000e+001	
  4.8060000000000000e+009	 -1.5800290000000000e+001	
  4.8072000000000000e+009	 -1.5532230000000000e+001	
  4.8084000000000000e+009	 -1.5293460000000000e+001	
  4.8096000000000000e+009	 -1.5032710000000000e+001	
  4.8108000000000000e+009	 -1.4799320000000000e+001	
  4.8120000000000000e+009	 -1.4589359999999999e+001	
  4.8132000000000000e+009	 -1.4355470000000000e+001	
  4.8144000000000000e+009	 -1.4168950000000001e+001	
  4.8156000000000000e+009	 -1.3914059999999999e+001	
  4.8168000000000000e+009	 -1.3737790000000000e+001	
  4.8180000000000000e+009	 -1.3575680000000000e+001	
  4.8192000000000000e+009	 -1.3420900000000000e+001	
  4.8204000000000000e+009	 -1.3328609999999999e+001	
  4.8216000000000000e+009	 -1.3146000000000001e+001	
  4.8228000000000000e+009	 -1.3012700000000001e+001	
  4.8240000000000000e+009	 -1.2898440000000001e+001	
  4.8252000000000000e+009	 -1.2812010000000001e+001	
  4.8264000000000000e+009	 -1.2698729999999999e+001	
  4.8276000000000000e+009	 -1.2570309999999999e+001	
  4.8288000000000000e+009	 -1.2485350000000000e+001	
  4.8300000000000000e+009	 -1.2375000000000000e+001	
  4.8312000000000000e+009	 -1.2241210000000001e+001	
  4.8324000000000000e+009	 -1.2143070000000000e+001	
  4.8336000000000000e+009	 -1.1981930000000000e+001	
  4.8348000000000000e+009	 -1.1882320000000000e+001	
  4.8360000000000000e+009	 -1.1746580000000000e+001	
  4.8372000000000000e+009	 -1.1656739999999999e+001	
  4.8384000000000000e+009	 -1.1513669999999999e+001	
  4.8396000000000000e+009	 -1.1398930000000000e+001	
  4.8408000000000000e+009	 -1.1244140000000000e+001	
  4.8420000000000000e+009	 -1.0993650000000001e+001	
  4.8432000000000000e+009	 -1.0883789999999999e+001	
  4.8444000000000000e+009	 -1.0707520000000001e+001	
  4.8456000000000000e+009	 -1.0454100000000000e+001	
  4.8468000000000000e+009	 -1.0328609999999999e+001	
  4.8480000000000000e+009	 -1.0194340000000000e+001	
  4.8492000000000000e+009	 -9.9541020000000007e+000	
  4.8504000000000000e+009	 -9.8198240000000006e+000	
  4.8516000000000000e+009	 -9.6782229999999991e+000	
  4.8528000000000000e+009	 -9.5571289999999998e+000	
  4.8540000000000000e+009	 -9.4121089999999992e+000	
  4.8552000000000000e+009	 -9.2646479999999993e+000	
  4.8564000000000000e+009	 -9.1235350000000004e+000	
  4.8576000000000000e+009	 -8.9916990000000006e+000	
  4.8588000000000000e+009	 -8.8549799999999994e+000	
  4.8600000000000000e+009	 -8.7119140000000002e+000	
  4.8612000000000000e+009	 -8.6215820000000001e+000	
  4.8624000000000000e+009	 -8.5224609999999998e+000	
  4.8636000000000000e+009	 -8.3569340000000008e+000	
  4.8648000000000000e+009	 -8.2241210000000002e+000	
  4.8660000000000000e+009	 -8.1738280000000003e+000	
  4.8672000000000000e+009	 -8.0581049999999994e+000	
  4.8684000000000000e+009	 -7.9875489999999996e+000	
  4.8696000000000000e+009	 -7.8815920000000004e+000	
  4.8708000000000000e+009	 -7.6801760000000003e+000	
  4.8720000000000000e+009	 -7.7407230000000000e+000	
  4.8732000000000000e+009	 -7.6071780000000002e+000	
  4.8744000000000000e+009	 -7.5114749999999999e+000	
  4.8756000000000000e+009	 -7.4641109999999999e+000	
  4.8768000000000000e+009	 -7.4208980000000002e+000	
  4.8780000000000000e+009	 -7.4211429999999998e+000	
  4.8792000000000000e+009	 -7.4138180000000000e+000	
  4.8804000000000000e+009	 -7.4724120000000003e+000	
  4.8816000000000000e+009	 -7.5166019999999998e+000	
  4.8828000000000000e+009	 -7.5981449999999997e+000	
  4.8840000000000000e+009	 -7.6484379999999996e+000	
  4.8852000000000000e+009	 -7.7929690000000003e+000	
  4.8864000000000000e+009	 -7.8442379999999998e+000	
  4.8876000000000000e+009	 -7.9462890000000002e+000	
  4.8888000000000000e+009	 -8.1147460000000002e+000	
  4.8900000000000000e+009	 -8.1762700000000006e+000	
  4.8912000000000000e+009	 -8.3178710000000002e+000	
  4.8924000000000000e+009	 -8.4433589999999992e+000	
  4.8936000000000000e+009	 -8.5390630000000005e+000	
  4.8948000000000000e+009	 -8.5634770000000007e+000	
  4.8960000000000000e+009	 -8.7714839999999992e+000	
  4.8972000000000000e+009	 -8.7416990000000006e+000	
  4.8984000000000000e+009	 -8.8647460000000002e+000	
  4.8996000000000000e+009	 -8.9360350000000004e+000	
  4.9008000000000000e+009	 -9.0087890000000002e+000	
  4.9020000000000000e+009	 -9.0688479999999991e+000	
  4.9032000000000000e+009	 -9.1464839999999992e+000	
  4.9044000000000000e+009	 -9.2319340000000008e+000	
  4.9056000000000000e+009	 -9.3227539999999998e+000	
  4.9068000000000000e+009	 -9.3666990000000006e+000	
  4.9080000000000000e+009	 -9.5185549999999992e+000	
  4.9092000000000000e+009	 -9.6025390000000002e+000	
  4.9104000000000000e+009	 -9.7153320000000001e+000	
  4.9116000000000000e+009	 -9.8188479999999991e+000	
  4.9128000000000000e+009	 -9.9985350000000004e+000	
  4.9140000000000000e+009	 -1.0148440000000001e+001	
  4.9152000000000000e+009	 -1.0296390000000001e+001	
  4.9164000000000000e+009	 -1.0480470000000000e+001	
  4.9176000000000000e+009	 -1.0664550000000000e+001	
  4.9188000000000000e+009	 -1.0921880000000000e+001	
  4.9200000000000000e+009	 -1.1185549999999999e+001	
  4.9212000000000000e+009	 -1.1420900000000000e+001	
  4.9224000000000000e+009	 -1.1622070000000001e+001	
  4.9236000000000000e+009	 -1.1960940000000001e+001	
  4.9248000000000000e+009	 -1.2205570000000000e+001	
  4.9260000000000000e+009	 -1.2477050000000000e+001	
  4.9272000000000000e+009	 -1.2729979999999999e+001	
  4.9284000000000000e+009	 -1.3059080000000000e+001	
  4.9296000000000000e+009	 -1.3333010000000000e+001	
  4.9308000000000000e+009	 -1.3598630000000000e+001	
  4.9320000000000000e+009	 -1.3888180000000000e+001	
  4.9332000000000000e+009	 -1.4172850000000000e+001	
  4.9344000000000000e+009	 -1.4435549999999999e+001	
  4.9356000000000000e+009	 -1.4696289999999999e+001	
  4.9368000000000000e+009	 -1.4945309999999999e+001	
  4.9380000000000000e+009	 -1.5188480000000000e+001	
  4.9392000000000000e+009	 -1.5424799999999999e+001	
  4.9404000000000000e+009	 -1.5655270000000000e+001	
  4.9416000000000000e+009	 -1.5824220000000000e+001	
  4.9428000000000000e+009	 -1.6041989999999998e+001	
  4.9440000000000000e+009	 -1.6284179999999999e+001	
  4.9452000000000000e+009	 -1.6349609999999998e+001	
  4.9464000000000000e+009	 -1.6488280000000000e+001	
  4.9476000000000000e+009	 -1.6665040000000001e+001	
  4.9488000000000000e+009	 -1.6754880000000000e+001	
  4.9500000000000000e+009	 -1.6839839999999999e+001	
  4.9512000000000000e+009	 -1.6980470000000000e+001	
  4.9524000000000000e+009	 -1.7065429999999999e+001	
  4.9536000000000000e+009	 -1.7079100000000000e+001	
  4.9548000000000000e+009	 -1.7125979999999998e+001	
  4.9560000000000000e+009	 -1.7172850000000000e+001	
  4.9572000000000000e+009	 -1.7143550000000001e+001	
  4.9584000000000000e+009	 -1.7137689999999999e+001	
  4.9596000000000000e+009	 -1.7076170000000001e+001	
  4.9608000000000000e+009	 -1.7162109999999998e+001	
  4.9620000000000000e+009	 -1.7091799999999999e+001	
  4.9632000000000000e+009	 -1.7086910000000000e+001	
  4.9644000000000000e+009	 -1.7002929999999999e+001	
  4.9656000000000000e+009	 -1.7037109999999998e+001	
  4.9668000000000000e+009	 -1.6950189999999999e+001	
  4.9680000000000000e+009	 -1.6920900000000000e+001	
  4.9692000000000000e+009	 -1.6923829999999999e+001	
  4.9704000000000000e+009	 -1.6911130000000000e+001	
  4.9716000000000000e+009	 -1.6913080000000001e+001	
  4.9728000000000000e+009	 -1.6935549999999999e+001	
  4.9740000000000000e+009	 -1.6964839999999999e+001	
  4.9752000000000000e+009	 -1.7087890000000002e+001	
  4.9764000000000000e+009	 -1.7131830000000001e+001	
  4.9776000000000000e+009	 -1.7226559999999999e+001	
  4.9788000000000000e+009	 -1.7367190000000001e+001	
  4.9800000000000000e+009	 -1.7536130000000000e+001	
  4.9812000000000000e+009	 -1.7705079999999999e+001	
  4.9824000000000000e+009	 -1.7841799999999999e+001	
  4.9836000000000000e+009	 -1.8040040000000001e+001	
  4.9848000000000000e+009	 -1.8251950000000001e+001	
  4.9860000000000000e+009	 -1.8484369999999998e+001	
  4.9872000000000000e+009	 -1.8637699999999999e+001	
  4.9884000000000000e+009	 -1.8878910000000001e+001	
  4.9896000000000000e+009	 -1.9109369999999998e+001	
  4.9908000000000000e+009	 -1.9307620000000000e+001	
  4.9920000000000000e+009	 -1.9546869999999998e+001	
  4.9932000000000000e+009	 -1.9742190000000001e+001	
  4.9944000000000000e+009	 -1.9968750000000000e+001	
  4.9956000000000000e+009	 -2.0153320000000001e+001	
  4.9968000000000000e+009	 -2.0315429999999999e+001	
  4.9980000000000000e+009	 -2.0484380000000002e+001	
  4.9992000000000000e+009	 -2.0591799999999999e+001	
  5.0004000000000000e+009	 -2.0777339999999999e+001	
  5.0016000000000000e+009	 -2.0911130000000000e+001	
  5.0028000000000000e+009	 -2.0966799999999999e+001	
  5.0040000000000000e+009	 -2.1074220000000000e+001	
  5.0052000000000000e+009	 -2.1138670000000001e+001	
  5.0064000000000000e+009	 -2.1193359999999998e+001	
  5.0076000000000000e+009	 -2.1274410000000000e+001	
  5.0088000000000000e+009	 -2.1262689999999999e+001	
  5.0100000000000000e+009	 -2.1345700000000001e+001	
  5.0112000000000000e+009	 -2.1336910000000000e+001	
  5.0124000000000000e+009	 -2.1339839999999999e+001	
  5.0136000000000000e+009	 -2.1398430000000001e+001	
  5.0148000000000000e+009	 -2.1337890000000002e+001	
  5.0160000000000000e+009	 -2.1430660000000000e+001	
  5.0172000000000000e+009	 -2.1308589999999999e+001	
  5.0184000000000000e+009	 -2.1370120000000000e+001	
  5.0196000000000000e+009	 -2.1307620000000000e+001	
  5.0208000000000000e+009	 -2.1311520000000002e+001	
  5.0220000000000000e+009	 -2.1242180000000001e+001	
  5.0232000000000000e+009	 -2.1317380000000000e+001	
  5.0244000000000000e+009	 -2.1344719999999999e+001	
  5.0256000000000000e+009	 -2.1305660000000000e+001	
  5.0268000000000000e+009	 -2.1315429999999999e+001	
  5.0280000000000000e+009	 -2.1325189999999999e+001	
  5.0292000000000000e+009	 -2.1354489999999998e+001	
  5.0304000000000000e+009	 -2.1352540000000001e+001	
  5.0316000000000000e+009	 -2.1329100000000000e+001	
  5.0328000000000000e+009	 -2.1336910000000000e+001	
  5.0340000000000000e+009	 -2.1392579999999999e+001	
  5.0352000000000000e+009	 -2.1367190000000001e+001	
  5.0364000000000000e+009	 -2.1386720000000000e+001	
  5.0376000000000000e+009	 -2.1367190000000001e+001	
  5.0388000000000000e+009	 -2.1420900000000000e+001	
  5.0400000000000000e+009	 -2.1378900000000002e+001	
  5.0412000000000000e+009	 -2.1382809999999999e+001	
  5.0424000000000000e+009	 -2.1413080000000001e+001	
  5.0436000000000000e+009	 -2.1441410000000001e+001	
  5.0448000000000000e+009	 -2.1405270000000002e+001	
  5.0460000000000000e+009	 -2.1458010000000002e+001	
  5.0472000000000000e+009	 -2.1415040000000001e+001	
  5.0484000000000000e+009	 -2.1499020000000002e+001	
  5.0496000000000000e+009	 -2.1452150000000000e+001	
  5.0508000000000000e+009	 -2.1418939999999999e+001	
  5.0520000000000000e+009	 -2.1483400000000000e+001	
  5.0532000000000000e+009	 -2.1476559999999999e+001	
  5.0544000000000000e+009	 -2.1621089999999999e+001	
  5.0556000000000000e+009	 -2.1623040000000000e+001	
  5.0568000000000000e+009	 -2.1704100000000000e+001	
  5.0580000000000000e+009	 -2.1758790000000001e+001	
  5.0592000000000000e+009	 -2.1839839999999999e+001	
  5.0604000000000000e+009	 -2.1901360000000000e+001	
  5.0616000000000000e+009	 -2.2022459999999999e+001	
  5.0628000000000000e+009	 -2.2139650000000000e+001	
  5.0640000000000000e+009	 -2.2232420000000001e+001	
  5.0652000000000000e+009	 -2.2372070000000001e+001	
  5.0664000000000000e+009	 -2.2540040000000001e+001	
  5.0676000000000000e+009	 -2.2674800000000001e+001	
  5.0688000000000000e+009	 -2.2771480000000000e+001	
  5.0700000000000000e+009	 -2.2951170000000001e+001	
  5.0712000000000000e+009	 -2.3112300000000001e+001	
  5.0724000000000000e+009	 -2.3266600000000000e+001	
  5.0736000000000000e+009	 -2.3347650000000002e+001	
  5.0748000000000000e+009	 -2.3478510000000000e+001	
  5.0760000000000000e+009	 -2.3547850000000000e+001	
  5.0772000000000000e+009	 -2.3728510000000000e+001	
  5.0784000000000000e+009	 -2.3797850000000000e+001	
  5.0796000000000000e+009	 -2.3863280000000000e+001	
  5.0808000000000000e+009	 -2.3978510000000000e+001	
  5.0820000000000000e+009	 -2.4036130000000000e+001	
  5.0832000000000000e+009	 -2.4089839999999999e+001	
  5.0844000000000000e+009	 -2.4101559999999999e+001	
  5.0856000000000000e+009	 -2.4156250000000000e+001	
  5.0868000000000000e+009	 -2.4108400000000000e+001	
  5.0880000000000000e+009	 -2.4139650000000000e+001	
  5.0892000000000000e+009	 -2.4057620000000000e+001	
  5.0904000000000000e+009	 -2.4020499999999998e+001	
  5.0916000000000000e+009	 -2.3942380000000000e+001	
  5.0928000000000000e+009	 -2.3890619999999998e+001	
  5.0940000000000000e+009	 -2.3840820000000001e+001	
  5.0952000000000000e+009	 -2.3732420000000001e+001	
  5.0964000000000000e+009	 -2.3600580000000001e+001	
  5.0976000000000000e+009	 -2.3470700000000001e+001	
  5.0988000000000000e+009	 -2.3393550000000001e+001	
  5.1000000000000000e+009	 -2.3307610000000000e+001	
  5.1012000000000000e+009	 -2.3139650000000000e+001	
  5.1024000000000000e+009	 -2.2951170000000001e+001	
  5.1036000000000000e+009	 -2.2875979999999998e+001	
  5.1048000000000000e+009	 -2.2744140000000002e+001	
  5.1060000000000000e+009	 -2.2509770000000000e+001	
  5.1072000000000000e+009	 -2.2477540000000001e+001	
  5.1084000000000000e+009	 -2.2395510000000002e+001	
  5.1096000000000000e+009	 -2.2242190000000001e+001	
  5.1108000000000000e+009	 -2.2127929999999999e+001	
  5.1120000000000000e+009	 -2.2040040000000001e+001	
  5.1132000000000000e+009	 -2.2029290000000000e+001	
  5.1144000000000000e+009	 -2.1990230000000000e+001	
  5.1156000000000000e+009	 -2.2005859999999998e+001	
  5.1168000000000000e+009	 -2.2030270000000002e+001	
  5.1180000000000000e+009	 -2.2037109999999998e+001	
  5.1192000000000000e+009	 -2.2091790000000000e+001	
  5.1204000000000000e+009	 -2.2166989999999998e+001	
  5.1216000000000000e+009	 -2.2254880000000000e+001	
  5.1228000000000000e+009	 -2.2350580000000001e+001	
  5.1240000000000000e+009	 -2.2526360000000000e+001	
  5.1252000000000000e+009	 -2.2646480000000000e+001	
  5.1264000000000000e+009	 -2.2826170000000001e+001	
  5.1276000000000000e+009	 -2.3007809999999999e+001	
  5.1288000000000000e+009	 -2.3179690000000001e+001	
  5.1300000000000000e+009	 -2.3369140000000002e+001	
  5.1312000000000000e+009	 -2.3525390000000002e+001	
  5.1324000000000000e+009	 -2.3755859999999998e+001	
  5.1336000000000000e+009	 -2.3920900000000000e+001	
  5.1348000000000000e+009	 -2.4075189999999999e+001	
  5.1360000000000000e+009	 -2.4267579999999999e+001	
  5.1372000000000000e+009	 -2.4441400000000002e+001	
  5.1384000000000000e+009	 -2.4581050000000001e+001	
  5.1396000000000000e+009	 -2.4693359999999998e+001	
  5.1408000000000000e+009	 -2.4886720000000000e+001	
  5.1420000000000000e+009	 -2.4933589999999999e+001	
  5.1432000000000000e+009	 -2.5085940000000001e+001	
  5.1444000000000000e+009	 -2.5166989999999998e+001	
  5.1456000000000000e+009	 -2.5190429999999999e+001	
  5.1468000000000000e+009	 -2.5203119999999998e+001	
  5.1480000000000000e+009	 -2.5209959999999999e+001	
  5.1492000000000000e+009	 -2.5221679999999999e+001	
  5.1504000000000000e+009	 -2.5285150000000002e+001	
  5.1516000000000000e+009	 -2.5134760000000000e+001	
  5.1528000000000000e+009	 -2.5055660000000000e+001	
  5.1540000000000000e+009	 -2.4967770000000002e+001	
  5.1552000000000000e+009	 -2.4910150000000002e+001	
  5.1564000000000000e+009	 -2.4792970000000000e+001	
  5.1576000000000000e+009	 -2.4620110000000000e+001	
  5.1588000000000000e+009	 -2.4501950000000001e+001	
  5.1600000000000000e+009	 -2.4334959999999999e+001	
  5.1612000000000000e+009	 -2.4154299999999999e+001	
  5.1624000000000000e+009	 -2.4001950000000001e+001	
  5.1636000000000000e+009	 -2.3815429999999999e+001	
  5.1648000000000000e+009	 -2.3665040000000001e+001	
  5.1660000000000000e+009	 -2.3472660000000001e+001	
  5.1672000000000000e+009	 -2.3297850000000000e+001	
  5.1684000000000000e+009	 -2.3172850000000000e+001	
  5.1696000000000000e+009	 -2.3029290000000000e+001	
  5.1708000000000000e+009	 -2.2885739999999998e+001	
  5.1720000000000000e+009	 -2.2793949999999999e+001	
  5.1732000000000000e+009	 -2.2615230000000000e+001	
  5.1744000000000000e+009	 -2.2587890000000002e+001	
  5.1756000000000000e+009	 -2.2526360000000000e+001	
  5.1768000000000000e+009	 -2.2488280000000000e+001	
  5.1780000000000000e+009	 -2.2485350000000000e+001	
  5.1792000000000000e+009	 -2.2512689999999999e+001	
  5.1804000000000000e+009	 -2.2557620000000000e+001	
  5.1816000000000000e+009	 -2.2606439999999999e+001	
  5.1828000000000000e+009	 -2.2704100000000000e+001	
  5.1840000000000000e+009	 -2.2756830000000001e+001	
  5.1852000000000000e+009	 -2.2844719999999999e+001	
  5.1864000000000000e+009	 -2.3017579999999999e+001	
  5.1876000000000000e+009	 -2.3165040000000001e+001	
  5.1888000000000000e+009	 -2.3283200000000001e+001	
  5.1900000000000000e+009	 -2.3371089999999999e+001	
  5.1912000000000000e+009	 -2.3537109999999998e+001	
  5.1924000000000000e+009	 -2.3653320000000001e+001	
  5.1936000000000000e+009	 -2.3806640000000002e+001	
  5.1948000000000000e+009	 -2.3938469999999999e+001	
  5.1960000000000000e+009	 -2.4026370000000000e+001	
  5.1972000000000000e+009	 -2.4177730000000000e+001	
  5.1984000000000000e+009	 -2.4294920000000001e+001	
  5.1996000000000000e+009	 -2.4422850000000000e+001	
  5.2008000000000000e+009	 -2.4465820000000001e+001	
  5.2020000000000000e+009	 -2.4608400000000000e+001	
  5.2032000000000000e+009	 -2.4680660000000000e+001	
  5.2044000000000000e+009	 -2.4702150000000000e+001	
  5.2056000000000000e+009	 -2.4715820000000001e+001	
  5.2068000000000000e+009	 -2.4859369999999998e+001	
  5.2080000000000000e+009	 -2.4900390000000002e+001	
  5.2092000000000000e+009	 -2.4938469999999999e+001	
  5.2104000000000000e+009	 -2.4965820000000001e+001	
  5.2116000000000000e+009	 -2.5010739999999998e+001	
  5.2128000000000000e+009	 -2.4994140000000002e+001	
  5.2140000000000000e+009	 -2.5085940000000001e+001	
  5.2152000000000000e+009	 -2.5015619999999998e+001	
  5.2164000000000000e+009	 -2.5035150000000002e+001	
  5.2176000000000000e+009	 -2.4984369999999998e+001	
  5.2188000000000000e+009	 -2.5035150000000002e+001	
  5.2200000000000000e+009	 -2.4975590000000000e+001	
  5.2212000000000000e+009	 -2.4957030000000000e+001	
  5.2224000000000000e+009	 -2.4905270000000002e+001	
  5.2236000000000000e+009	 -2.4841790000000000e+001	
  5.2248000000000000e+009	 -2.4803709999999999e+001	
  5.2260000000000000e+009	 -2.4695309999999999e+001	
  5.2272000000000000e+009	 -2.4635739999999998e+001	
  5.2284000000000000e+009	 -2.4535160000000001e+001	
  5.2296000000000000e+009	 -2.4394530000000000e+001	
  5.2308000000000000e+009	 -2.4320309999999999e+001	
  5.2320000000000000e+009	 -2.4243160000000000e+001	
  5.2332000000000000e+009	 -2.4096679999999999e+001	
  5.2344000000000000e+009	 -2.3989260000000002e+001	
  5.2356000000000000e+009	 -2.3842770000000002e+001	
  5.2368000000000000e+009	 -2.3655270000000002e+001	
  5.2380000000000000e+009	 -2.3601559999999999e+001	
  5.2392000000000000e+009	 -2.3498040000000000e+001	
  5.2404000000000000e+009	 -2.3417970000000000e+001	
  5.2416000000000000e+009	 -2.3318359999999998e+001	
  5.2428000000000000e+009	 -2.3106449999999999e+001	
  5.2440000000000000e+009	 -2.3068359999999998e+001	
  5.2452000000000000e+009	 -2.3019530000000000e+001	
  5.2464000000000000e+009	 -2.2884760000000000e+001	
  5.2476000000000000e+009	 -2.2820309999999999e+001	
  5.2488000000000000e+009	 -2.2825189999999999e+001	
  5.2500000000000000e+009	 -2.2811520000000002e+001	
  5.2512000000000000e+009	 -2.2860350000000000e+001	
  5.2524000000000000e+009	 -2.2919920000000001e+001	
  5.2536000000000000e+009	 -2.2978520000000000e+001	
  5.2548000000000000e+009	 -2.3053709999999999e+001	
  5.2560000000000000e+009	 -2.3114260000000002e+001	
  5.2572000000000000e+009	 -2.3216799999999999e+001	
  5.2584000000000000e+009	 -2.3337890000000002e+001	
  5.2596000000000000e+009	 -2.3433589999999999e+001	
  5.2608000000000000e+009	 -2.3555669999999999e+001	
  5.2620000000000000e+009	 -2.3621089999999999e+001	
  5.2632000000000000e+009	 -2.3760739999999998e+001	
  5.2644000000000000e+009	 -2.3917970000000000e+001	
  5.2656000000000000e+009	 -2.3998049999999999e+001	
  5.2668000000000000e+009	 -2.4080079999999999e+001	
  5.2680000000000000e+009	 -2.4222660000000001e+001	
  5.2692000000000000e+009	 -2.4250969999999999e+001	
  5.2704000000000000e+009	 -2.4337890000000002e+001	
  5.2716000000000000e+009	 -2.4441400000000002e+001	
  5.2728000000000000e+009	 -2.4512689999999999e+001	
  5.2740000000000000e+009	 -2.4534179999999999e+001	
  5.2752000000000000e+009	 -2.4519530000000000e+001	
  5.2764000000000000e+009	 -2.4583980000000000e+001	
  5.2776000000000000e+009	 -2.4515619999999998e+001	
  5.2788000000000000e+009	 -2.4605460000000001e+001	
  5.2800000000000000e+009	 -2.4559570000000001e+001	
  5.2812000000000000e+009	 -2.4526370000000000e+001	
  5.2824000000000000e+009	 -2.4484369999999998e+001	
  5.2836000000000000e+009	 -2.4460940000000001e+001	
  5.2848000000000000e+009	 -2.4368160000000000e+001	
  5.2860000000000000e+009	 -2.4342770000000002e+001	
  5.2872000000000000e+009	 -2.4289059999999999e+001	
  5.2884000000000000e+009	 -2.4209959999999999e+001	
  5.2896000000000000e+009	 -2.4127929999999999e+001	
  5.2908000000000000e+009	 -2.4060540000000000e+001	
  5.2920000000000000e+009	 -2.4010739999999998e+001	
  5.2932000000000000e+009	 -2.3935549999999999e+001	
  5.2944000000000000e+009	 -2.3876950000000001e+001	
  5.2956000000000000e+009	 -2.3820309999999999e+001	
  5.2968000000000000e+009	 -2.3768550000000001e+001	
  5.2980000000000000e+009	 -2.3635739999999998e+001	
  5.2992000000000000e+009	 -2.3623049999999999e+001	
  5.3004000000000000e+009	 -2.3517579999999999e+001	
  5.3016000000000000e+009	 -2.3458980000000000e+001	
  5.3028000000000000e+009	 -2.3325199999999999e+001	
  5.3040000000000000e+009	 -2.3244140000000002e+001	
  5.3052000000000000e+009	 -2.3164059999999999e+001	
  5.3064000000000000e+009	 -2.3092770000000002e+001	
  5.3076000000000000e+009	 -2.2965820000000001e+001	
  5.3088000000000000e+009	 -2.2885739999999998e+001	
  5.3100000000000000e+009	 -2.2761720000000000e+001	
  5.3112000000000000e+009	 -2.2665040000000001e+001	
  5.3124000000000000e+009	 -2.2506830000000001e+001	
  5.3136000000000000e+009	 -2.2432620000000000e+001	
  5.3148000000000000e+009	 -2.2329100000000000e+001	
  5.3160000000000000e+009	 -2.2219719999999999e+001	
  5.3172000000000000e+009	 -2.2133790000000001e+001	
  5.3184000000000000e+009	 -2.1994140000000002e+001	
  5.3196000000000000e+009	 -2.1925780000000000e+001	
  5.3208000000000000e+009	 -2.1836919999999999e+001	
  5.3220000000000000e+009	 -2.1786130000000000e+001	
  5.3232000000000000e+009	 -2.1753910000000001e+001	
  5.3244000000000000e+009	 -2.1708980000000000e+001	
  5.3256000000000000e+009	 -2.1718750000000000e+001	
  5.3268000000000000e+009	 -2.1708010000000002e+001	
  5.3280000000000000e+009	 -2.1727540000000001e+001	
  5.3292000000000000e+009	 -2.1823239999999998e+001	
  5.3304000000000000e+009	 -2.1889650000000000e+001	
  5.3316000000000000e+009	 -2.1980470000000000e+001	
  5.3328000000000000e+009	 -2.2043939999999999e+001	
  5.3340000000000000e+009	 -2.2166010000000000e+001	
  5.3352000000000000e+009	 -2.2401370000000000e+001	
  5.3364000000000000e+009	 -2.2465820000000001e+001	
  5.3376000000000000e+009	 -2.2639650000000000e+001	
  5.3388000000000000e+009	 -2.2754880000000000e+001	
  5.3400000000000000e+009	 -2.2919920000000001e+001	
  5.3412000000000000e+009	 -2.3077150000000000e+001	
  5.3424000000000000e+009	 -2.3267579999999999e+001	
  5.3436000000000000e+009	 -2.3357420000000001e+001	
  5.3448000000000000e+009	 -2.3479489999999998e+001	
  5.3460000000000000e+009	 -2.3571290000000001e+001	
  5.3472000000000000e+009	 -2.3680660000000000e+001	
  5.3484000000000000e+009	 -2.3759770000000000e+001	
  5.3496000000000000e+009	 -2.3741209999999999e+001	
  5.3508000000000000e+009	 -2.3768550000000001e+001	
  5.3520000000000000e+009	 -2.3752929999999999e+001	
  5.3532000000000000e+009	 -2.3749020000000002e+001	
  5.3544000000000000e+009	 -2.3678709999999999e+001	
  5.3556000000000000e+009	 -2.3595700000000001e+001	
  5.3568000000000000e+009	 -2.3593750000000000e+001	
  5.3580000000000000e+009	 -2.3420900000000000e+001	
  5.3592000000000000e+009	 -2.3283200000000001e+001	
  5.3604000000000000e+009	 -2.3139650000000000e+001	
  5.3616000000000000e+009	 -2.3015619999999998e+001	
  5.3628000000000000e+009	 -2.2759770000000000e+001	
  5.3640000000000000e+009	 -2.2577150000000000e+001	
  5.3652000000000000e+009	 -2.2355470000000000e+001	
  5.3664000000000000e+009	 -2.2118160000000000e+001	
  5.3676000000000000e+009	 -2.1905270000000002e+001	
  5.3688000000000000e+009	 -2.1715820000000001e+001	
  5.3700000000000000e+009	 -2.1432610000000000e+001	
  5.3712000000000000e+009	 -2.1197270000000000e+001	
  5.3724000000000000e+009	 -2.1007809999999999e+001	
  5.3736000000000000e+009	 -2.0822260000000000e+001	
  5.3748000000000000e+009	 -2.0672850000000000e+001	
  5.3760000000000000e+009	 -2.0467770000000002e+001	
  5.3772000000000000e+009	 -2.0263670000000001e+001	
  5.3784000000000000e+009	 -2.0127929999999999e+001	
  5.3796000000000000e+009	 -1.9996089999999999e+001	
  5.3808000000000000e+009	 -2.0016600000000000e+001	
  5.3820000000000000e+009	 -1.9924800000000001e+001	
  5.3832000000000000e+009	 -1.9898440000000001e+001	
  5.3844000000000000e+009	 -1.9852540000000001e+001	
  5.3856000000000000e+009	 -1.9879880000000000e+001	
  5.3868000000000000e+009	 -1.9887699999999999e+001	
  5.3880000000000000e+009	 -1.9948239999999998e+001	
  5.3892000000000000e+009	 -1.9985350000000000e+001	
  5.3904000000000000e+009	 -2.0046869999999998e+001	
  5.3916000000000000e+009	 -2.0130859999999998e+001	
  5.3928000000000000e+009	 -2.0190429999999999e+001	
  5.3940000000000000e+009	 -2.0299800000000001e+001	
  5.3952000000000000e+009	 -2.0382809999999999e+001	
  5.3964000000000000e+009	 -2.0440429999999999e+001	
  5.3976000000000000e+009	 -2.0486329999999999e+001	
  5.3988000000000000e+009	 -2.0607420000000001e+001	
  5.4000000000000000e+009	 -2.0670900000000000e+001	
  5.4012000000000000e+009	 -2.0777339999999999e+001	
  5.4024000000000000e+009	 -2.0747070000000001e+001	
  5.4036000000000000e+009	 -2.0849609999999998e+001	
  5.4048000000000000e+009	 -2.0828119999999998e+001	
  5.4060000000000000e+009	 -2.0891600000000000e+001	
  5.4072000000000000e+009	 -2.0905270000000002e+001	
  5.4084000000000000e+009	 -2.0912109999999998e+001	
  5.4096000000000000e+009	 -2.0904299999999999e+001	
  5.4108000000000000e+009	 -2.0880859999999998e+001	
  5.4120000000000000e+009	 -2.0877929999999999e+001	
  5.4132000000000000e+009	 -2.0853510000000000e+001	
  5.4144000000000000e+009	 -2.0842770000000002e+001	
  5.4156000000000000e+009	 -2.0792970000000000e+001	
  5.4168000000000000e+009	 -2.0733400000000000e+001	
  5.4180000000000000e+009	 -2.0661130000000000e+001	
  5.4192000000000000e+009	 -2.0627929999999999e+001	
  5.4204000000000000e+009	 -2.0538090000000000e+001	
  5.4216000000000000e+009	 -2.0486329999999999e+001	
  5.4228000000000000e+009	 -2.0388670000000001e+001	
  5.4240000000000000e+009	 -2.0323239999999998e+001	
  5.4252000000000000e+009	 -2.0244140000000002e+001	
  5.4264000000000000e+009	 -2.0159179999999999e+001	
  5.4276000000000000e+009	 -1.9987300000000001e+001	
  5.4288000000000000e+009	 -1.9936520000000002e+001	
  5.4300000000000000e+009	 -1.9866209999999999e+001	
  5.4312000000000000e+009	 -1.9676760000000002e+001	
  5.4324000000000000e+009	 -1.9624020000000002e+001	
  5.4336000000000000e+009	 -1.9448239999999998e+001	
  5.4348000000000000e+009	 -1.9296880000000002e+001	
  5.4360000000000000e+009	 -1.9269530000000000e+001	
  5.4372000000000000e+009	 -1.9153320000000001e+001	
  5.4384000000000000e+009	 -1.9065429999999999e+001	
  5.4396000000000000e+009	 -1.8907229999999998e+001	
  5.4408000000000000e+009	 -1.8776370000000000e+001	
  5.4420000000000000e+009	 -1.8699220000000000e+001	
  5.4432000000000000e+009	 -1.8605470000000000e+001	
  5.4444000000000000e+009	 -1.8488280000000000e+001	
  5.4456000000000000e+009	 -1.8388670000000001e+001	
  5.4468000000000000e+009	 -1.8302730000000000e+001	
  5.4480000000000000e+009	 -1.8226559999999999e+001	
  5.4492000000000000e+009	 -1.8121089999999999e+001	
  5.4504000000000000e+009	 -1.8107420000000001e+001	
  5.4516000000000000e+009	 -1.8012699999999999e+001	
  5.4528000000000000e+009	 -1.7960940000000001e+001	
  5.4540000000000000e+009	 -1.7956050000000001e+001	
  5.4552000000000000e+009	 -1.8010739999999998e+001	
  5.4564000000000000e+009	 -1.7856449999999999e+001	
  5.4576000000000000e+009	 -1.7927730000000000e+001	
  5.4588000000000000e+009	 -1.7833010000000002e+001	
  5.4600000000000000e+009	 -1.7890630000000002e+001	
