  3.5000000000000000e+009	 -2.4533200000000001e+001	
  3.5022000000000000e+009	 -2.4810540000000000e+001	
  3.5044000000000000e+009	 -2.5037109999999998e+001	
  3.5066000000000000e+009	 -2.5179690000000001e+001	
  3.5088000000000000e+009	 -2.5354489999999998e+001	
  3.5110000000000000e+009	 -2.5430660000000000e+001	
  3.5132000000000000e+009	 -2.5566410000000001e+001	
  3.5154000000000000e+009	 -2.5625969999999999e+001	
  3.5176000000000000e+009	 -2.5644530000000000e+001	
  3.5198000000000000e+009	 -2.5656250000000000e+001	
  3.5220000000000000e+009	 -2.5606439999999999e+001	
  3.5242000000000000e+009	 -2.5633790000000001e+001	
  3.5264000000000000e+009	 -2.5707030000000000e+001	
  3.5286000000000000e+009	 -2.5751950000000001e+001	
  3.5308000000000000e+009	 -2.5784179999999999e+001	
  3.5330000000000000e+009	 -2.5861329999999999e+001	
  3.5352000000000000e+009	 -2.6005859999999998e+001	
  3.5374000000000000e+009	 -2.6179690000000001e+001	
  3.5396000000000000e+009	 -2.6368160000000000e+001	
  3.5418000000000000e+009	 -2.6595700000000001e+001	
  3.5440000000000000e+009	 -2.6853510000000000e+001	
  3.5462000000000000e+009	 -2.7151370000000000e+001	
  3.5484000000000000e+009	 -2.7463870000000000e+001	
  3.5506000000000000e+009	 -2.7754880000000000e+001	
  3.5528000000000000e+009	 -2.8114260000000002e+001	
  3.5550000000000000e+009	 -2.8467770000000002e+001	
  3.5572000000000000e+009	 -2.8773440000000001e+001	
  3.5594000000000000e+009	 -2.9002929999999999e+001	
  3.5616000000000000e+009	 -2.9307610000000000e+001	
  3.5638000000000000e+009	 -2.9097650000000002e+001	
  3.5660000000000000e+009	 -2.7990230000000000e+001	
  3.5682000000000000e+009	 -2.7883790000000001e+001	
  3.5704000000000000e+009	 -2.8025390000000002e+001	
  3.5726000000000000e+009	 -2.8111319999999999e+001	
  3.5748000000000000e+009	 -2.8064450000000001e+001	
  3.5770000000000000e+009	 -2.7936520000000002e+001	
  3.5792000000000000e+009	 -2.7759760000000000e+001	
  3.5814000000000000e+009	 -2.7520499999999998e+001	
  3.5836000000000000e+009	 -2.7340820000000001e+001	
  3.5858000000000000e+009	 -2.7126950000000001e+001	
  3.5880000000000000e+009	 -2.6894530000000000e+001	
  3.5902000000000000e+009	 -2.6776370000000000e+001	
  3.5924000000000000e+009	 -2.6583980000000000e+001	
  3.5946000000000000e+009	 -2.6535150000000002e+001	
  3.5968000000000000e+009	 -2.6494140000000002e+001	
  3.5990000000000000e+009	 -2.6501950000000001e+001	
  3.6012000000000000e+009	 -2.6555660000000000e+001	
  3.6034000000000000e+009	 -2.6652339999999999e+001	
  3.6056000000000000e+009	 -2.6789059999999999e+001	
  3.6078000000000000e+009	 -2.7034179999999999e+001	
  3.6100000000000000e+009	 -2.7097650000000002e+001	
  3.6122000000000000e+009	 -2.7236329999999999e+001	
  3.6144000000000000e+009	 -2.7426760000000002e+001	
  3.6166000000000000e+009	 -2.7512689999999999e+001	
  3.6188000000000000e+009	 -2.7524410000000000e+001	
  3.6210000000000000e+009	 -2.7653320000000001e+001	
  3.6232000000000000e+009	 -2.7667970000000000e+001	
  3.6254000000000000e+009	 -2.7584959999999999e+001	
  3.6276000000000000e+009	 -2.7600580000000001e+001	
  3.6298000000000000e+009	 -2.7521480000000000e+001	
  3.6320000000000000e+009	 -2.7492180000000001e+001	
  3.6342000000000000e+009	 -2.7377929999999999e+001	
  3.6364000000000000e+009	 -2.7281250000000000e+001	
  3.6386000000000000e+009	 -2.7064450000000001e+001	
  3.6408000000000000e+009	 -2.6945309999999999e+001	
  3.6430000000000000e+009	 -2.6780270000000002e+001	
  3.6452000000000000e+009	 -2.6610350000000000e+001	
  3.6474000000000000e+009	 -2.6389650000000000e+001	
  3.6496000000000000e+009	 -2.6235350000000000e+001	
  3.6518000000000000e+009	 -2.5949220000000000e+001	
  3.6540000000000000e+009	 -2.5673829999999999e+001	
  3.6562000000000000e+009	 -2.5418939999999999e+001	
  3.6584000000000000e+009	 -2.5142569999999999e+001	
  3.6606000000000000e+009	 -2.4892579999999999e+001	
  3.6628000000000000e+009	 -2.4649410000000000e+001	
  3.6650000000000000e+009	 -2.4421869999999998e+001	
  3.6672000000000000e+009	 -2.4245110000000000e+001	
  3.6694000000000000e+009	 -2.4114260000000002e+001	
  3.6716000000000000e+009	 -2.3987300000000001e+001	
  3.6738000000000000e+009	 -2.3997070000000001e+001	
  3.6760000000000000e+009	 -2.3931640000000002e+001	
  3.6782000000000000e+009	 -2.3958010000000002e+001	
  3.6804000000000000e+009	 -2.3911130000000000e+001	
  3.6826000000000000e+009	 -2.4001950000000001e+001	
  3.6848000000000000e+009	 -2.4078119999999998e+001	
  3.6870000000000000e+009	 -2.4136710000000001e+001	
  3.6892000000000000e+009	 -2.4143550000000001e+001	
  3.6914000000000000e+009	 -2.4131830000000001e+001	
  3.6936000000000000e+009	 -2.4061520000000002e+001	
  3.6958000000000000e+009	 -2.3972650000000002e+001	
  3.6980000000000000e+009	 -2.3859369999999998e+001	
  3.7002000000000000e+009	 -2.3735350000000000e+001	
  3.7024000000000000e+009	 -2.3589839999999999e+001	
  3.7046000000000000e+009	 -2.3369140000000002e+001	
  3.7068000000000000e+009	 -2.3181640000000002e+001	
  3.7090000000000000e+009	 -2.2731439999999999e+001	
  3.7112000000000000e+009	 -2.2427740000000000e+001	
  3.7134000000000000e+009	 -2.2015619999999998e+001	
  3.7156000000000000e+009	 -2.1703119999999998e+001	
  3.7178000000000000e+009	 -2.1416989999999998e+001	
  3.7200000000000000e+009	 -2.0991209999999999e+001	
  3.7222000000000000e+009	 -2.0685540000000000e+001	
  3.7244000000000000e+009	 -2.0317380000000000e+001	
  3.7266000000000000e+009	 -1.9921880000000002e+001	
  3.7288000000000000e+009	 -1.9541020000000000e+001	
  3.7310000000000000e+009	 -1.9112300000000001e+001	
  3.7332000000000000e+009	 -1.8708980000000000e+001	
  3.7354000000000000e+009	 -1.8327150000000000e+001	
  3.7376000000000000e+009	 -1.7915040000000001e+001	
  3.7398000000000000e+009	 -1.7721679999999999e+001	
  3.7420000000000000e+009	 -1.7434570000000001e+001	
  3.7442000000000000e+009	 -1.7277339999999999e+001	
  3.7464000000000000e+009	 -1.7198239999999998e+001	
  3.7486000000000000e+009	 -1.7076170000000001e+001	
  3.7508000000000000e+009	 -1.7018550000000001e+001	
  3.7530000000000000e+009	 -1.6991209999999999e+001	
  3.7552000000000000e+009	 -1.6970700000000001e+001	
  3.7574000000000000e+009	 -1.6878910000000001e+001	
  3.7596000000000000e+009	 -1.6766600000000000e+001	
  3.7618000000000000e+009	 -1.6580079999999999e+001	
  3.7640000000000000e+009	 -1.6423829999999999e+001	
  3.7662000000000000e+009	 -1.6072260000000000e+001	
  3.7684000000000000e+009	 -1.5701660000000000e+001	
  3.7706000000000000e+009	 -1.5312500000000000e+001	
  3.7728000000000000e+009	 -1.4773440000000001e+001	
  3.7750000000000000e+009	 -1.4163090000000000e+001	
  3.7772000000000000e+009	 -1.3429690000000001e+001	
  3.7794000000000000e+009	 -1.2848140000000001e+001	
  3.7816000000000000e+009	 -1.2074710000000000e+001	
  3.7838000000000000e+009	 -1.1368650000000001e+001	
  3.7860000000000000e+009	 -1.0685060000000000e+001	
  3.7882000000000000e+009	 -1.0031739999999999e+001	
  3.7904000000000000e+009	 -9.4228520000000007e+000	
  3.7926000000000000e+009	 -8.9389649999999996e+000	
  3.7948000000000000e+009	 -8.5839839999999992e+000	
  3.7970000000000000e+009	 -8.1547850000000004e+000	
  3.7992000000000000e+009	 -8.0419920000000005e+000	
  3.8014000000000000e+009	 -7.7822269999999998e+000	
  3.8036000000000000e+009	 -7.6196289999999998e+000	
  3.8058000000000000e+009	 -7.5610350000000004e+000	
  3.8080000000000000e+009	 -7.5000000000000000e+000	
  3.8102000000000000e+009	 -7.5600589999999999e+000	
  3.8124000000000000e+009	 -7.6533199999999999e+000	
  3.8146000000000000e+009	 -7.8354489999999997e+000	
  3.8168000000000000e+009	 -8.0507810000000006e+000	
  3.8190000000000000e+009	 -8.3432619999999993e+000	
  3.8212000000000000e+009	 -8.7031250000000000e+000	
  3.8234000000000000e+009	 -9.1621089999999992e+000	
  3.8256000000000000e+009	 -9.5781250000000000e+000	
  3.8278000000000000e+009	 -9.9760740000000006e+000	
  3.8300000000000000e+009	 -1.0400880000000001e+001	
  3.8322000000000000e+009	 -1.0866210000000001e+001	
  3.8344000000000000e+009	 -1.1272460000000001e+001	
  3.8366000000000000e+009	 -1.1700200000000001e+001	
  3.8388000000000000e+009	 -1.2047359999999999e+001	
  3.8410000000000000e+009	 -1.2405760000000001e+001	
  3.8432000000000000e+009	 -1.2710940000000001e+001	
  3.8454000000000000e+009	 -1.3009770000000000e+001	
  3.8476000000000000e+009	 -1.3255369999999999e+001	
  3.8498000000000000e+009	 -1.3461430000000000e+001	
  3.8520000000000000e+009	 -1.3705080000000001e+001	
  3.8542000000000000e+009	 -1.3735840000000000e+001	
  3.8564000000000000e+009	 -1.3812500000000000e+001	
  3.8586000000000000e+009	 -1.3909179999999999e+001	
  3.8608000000000000e+009	 -1.3893070000000000e+001	
  3.8630000000000000e+009	 -1.3914059999999999e+001	
  3.8652000000000000e+009	 -1.3953609999999999e+001	
  3.8674000000000000e+009	 -1.3980960000000000e+001	
  3.8696000000000000e+009	 -1.4049320000000000e+001	
  3.8718000000000000e+009	 -1.4148930000000000e+001	
  3.8740000000000000e+009	 -1.4328609999999999e+001	
  3.8762000000000000e+009	 -1.4466310000000000e+001	
  3.8784000000000000e+009	 -1.4647460000000001e+001	
  3.8806000000000000e+009	 -1.4965330000000000e+001	
  3.8828000000000000e+009	 -1.5237299999999999e+001	
  3.8850000000000000e+009	 -1.5554690000000001e+001	
  3.8872000000000000e+009	 -1.5862790000000000e+001	
  3.8894000000000000e+009	 -1.6191410000000001e+001	
  3.8916000000000000e+009	 -1.6496089999999999e+001	
  3.8938000000000000e+009	 -1.6770510000000002e+001	
  3.8960000000000000e+009	 -1.7002929999999999e+001	
  3.8982000000000000e+009	 -1.7191410000000001e+001	
  3.9004000000000000e+009	 -1.7390619999999998e+001	
  3.9026000000000000e+009	 -1.7485350000000000e+001	
  3.9048000000000000e+009	 -1.7595700000000001e+001	
  3.9070000000000000e+009	 -1.7739260000000002e+001	
  3.9092000000000000e+009	 -1.7685549999999999e+001	
  3.9114000000000000e+009	 -1.7783200000000001e+001	
  3.9136000000000000e+009	 -1.7752929999999999e+001	
  3.9158000000000000e+009	 -1.7720700000000001e+001	
  3.9180000000000000e+009	 -1.7762689999999999e+001	
  3.9202000000000000e+009	 -1.7729489999999998e+001	
  3.9224000000000000e+009	 -1.7704100000000000e+001	
  3.9246000000000000e+009	 -1.7650390000000002e+001	
  3.9268000000000000e+009	 -1.7559570000000001e+001	
  3.9290000000000000e+009	 -1.7487300000000001e+001	
  3.9312000000000000e+009	 -1.7372070000000001e+001	
  3.9334000000000000e+009	 -1.7228520000000000e+001	
  3.9356000000000000e+009	 -1.7064450000000001e+001	
  3.9378000000000000e+009	 -1.6974609999999998e+001	
  3.9400000000000000e+009	 -1.6842770000000002e+001	
  3.9422000000000000e+009	 -1.6678709999999999e+001	
  3.9444000000000000e+009	 -1.6591799999999999e+001	
  3.9466000000000000e+009	 -1.6590820000000001e+001	
  3.9488000000000000e+009	 -1.6602540000000001e+001	
  3.9510000000000000e+009	 -1.6614260000000002e+001	
  3.9532000000000000e+009	 -1.6744140000000002e+001	
  3.9554000000000000e+009	 -1.6917970000000000e+001	
  3.9576000000000000e+009	 -1.7131830000000001e+001	
  3.9598000000000000e+009	 -1.7346679999999999e+001	
  3.9620000000000000e+009	 -1.7586910000000000e+001	
  3.9642000000000000e+009	 -1.7827150000000000e+001	
  3.9664000000000000e+009	 -1.8013670000000001e+001	
  3.9686000000000000e+009	 -1.8214839999999999e+001	
  3.9708000000000000e+009	 -1.8347650000000002e+001	
  3.9730000000000000e+009	 -1.8389650000000000e+001	
  3.9752000000000000e+009	 -1.8435540000000000e+001	
  3.9774000000000000e+009	 -1.8310549999999999e+001	
  3.9796000000000000e+009	 -1.8238280000000000e+001	
  3.9818000000000000e+009	 -1.8075189999999999e+001	
  3.9840000000000000e+009	 -1.7878900000000002e+001	
  3.9862000000000000e+009	 -1.7612300000000001e+001	
  3.9884000000000000e+009	 -1.7338870000000000e+001	
  3.9906000000000000e+009	 -1.7013670000000001e+001	
  3.9928000000000000e+009	 -1.6660160000000001e+001	
  3.9950000000000000e+009	 -1.6327150000000000e+001	
  3.9972000000000000e+009	 -1.5997560000000000e+001	
  3.9994000000000000e+009	 -1.5765630000000000e+001	
  4.0016000000000000e+009	 -1.5504390000000001e+001	
  4.0038000000000000e+009	 -1.5192869999999999e+001	
  4.0060000000000000e+009	 -1.5030760000000001e+001	
  4.0082000000000000e+009	 -1.4988770000000001e+001	
  4.0104000000000000e+009	 -1.4974610000000000e+001	
  4.0126000000000000e+009	 -1.4889650000000000e+001	
  4.0148000000000000e+009	 -1.4967770000000000e+001	
  4.0170000000000000e+009	 -1.4964359999999999e+001	
  4.0192000000000000e+009	 -1.5058590000000001e+001	
  4.0214000000000000e+009	 -1.5166020000000000e+001	
  4.0236000000000000e+009	 -1.5174799999999999e+001	
  4.0258000000000000e+009	 -1.5272460000000001e+001	
  4.0280000000000000e+009	 -1.5334470000000000e+001	
  4.0302000000000000e+009	 -1.5341799999999999e+001	
  4.0324000000000000e+009	 -1.5302730000000000e+001	
  4.0346000000000000e+009	 -1.5250980000000000e+001	
  4.0368000000000000e+009	 -1.5153810000000000e+001	
  4.0390000000000000e+009	 -1.5028320000000001e+001	
  4.0412000000000000e+009	 -1.4754880000000000e+001	
  4.0434000000000000e+009	 -1.4537599999999999e+001	
  4.0456000000000000e+009	 -1.4252929999999999e+001	
  4.0478000000000000e+009	 -1.4014650000000000e+001	
  4.0500000000000000e+009	 -1.3620609999999999e+001	
  4.0522000000000000e+009	 -1.3290039999999999e+001	
  4.0544000000000000e+009	 -1.2932620000000000e+001	
  4.0566000000000000e+009	 -1.2587400000000001e+001	
  4.0588000000000000e+009	 -1.2270510000000000e+001	
  4.0610000000000000e+009	 -1.1985840000000000e+001	
  4.0632000000000000e+009	 -1.1709470000000000e+001	
  4.0654000000000000e+009	 -1.1437989999999999e+001	
  4.0676000000000000e+009	 -1.1206049999999999e+001	
  4.0698000000000000e+009	 -1.1087400000000001e+001	
  4.0720000000000000e+009	 -1.0909179999999999e+001	
  4.0742000000000000e+009	 -1.0862790000000000e+001	
  4.0764000000000000e+009	 -1.0673340000000000e+001	
  4.0786000000000000e+009	 -1.0592770000000000e+001	
  4.0808000000000000e+009	 -1.0493650000000001e+001	
  4.0830000000000000e+009	 -1.0416499999999999e+001	
  4.0852000000000000e+009	 -1.0353030000000000e+001	
  4.0874000000000000e+009	 -1.0315429999999999e+001	
  4.0896000000000000e+009	 -1.0229490000000000e+001	
  4.0918000000000000e+009	 -1.0191409999999999e+001	
  4.0940000000000000e+009	 -1.0092290000000000e+001	
  4.0962000000000000e+009	 -1.0201169999999999e+001	
  4.0984000000000000e+009	 -1.0238280000000000e+001	
  4.1006000000000000e+009	 -1.0308590000000001e+001	
  4.1028000000000000e+009	 -1.0414059999999999e+001	
  4.1050000000000000e+009	 -1.0543460000000000e+001	
  4.1072000000000000e+009	 -1.0733400000000000e+001	
  4.1094000000000000e+009	 -1.0960940000000001e+001	
  4.1116000000000000e+009	 -1.1151370000000000e+001	
  4.1138000000000000e+009	 -1.1492190000000001e+001	
  4.1160000000000000e+009	 -1.1760740000000000e+001	
  4.1182000000000000e+009	 -1.2127440000000000e+001	
  4.1204000000000000e+009	 -1.2428220000000000e+001	
  4.1226000000000000e+009	 -1.2740720000000000e+001	
  4.1248000000000000e+009	 -1.3115720000000000e+001	
  4.1270000000000000e+009	 -1.3355960000000000e+001	
  4.1292000000000000e+009	 -1.3613770000000001e+001	
  4.1314000000000000e+009	 -1.3825680000000000e+001	
  4.1336000000000000e+009	 -1.3971679999999999e+001	
  4.1358000000000000e+009	 -1.4109380000000000e+001	
  4.1380000000000000e+009	 -1.4221190000000000e+001	
  4.1402000000000000e+009	 -1.4266109999999999e+001	
  4.1424000000000000e+009	 -1.4295410000000000e+001	
  4.1446000000000000e+009	 -1.4261229999999999e+001	
  4.1468000000000000e+009	 -1.4421880000000000e+001	
  4.1490000000000000e+009	 -1.4402340000000001e+001	
  4.1512000000000000e+009	 -1.4570309999999999e+001	
  4.1534000000000000e+009	 -1.4712890000000000e+001	
  4.1556000000000000e+009	 -1.4946780000000000e+001	
  4.1578000000000000e+009	 -1.5222170000000000e+001	
  4.1600000000000000e+009	 -1.5593750000000000e+001	
  4.1622000000000000e+009	 -1.5965330000000000e+001	
  4.1644000000000000e+009	 -1.6407229999999998e+001	
  4.1666000000000000e+009	 -1.6800780000000000e+001	
  4.1688000000000000e+009	 -1.7200189999999999e+001	
  4.1710000000000000e+009	 -1.7645510000000002e+001	
  4.1732000000000000e+009	 -1.7994140000000002e+001	
  4.1754000000000000e+009	 -1.8236329999999999e+001	
  4.1776000000000000e+009	 -1.8495120000000000e+001	
  4.1798000000000000e+009	 -1.8665040000000001e+001	
  4.1820000000000000e+009	 -1.8862300000000001e+001	
  4.1842000000000000e+009	 -1.8945309999999999e+001	
  4.1864000000000000e+009	 -1.8994140000000002e+001	
  4.1886000000000000e+009	 -1.9017579999999999e+001	
  4.1908000000000000e+009	 -1.9036130000000000e+001	
  4.1930000000000000e+009	 -1.9012689999999999e+001	
  4.1952000000000000e+009	 -1.8950199999999999e+001	
  4.1974000000000000e+009	 -1.8894530000000000e+001	
  4.1996000000000000e+009	 -1.8782219999999999e+001	
  4.2018000000000000e+009	 -1.8702150000000000e+001	
  4.2040000000000000e+009	 -1.8627929999999999e+001	
  4.2062000000000000e+009	 -1.8608400000000000e+001	
  4.2084000000000000e+009	 -1.8409179999999999e+001	
  4.2106000000000000e+009	 -1.8419920000000001e+001	
  4.2128000000000000e+009	 -1.8393550000000001e+001	
  4.2150000000000000e+009	 -1.8368160000000000e+001	
  4.2172000000000000e+009	 -1.8497070000000001e+001	
  4.2194000000000000e+009	 -1.8642579999999999e+001	
  4.2216000000000000e+009	 -1.8828130000000002e+001	
  4.2238000000000000e+009	 -1.9041010000000000e+001	
  4.2260000000000000e+009	 -1.9332030000000000e+001	
  4.2282000000000000e+009	 -1.9729489999999998e+001	
  4.2304000000000000e+009	 -2.0121089999999999e+001	
  4.2326000000000000e+009	 -2.0411130000000000e+001	
  4.2348000000000000e+009	 -2.0892579999999999e+001	
  4.2370000000000000e+009	 -2.1187500000000000e+001	
  4.2392000000000000e+009	 -2.1434570000000001e+001	
  4.2414000000000000e+009	 -2.1604489999999998e+001	
  4.2436000000000000e+009	 -2.1789059999999999e+001	
  4.2458000000000000e+009	 -2.1942380000000000e+001	
  4.2480000000000000e+009	 -2.1954100000000000e+001	
  4.2502000000000000e+009	 -2.2055660000000000e+001	
  4.2524000000000000e+009	 -2.2038080000000001e+001	
  4.2546000000000000e+009	 -2.1950189999999999e+001	
  4.2568000000000000e+009	 -2.1920900000000000e+001	
  4.2590000000000000e+009	 -2.1872070000000001e+001	
  4.2612000000000000e+009	 -2.1807620000000000e+001	
  4.2634000000000000e+009	 -2.1825189999999999e+001	
  4.2656000000000000e+009	 -2.1820309999999999e+001	
  4.2678000000000000e+009	 -2.1821290000000001e+001	
  4.2700000000000000e+009	 -2.1853510000000000e+001	
  4.2722000000000000e+009	 -2.1925780000000000e+001	
  4.2744000000000000e+009	 -2.1986329999999999e+001	
  4.2766000000000000e+009	 -2.2144530000000000e+001	
  4.2788000000000000e+009	 -2.2219719999999999e+001	
  4.2810000000000000e+009	 -2.2334959999999999e+001	
  4.2832000000000000e+009	 -2.2325199999999999e+001	
  4.2854000000000000e+009	 -2.2377929999999999e+001	
  4.2876000000000000e+009	 -2.2391600000000000e+001	
  4.2898000000000000e+009	 -2.2305669999999999e+001	
  4.2920000000000000e+009	 -2.2339839999999999e+001	
  4.2942000000000000e+009	 -2.2279299999999999e+001	
  4.2964000000000000e+009	 -2.2255859999999998e+001	
  4.2986000000000000e+009	 -2.2254880000000000e+001	
  4.3008000000000000e+009	 -2.2250000000000000e+001	
  4.3030000000000000e+009	 -2.2397459999999999e+001	
  4.3052000000000000e+009	 -2.2492180000000001e+001	
  4.3074000000000000e+009	 -2.2728510000000000e+001	
  4.3096000000000000e+009	 -2.2884760000000000e+001	
  4.3118000000000000e+009	 -2.3250000000000000e+001	
  4.3140000000000000e+009	 -2.3525390000000002e+001	
  4.3162000000000000e+009	 -2.3884760000000000e+001	
  4.3184000000000000e+009	 -2.4225580000000001e+001	
  4.3206000000000000e+009	 -2.4526370000000000e+001	
  4.3228000000000000e+009	 -2.4743160000000000e+001	
  4.3250000000000000e+009	 -2.4951170000000001e+001	
  4.3272000000000000e+009	 -2.5108390000000000e+001	
  4.3294000000000000e+009	 -2.5122070000000001e+001	
  4.3316000000000000e+009	 -2.5174800000000001e+001	
  4.3338000000000000e+009	 -2.5100580000000001e+001	
  4.3360000000000000e+009	 -2.4995120000000000e+001	
  4.3382000000000000e+009	 -2.4770510000000002e+001	
  4.3404000000000000e+009	 -2.4567380000000000e+001	
  4.3426000000000000e+009	 -2.4264650000000000e+001	
  4.3448000000000000e+009	 -2.3954100000000000e+001	
  4.3470000000000000e+009	 -2.3642579999999999e+001	
  4.3492000000000000e+009	 -2.3464839999999999e+001	
  4.3514000000000000e+009	 -2.3224609999999998e+001	
  4.3536000000000000e+009	 -2.3110350000000000e+001	
  4.3558000000000000e+009	 -2.3053709999999999e+001	
  4.3580000000000000e+009	 -2.3082030000000000e+001	
  4.3602000000000000e+009	 -2.3139650000000000e+001	
  4.3624000000000000e+009	 -2.3372070000000001e+001	
  4.3646000000000000e+009	 -2.3603520000000000e+001	
  4.3668000000000000e+009	 -2.3809570000000001e+001	
  4.3690000000000000e+009	 -2.4132809999999999e+001	
  4.3712000000000000e+009	 -2.4475580000000001e+001	
  4.3734000000000000e+009	 -2.4777339999999999e+001	
  4.3756000000000000e+009	 -2.5001950000000001e+001	
  4.3778000000000000e+009	 -2.5234380000000002e+001	
  4.3800000000000000e+009	 -2.5509760000000000e+001	
  4.3822000000000000e+009	 -2.5728510000000000e+001	
  4.3844000000000000e+009	 -2.5873049999999999e+001	
  4.3866000000000000e+009	 -2.6017579999999999e+001	
  4.3888000000000000e+009	 -2.6131830000000001e+001	
  4.3910000000000000e+009	 -2.6137699999999999e+001	
  4.3932000000000000e+009	 -2.6179690000000001e+001	
  4.3954000000000000e+009	 -2.6162109999999998e+001	
  4.3976000000000000e+009	 -2.6078119999999998e+001	
  4.3998000000000000e+009	 -2.5910150000000002e+001	
  4.4020000000000000e+009	 -2.5740230000000000e+001	
  4.4042000000000000e+009	 -2.5397459999999999e+001	
  4.4064000000000000e+009	 -2.5224609999999998e+001	
  4.4086000000000000e+009	 -2.5018550000000001e+001	
  4.4108000000000000e+009	 -2.4757809999999999e+001	
  4.4130000000000000e+009	 -2.4515619999999998e+001	
  4.4152000000000000e+009	 -2.4286130000000000e+001	
  4.4174000000000000e+009	 -2.4144530000000000e+001	
  4.4196000000000000e+009	 -2.4072270000000000e+001	
  4.4218000000000000e+009	 -2.4039059999999999e+001	
  4.4240000000000000e+009	 -2.4143550000000001e+001	
  4.4262000000000000e+009	 -2.4211910000000000e+001	
  4.4284000000000000e+009	 -2.4420900000000000e+001	
  4.4306000000000000e+009	 -2.4609380000000002e+001	
  4.4328000000000000e+009	 -2.4831050000000001e+001	
  4.4350000000000000e+009	 -2.5095700000000001e+001	
  4.4372000000000000e+009	 -2.5381830000000001e+001	
  4.4394000000000000e+009	 -2.5570309999999999e+001	
  4.4416000000000000e+009	 -2.5723630000000000e+001	
  4.4438000000000000e+009	 -2.5845700000000001e+001	
  4.4460000000000000e+009	 -2.5937500000000000e+001	
  4.4482000000000000e+009	 -2.5920900000000000e+001	
  4.4504000000000000e+009	 -2.5957030000000000e+001	
  4.4526000000000000e+009	 -2.5894530000000000e+001	
  4.4548000000000000e+009	 -2.5844729999999998e+001	
  4.4570000000000000e+009	 -2.5727540000000001e+001	
  4.4592000000000000e+009	 -2.5665040000000001e+001	
  4.4614000000000000e+009	 -2.5541989999999998e+001	
  4.4636000000000000e+009	 -2.5488280000000000e+001	
  4.4658000000000000e+009	 -2.5401360000000000e+001	
  4.4680000000000000e+009	 -2.5399410000000000e+001	
  4.4702000000000000e+009	 -2.5370120000000000e+001	
  4.4724000000000000e+009	 -2.5365230000000000e+001	
  4.4746000000000000e+009	 -2.5352540000000001e+001	
  4.4768000000000000e+009	 -2.5351559999999999e+001	
  4.4790000000000000e+009	 -2.5317380000000000e+001	
  4.4812000000000000e+009	 -2.5274410000000000e+001	
  4.4834000000000000e+009	 -2.5211910000000000e+001	
  4.4856000000000000e+009	 -2.5059570000000001e+001	
  4.4878000000000000e+009	 -2.4923829999999999e+001	
  4.4900000000000000e+009	 -2.4651370000000000e+001	
  4.4922000000000000e+009	 -2.4500979999999998e+001	
  4.4944000000000000e+009	 -2.4280270000000002e+001	
  4.4966000000000000e+009	 -2.4008790000000001e+001	
  4.4988000000000000e+009	 -2.3940429999999999e+001	
  4.5010000000000000e+009	 -2.3890619999999998e+001	
  4.5032000000000000e+009	 -2.3692380000000000e+001	
  4.5054000000000000e+009	 -2.3733400000000000e+001	
  4.5076000000000000e+009	 -2.3806640000000002e+001	
  4.5098000000000000e+009	 -2.3942380000000000e+001	
  4.5120000000000000e+009	 -2.4135739999999998e+001	
  4.5142000000000000e+009	 -2.4323239999999998e+001	
  4.5164000000000000e+009	 -2.4591790000000000e+001	
  4.5186000000000000e+009	 -2.4754880000000000e+001	
  4.5208000000000000e+009	 -2.4778320000000001e+001	
  4.5230000000000000e+009	 -2.4915040000000001e+001	
  4.5252000000000000e+009	 -2.4860350000000000e+001	
  4.5274000000000000e+009	 -2.4725580000000001e+001	
  4.5296000000000000e+009	 -2.4535160000000001e+001	
  4.5318000000000000e+009	 -2.4751950000000001e+001	
  4.5340000000000000e+009	 -2.6168939999999999e+001	
  4.5362000000000000e+009	 -2.8354489999999998e+001	
  4.5384000000000000e+009	 -2.9354489999999998e+001	
  4.5406000000000000e+009	 -2.8995110000000000e+001	
  4.5428000000000000e+009	 -2.8266600000000000e+001	
  4.5450000000000000e+009	 -2.7529299999999999e+001	
  4.5472000000000000e+009	 -2.6831050000000001e+001	
  4.5494000000000000e+009	 -2.6238280000000000e+001	
  4.5516000000000000e+009	 -2.5791020000000000e+001	
  4.5538000000000000e+009	 -2.5284179999999999e+001	
  4.5560000000000000e+009	 -2.5007809999999999e+001	
  4.5582000000000000e+009	 -2.4750000000000000e+001	
  4.5604000000000000e+009	 -2.4602540000000001e+001	
  4.5626000000000000e+009	 -2.4473630000000000e+001	
  4.5648000000000000e+009	 -2.4481439999999999e+001	
  4.5670000000000000e+009	 -2.4562500000000000e+001	
  4.5692000000000000e+009	 -2.4641600000000000e+001	
  4.5714000000000000e+009	 -2.4754880000000000e+001	
  4.5736000000000000e+009	 -2.4957030000000000e+001	
  4.5758000000000000e+009	 -2.5146480000000000e+001	
  4.5780000000000000e+009	 -2.5365230000000000e+001	
  4.5802000000000000e+009	 -2.5536130000000000e+001	
  4.5824000000000000e+009	 -2.5673829999999999e+001	
  4.5846000000000000e+009	 -2.5854489999999998e+001	
  4.5868000000000000e+009	 -2.5910150000000002e+001	
  4.5890000000000000e+009	 -2.5975580000000001e+001	
  4.5912000000000000e+009	 -2.5968750000000000e+001	
  4.5934000000000000e+009	 -2.6057620000000000e+001	
  4.5956000000000000e+009	 -2.5833980000000000e+001	
  4.5978000000000000e+009	 -2.5780270000000002e+001	
  4.6000000000000000e+009	 -2.5549800000000001e+001	
  4.6022000000000000e+009	 -2.5361329999999999e+001	
  4.6044000000000000e+009	 -2.5046869999999998e+001	
  4.6066000000000000e+009	 -2.4737300000000001e+001	
  4.6088000000000000e+009	 -2.4446290000000001e+001	
  4.6110000000000000e+009	 -2.4112300000000001e+001	
  4.6132000000000000e+009	 -2.3858400000000000e+001	
  4.6154000000000000e+009	 -2.3510739999999998e+001	
  4.6176000000000000e+009	 -2.3300780000000000e+001	
  4.6198000000000000e+009	 -2.3143550000000001e+001	
  4.6220000000000000e+009	 -2.3040040000000001e+001	
  4.6242000000000000e+009	 -2.2932620000000000e+001	
  4.6264000000000000e+009	 -2.2988280000000000e+001	
  4.6286000000000000e+009	 -2.3116209999999999e+001	
  4.6308000000000000e+009	 -2.3115230000000000e+001	
  4.6330000000000000e+009	 -2.3207030000000000e+001	
  4.6352000000000000e+009	 -2.3343750000000000e+001	
  4.6374000000000000e+009	 -2.3425780000000000e+001	
  4.6396000000000000e+009	 -2.3429680000000001e+001	
  4.6418000000000000e+009	 -2.3450189999999999e+001	
  4.6440000000000000e+009	 -2.3459959999999999e+001	
  4.6462000000000000e+009	 -2.3410150000000002e+001	
  4.6484000000000000e+009	 -2.3367190000000001e+001	
  4.6506000000000000e+009	 -2.3297850000000000e+001	
  4.6528000000000000e+009	 -2.3124020000000002e+001	
  4.6550000000000000e+009	 -2.3048829999999999e+001	
  4.6572000000000000e+009	 -2.3019530000000000e+001	
  4.6594000000000000e+009	 -2.2964839999999999e+001	
  4.6616000000000000e+009	 -2.2911130000000000e+001	
  4.6638000000000000e+009	 -2.2895510000000002e+001	
  4.6660000000000000e+009	 -2.2879880000000000e+001	
  4.6682000000000000e+009	 -2.2868160000000000e+001	
  4.6704000000000000e+009	 -2.2865230000000000e+001	
  4.6726000000000000e+009	 -2.2878900000000002e+001	
  4.6748000000000000e+009	 -2.2842770000000002e+001	
  4.6770000000000000e+009	 -2.2808589999999999e+001	
  4.6792000000000000e+009	 -2.2737300000000001e+001	
  4.6814000000000000e+009	 -2.2600580000000001e+001	
  4.6836000000000000e+009	 -2.2431640000000002e+001	
  4.6858000000000000e+009	 -2.2198239999999998e+001	
  4.6880000000000000e+009	 -2.1915040000000001e+001	
  4.6902000000000000e+009	 -2.1647459999999999e+001	
  4.6924000000000000e+009	 -2.1334959999999999e+001	
  4.6946000000000000e+009	 -2.1096679999999999e+001	
  4.6968000000000000e+009	 -2.0691400000000002e+001	
  4.6990000000000000e+009	 -2.0414059999999999e+001	
  4.7012000000000000e+009	 -2.0245120000000000e+001	
  4.7034000000000000e+009	 -2.0069340000000000e+001	
  4.7056000000000000e+009	 -1.9937500000000000e+001	
  4.7078000000000000e+009	 -1.9898440000000001e+001	
  4.7100000000000000e+009	 -1.9795900000000000e+001	
  4.7122000000000000e+009	 -1.9858400000000000e+001	
  4.7144000000000000e+009	 -1.9971679999999999e+001	
  4.7166000000000000e+009	 -2.0193359999999998e+001	
  4.7188000000000000e+009	 -2.0283200000000001e+001	
  4.7210000000000000e+009	 -2.0380859999999998e+001	
  4.7232000000000000e+009	 -2.0612300000000001e+001	
  4.7254000000000000e+009	 -2.0666010000000000e+001	
  4.7276000000000000e+009	 -2.0708990000000000e+001	
  4.7298000000000000e+009	 -2.0723630000000000e+001	
  4.7320000000000000e+009	 -2.0733400000000000e+001	
  4.7342000000000000e+009	 -2.0678709999999999e+001	
  4.7364000000000000e+009	 -2.0570309999999999e+001	
  4.7386000000000000e+009	 -2.0393550000000001e+001	
  4.7408000000000000e+009	 -2.0201170000000001e+001	
  4.7430000000000000e+009	 -1.9965820000000001e+001	
  4.7452000000000000e+009	 -1.9608400000000000e+001	
  4.7474000000000000e+009	 -1.9304690000000001e+001	
  4.7496000000000000e+009	 -1.8960940000000001e+001	
  4.7518000000000000e+009	 -1.8547850000000000e+001	
  4.7540000000000000e+009	 -1.8226559999999999e+001	
  4.7562000000000000e+009	 -1.7771480000000000e+001	
  4.7584000000000000e+009	 -1.7278320000000001e+001	
  4.7606000000000000e+009	 -1.7023440000000001e+001	
  4.7628000000000000e+009	 -1.6703119999999998e+001	
  4.7650000000000000e+009	 -1.6448239999999998e+001	
  4.7672000000000000e+009	 -1.6304690000000001e+001	
  4.7694000000000000e+009	 -1.6192380000000000e+001	
  4.7716000000000000e+009	 -1.6174800000000001e+001	
  4.7738000000000000e+009	 -1.6266600000000000e+001	
  4.7760000000000000e+009	 -1.6408200000000001e+001	
  4.7782000000000000e+009	 -1.6506830000000001e+001	
  4.7804000000000000e+009	 -1.6699220000000000e+001	
  4.7826000000000000e+009	 -1.6919920000000001e+001	
  4.7848000000000000e+009	 -1.6997070000000001e+001	
  4.7870000000000000e+009	 -1.7061520000000002e+001	
  4.7892000000000000e+009	 -1.7133790000000001e+001	
  4.7914000000000000e+009	 -1.7074220000000000e+001	
  4.7936000000000000e+009	 -1.6982420000000001e+001	
  4.7958000000000000e+009	 -1.6737300000000001e+001	
  4.7980000000000000e+009	 -1.6482420000000001e+001	
  4.8002000000000000e+009	 -1.6131830000000001e+001	
  4.8024000000000000e+009	 -1.5731930000000000e+001	
  4.8046000000000000e+009	 -1.5272950000000000e+001	
  4.8068000000000000e+009	 -1.4783690000000000e+001	
  4.8090000000000000e+009	 -1.4327150000000000e+001	
  4.8112000000000000e+009	 -1.3917970000000000e+001	
  4.8134000000000000e+009	 -1.3377440000000000e+001	
  4.8156000000000000e+009	 -1.3077640000000001e+001	
  4.8178000000000000e+009	 -1.2812010000000001e+001	
  4.8200000000000000e+009	 -1.2563960000000000e+001	
  4.8222000000000000e+009	 -1.2298340000000000e+001	
  4.8244000000000000e+009	 -1.2143070000000000e+001	
  4.8266000000000000e+009	 -1.2008300000000000e+001	
  4.8288000000000000e+009	 -1.1856930000000000e+001	
  4.8310000000000000e+009	 -1.1701660000000000e+001	
  4.8332000000000000e+009	 -1.1516600000000000e+001	
  4.8354000000000000e+009	 -1.1331049999999999e+001	
  4.8376000000000000e+009	 -1.0997560000000000e+001	
  4.8398000000000000e+009	 -1.0844239999999999e+001	
  4.8420000000000000e+009	 -1.0476559999999999e+001	
  4.8442000000000000e+009	 -1.0221190000000000e+001	
  4.8464000000000000e+009	 -9.8862299999999994e+000	
  4.8486000000000000e+009	 -9.5703130000000005e+000	
  4.8508000000000000e+009	 -9.3486329999999995e+000	
  4.8530000000000000e+009	 -9.0429689999999994e+000	
  4.8552000000000000e+009	 -8.8066410000000008e+000	
  4.8574000000000000e+009	 -8.6005859999999998e+000	
  4.8596000000000000e+009	 -8.3715820000000001e+000	
  4.8618000000000000e+009	 -8.2392579999999995e+000	
  4.8640000000000000e+009	 -8.0219729999999991e+000	
  4.8662000000000000e+009	 -7.8408199999999999e+000	
  4.8684000000000000e+009	 -7.6311039999999997e+000	
  4.8706000000000000e+009	 -7.4079590000000000e+000	
  4.8728000000000000e+009	 -7.2299800000000003e+000	
  4.8750000000000000e+009	 -6.9670410000000000e+000	
  4.8772000000000000e+009	 -6.9121090000000001e+000	
  4.8794000000000000e+009	 -6.7961429999999998e+000	
  4.8816000000000000e+009	 -6.7746579999999996e+000	
  4.8838000000000000e+009	 -6.7875980000000000e+000	
  4.8860000000000000e+009	 -6.8508300000000002e+000	
  4.8882000000000000e+009	 -7.0234379999999996e+000	
  4.8904000000000000e+009	 -7.1584469999999998e+000	
  4.8926000000000000e+009	 -7.2929690000000003e+000	
  4.8948000000000000e+009	 -7.4189449999999999e+000	
  4.8970000000000000e+009	 -7.5847170000000004e+000	
  4.8992000000000000e+009	 -7.6433109999999997e+000	
  4.9014000000000000e+009	 -7.7189940000000004e+000	
  4.9036000000000000e+009	 -7.8559570000000001e+000	
  4.9058000000000000e+009	 -8.0117189999999994e+000	
  4.9080000000000000e+009	 -8.1132810000000006e+000	
  4.9102000000000000e+009	 -8.2866210000000002e+000	
  4.9124000000000000e+009	 -8.4907229999999991e+000	
  4.9146000000000000e+009	 -8.8007810000000006e+000	
  4.9168000000000000e+009	 -9.1186520000000009e+000	
  4.9190000000000000e+009	 -9.4492189999999994e+000	
  4.9212000000000000e+009	 -9.9023439999999994e+000	
  4.9234000000000000e+009	 -1.0396970000000000e+001	
  4.9256000000000000e+009	 -1.0885249999999999e+001	
  4.9278000000000000e+009	 -1.1453609999999999e+001	
  4.9300000000000000e+009	 -1.1898440000000001e+001	
  4.9322000000000000e+009	 -1.2489750000000001e+001	
  4.9344000000000000e+009	 -1.3002929999999999e+001	
  4.9366000000000000e+009	 -1.3527830000000000e+001	
  4.9388000000000000e+009	 -1.4037110000000000e+001	
  4.9410000000000000e+009	 -1.4481450000000001e+001	
  4.9432000000000000e+009	 -1.4801760000000000e+001	
  4.9454000000000000e+009	 -1.5231450000000001e+001	
  4.9476000000000000e+009	 -1.5450200000000001e+001	
  4.9498000000000000e+009	 -1.5656250000000000e+001	
  4.9520000000000000e+009	 -1.5967290000000000e+001	
  4.9542000000000000e+009	 -1.6088870000000000e+001	
  4.9564000000000000e+009	 -1.6195309999999999e+001	
  4.9586000000000000e+009	 -1.6278320000000001e+001	
  4.9608000000000000e+009	 -1.6084959999999999e+001	
  4.9630000000000000e+009	 -1.6149410000000000e+001	
  4.9652000000000000e+009	 -1.6083010000000002e+001	
  4.9674000000000000e+009	 -1.5927730000000000e+001	
  4.9696000000000000e+009	 -1.5959470000000000e+001	
  4.9718000000000000e+009	 -1.5951169999999999e+001	
  4.9740000000000000e+009	 -1.6093750000000000e+001	
  4.9762000000000000e+009	 -1.6109369999999998e+001	
  4.9784000000000000e+009	 -1.6492190000000001e+001	
  4.9806000000000000e+009	 -1.6655270000000002e+001	
  4.9828000000000000e+009	 -1.6974609999999998e+001	
  4.9850000000000000e+009	 -1.7210940000000001e+001	
  4.9872000000000000e+009	 -1.7803709999999999e+001	
  4.9894000000000000e+009	 -1.8139650000000000e+001	
  4.9916000000000000e+009	 -1.8649410000000000e+001	
  4.9938000000000000e+009	 -1.8896480000000000e+001	
  4.9960000000000000e+009	 -1.9285150000000002e+001	
  4.9982000000000000e+009	 -1.9644530000000000e+001	
  5.0004000000000000e+009	 -1.9927730000000000e+001	
  5.0026000000000000e+009	 -2.0154290000000000e+001	
  5.0048000000000000e+009	 -2.0297850000000000e+001	
  5.0070000000000000e+009	 -2.0508790000000001e+001	
  5.0092000000000000e+009	 -2.0477540000000001e+001	
  5.0114000000000000e+009	 -2.0646480000000000e+001	
  5.0136000000000000e+009	 -2.0579100000000000e+001	
  5.0158000000000000e+009	 -2.0603510000000000e+001	
  5.0180000000000000e+009	 -2.0666010000000000e+001	
  5.0202000000000000e+009	 -2.0681640000000002e+001	
  5.0224000000000000e+009	 -2.0697260000000000e+001	
  5.0246000000000000e+009	 -2.0801760000000002e+001	
  5.0268000000000000e+009	 -2.0713870000000000e+001	
  5.0290000000000000e+009	 -2.0780270000000002e+001	
  5.0312000000000000e+009	 -2.0847650000000002e+001	
  5.0334000000000000e+009	 -2.0833980000000000e+001	
  5.0356000000000000e+009	 -2.0872070000000001e+001	
  5.0378000000000000e+009	 -2.0910150000000002e+001	
  5.0400000000000000e+009	 -2.0936520000000002e+001	
  5.0422000000000000e+009	 -2.1042970000000000e+001	
  5.0444000000000000e+009	 -2.1033200000000001e+001	
  5.0466000000000000e+009	 -2.1043939999999999e+001	
  5.0488000000000000e+009	 -2.1001950000000001e+001	
  5.0510000000000000e+009	 -2.1045900000000000e+001	
  5.0532000000000000e+009	 -2.1175780000000000e+001	
  5.0554000000000000e+009	 -2.1224609999999998e+001	
  5.0576000000000000e+009	 -2.1389650000000000e+001	
  5.0598000000000000e+009	 -2.1536130000000000e+001	
  5.0620000000000000e+009	 -2.1764650000000000e+001	
  5.0642000000000000e+009	 -2.1993169999999999e+001	
  5.0664000000000000e+009	 -2.2202150000000000e+001	
  5.0686000000000000e+009	 -2.2484369999999998e+001	
  5.0708000000000000e+009	 -2.2797850000000000e+001	
  5.0730000000000000e+009	 -2.3060549999999999e+001	
  5.0752000000000000e+009	 -2.3250979999999998e+001	
  5.0774000000000000e+009	 -2.3555669999999999e+001	
  5.0796000000000000e+009	 -2.3782219999999999e+001	
  5.0818000000000000e+009	 -2.3940429999999999e+001	
  5.0840000000000000e+009	 -2.4080079999999999e+001	
  5.0862000000000000e+009	 -2.4097650000000002e+001	
  5.0884000000000000e+009	 -2.4165040000000001e+001	
  5.0906000000000000e+009	 -2.4060540000000000e+001	
  5.0928000000000000e+009	 -2.3943359999999998e+001	
  5.0950000000000000e+009	 -2.3747070000000001e+001	
  5.0972000000000000e+009	 -2.3572260000000000e+001	
  5.0994000000000000e+009	 -2.3320309999999999e+001	
  5.1016000000000000e+009	 -2.3051760000000002e+001	
  5.1038000000000000e+009	 -2.2757809999999999e+001	
  5.1060000000000000e+009	 -2.2546869999999998e+001	
  5.1082000000000000e+009	 -2.2307620000000000e+001	
  5.1104000000000000e+009	 -2.2118160000000000e+001	
  5.1126000000000000e+009	 -2.1903320000000001e+001	
  5.1148000000000000e+009	 -2.1936520000000002e+001	
  5.1170000000000000e+009	 -2.1925780000000000e+001	
  5.1192000000000000e+009	 -2.2005859999999998e+001	
  5.1214000000000000e+009	 -2.2130859999999998e+001	
  5.1236000000000000e+009	 -2.2305669999999999e+001	
  5.1258000000000000e+009	 -2.2653320000000001e+001	
  5.1280000000000000e+009	 -2.2940429999999999e+001	
  5.1302000000000000e+009	 -2.3231439999999999e+001	
  5.1324000000000000e+009	 -2.3589839999999999e+001	
  5.1346000000000000e+009	 -2.3879880000000000e+001	
  5.1368000000000000e+009	 -2.4136710000000001e+001	
  5.1390000000000000e+009	 -2.4399410000000000e+001	
  5.1412000000000000e+009	 -2.4657229999999998e+001	
  5.1434000000000000e+009	 -2.4798829999999999e+001	
  5.1456000000000000e+009	 -2.4912109999999998e+001	
  5.1478000000000000e+009	 -2.4938469999999999e+001	
  5.1500000000000000e+009	 -2.4929690000000001e+001	
  5.1522000000000000e+009	 -2.4842770000000002e+001	
  5.1544000000000000e+009	 -2.4730470000000000e+001	
  5.1566000000000000e+009	 -2.4556640000000002e+001	
  5.1588000000000000e+009	 -2.4392579999999999e+001	
  5.1610000000000000e+009	 -2.4252929999999999e+001	
  5.1632000000000000e+009	 -2.4099609999999998e+001	
  5.1654000000000000e+009	 -2.4044920000000001e+001	
  5.1676000000000000e+009	 -2.3954100000000000e+001	
  5.1698000000000000e+009	 -2.3917970000000000e+001	
  5.1720000000000000e+009	 -2.3801760000000002e+001	
  5.1742000000000000e+009	 -2.3702150000000000e+001	
  5.1764000000000000e+009	 -2.3567380000000000e+001	
  5.1786000000000000e+009	 -2.3529299999999999e+001	
  5.1808000000000000e+009	 -2.3515630000000002e+001	
  5.1830000000000000e+009	 -2.3573239999999998e+001	
  5.1852000000000000e+009	 -2.3723630000000000e+001	
  5.1874000000000000e+009	 -2.3860350000000000e+001	
  5.1896000000000000e+009	 -2.4096679999999999e+001	
  5.1918000000000000e+009	 -2.4282229999999998e+001	
  5.1940000000000000e+009	 -2.4499020000000002e+001	
  5.1962000000000000e+009	 -2.4694330000000001e+001	
  5.1984000000000000e+009	 -2.4875969999999999e+001	
  5.2006000000000000e+009	 -2.5033200000000001e+001	
  5.2028000000000000e+009	 -2.5180660000000000e+001	
  5.2050000000000000e+009	 -2.5327150000000000e+001	
  5.2072000000000000e+009	 -2.5430660000000000e+001	
  5.2094000000000000e+009	 -2.5416989999999998e+001	
  5.2116000000000000e+009	 -2.5429690000000001e+001	
  5.2138000000000000e+009	 -2.5426749999999998e+001	
  5.2160000000000000e+009	 -2.5508790000000001e+001	
  5.2182000000000000e+009	 -2.5507809999999999e+001	
  5.2204000000000000e+009	 -2.5376950000000001e+001	
  5.2226000000000000e+009	 -2.5251950000000001e+001	
  5.2248000000000000e+009	 -2.5168939999999999e+001	
  5.2270000000000000e+009	 -2.5004880000000000e+001	
  5.2292000000000000e+009	 -2.4796869999999998e+001	
  5.2314000000000000e+009	 -2.4614260000000002e+001	
  5.2336000000000000e+009	 -2.4390619999999998e+001	
  5.2358000000000000e+009	 -2.4112300000000001e+001	
  5.2380000000000000e+009	 -2.3899410000000000e+001	
  5.2402000000000000e+009	 -2.3707999999999998e+001	
  5.2424000000000000e+009	 -2.3390619999999998e+001	
  5.2446000000000000e+009	 -2.3301760000000002e+001	
  5.2468000000000000e+009	 -2.3109369999999998e+001	
  5.2490000000000000e+009	 -2.3130859999999998e+001	
  5.2512000000000000e+009	 -2.3056640000000002e+001	
  5.2534000000000000e+009	 -2.3129880000000000e+001	
  5.2556000000000000e+009	 -2.3229489999999998e+001	
  5.2578000000000000e+009	 -2.3394530000000000e+001	
  5.2600000000000000e+009	 -2.3627929999999999e+001	
